[[[ 1.60173795e-09  1.94902425e-09  5.74556137e-09  7.73374640e-09
    1.15642013e-08  2.73599335e-09  2.99851594e-09  1.76069171e-09
    1.31643287e-08  2.23947048e-08]
  [ 3.00000028e+00  3.00000000e+00  3.00000000e+00  3.00000012e+00
    3.00000016e+00  3.00000009e+00  3.00000095e+00  3.00000000e+00
    3.00000000e+00  3.00000006e+00]
  [-1.04028421e+01 -2.76589732e+00 -1.04028230e+01 -1.04028508e+01
   -3.72430034e+00 -3.72430034e+00 -1.04028585e+01 -1.04028225e+01
   -2.75193356e+00 -1.04028408e+01]]

 [[ 1.00602121e-09  2.71586247e-10  4.95664153e-10  5.46093735e-08
    1.58091684e-08  6.68729588e-09  6.54468952e-11  1.90490538e-10
    3.54262627e-08  6.75832871e-09]
  [ 3.00000000e+00  3.00000003e+00  3.00000010e+00  3.00000000e+00
    3.00000001e+00  3.00000002e+00  3.00000000e+00  3.00000004e+00
    3.00000011e+00  3.00000001e+00]
  [-2.75193356e+00 -1.04029135e+01 -2.76589733e+00 -2.76589733e+00
   -1.04029160e+01 -2.75193356e+00 -1.04028302e+01 -5.12882280e+00
   -5.12882274e+00 -5.08767180e+00]]

 [[ 6.11669395e-09  5.05279139e-08  1.40119836e-07  9.40386723e-08
    6.92375549e-10  4.11986093e-07  1.98026036e-07  9.01167378e-09
    1.42418858e-07  1.23202361e-07]
  [ 3.00000059e+00  3.00000000e+00  3.00000011e+00  3.00000000e+00
    3.00000000e+00  3.00000003e+00  3.00000000e+00  3.00000025e+00
    3.00000032e+00  3.00000004e+00]
  [-5.12882278e+00 -1.04029244e+01 -1.04028777e+01 -2.75193356e+00
   -1.04028689e+01 -2.76589731e+00 -1.04028861e+01 -2.75193356e+00
   -1.04028613e+01 -1.04028015e+01]]

 [[ 9.06617836e-08  1.22856209e-08  1.73919586e-09  2.85738033e-07
    1.97654864e-07  4.57889987e-08  2.35638459e-08  1.56612497e-08
    1.80811426e-07  1.26324114e-12]
  [ 3.00000000e+00  3.00000012e+00  3.00000023e+00  3.00000006e+00
    3.00000000e+00  3.00000000e+00  3.00000011e+00  3.00000024e+00
    3.00000000e+00  3.00000000e+00]
  [-1.04029185e+01 -5.12882280e+00 -1.04028668e+01 -2.75193355e+00
   -2.75193356e+00 -3.72430033e+00 -2.75193356e+00 -1.04029320e+01
   -1.04028269e+01 -3.72430033e+00]]

 [[ 1.84556704e-08  1.04694244e-07  5.20903878e-09  2.78664604e-07
    1.18788770e-07  5.80629534e-09  2.30346391e-08  2.06985605e-09
    1.11730958e-08  1.01620161e-08]
  [ 3.00000000e+00  3.00000116e+00  3.00000006e+00  3.00000000e+00
    3.00000000e+00  3.00000064e+00  3.00000019e+00  3.00000000e+00
    3.00000031e+00  3.00000000e+00]
  [-2.76589731e+00 -2.75193354e+00 -1.04029066e+01 -3.72430032e+00
   -5.08767182e+00 -3.72430033e+00 -1.04029190e+01 -5.08767174e+00
   -1.04029337e+01 -1.04028452e+01]]

 [[ 2.00969708e-07  5.29455962e-07  1.15851407e-07  1.58451383e-06
    2.97180871e-13  9.43070965e-07  9.69869131e-07  6.86874960e-08
    1.95893562e-07  1.36356333e-07]
  [ 3.00000209e+00  3.00000092e+00  3.00000012e+00  3.00000000e+00
    3.00000000e+00  3.00000000e+00  3.00000391e+00  3.00000000e+00
    3.00000000e+00  3.00000052e+00]
  [-1.04028745e+01 -1.04029099e+01 -1.04028765e+01 -1.04028051e+01
   -2.75193356e+00 -5.12882279e+00 -1.04028010e+01 -3.72430032e+00
   -1.04028325e+01 -1.04028191e+01]]

 [[ 2.96927364e-07  2.00030620e-07  1.42649627e-06  6.11138759e-07
    2.56229172e-09  2.36237578e-07  3.21115790e-07  3.11663743e-07
    6.92764942e-08  1.85039305e-07]
  [ 3.00000000e+00  3.00000000e+00  3.00000030e+00  3.00000000e+00
    3.00000012e+00  3.00000001e+00  3.00000000e+00  3.00000000e+00
    3.00000000e+00  3.00000000e+00]
  [-1.04029084e+01 -1.04028734e+01 -1.04028893e+01 -1.04029400e+01
   -2.75193356e+00 -3.72430032e+00 -3.72430002e+00 -5.12882277e+00
   -5.12882279e+00 -5.12882280e+00]]

 [[ 5.57331261e-08  1.00689745e-06  2.67159105e-07  5.08757520e-07
    1.41815446e-07  4.31441811e-07  2.90340097e-09  5.99228427e-07
    1.35823575e-07  4.82536880e-07]
  [ 3.00000000e+00  3.00000004e+00  3.00000000e+00  3.00000000e+00
    3.00000000e+00  3.00000016e+00  3.00000000e+00  3.00000000e+00
    3.00000001e+00  3.00000993e+00]
  [-2.75193331e+00 -2.75193353e+00 -3.72430030e+00 -1.04028582e+01
   -1.04029382e+01 -1.04028252e+01 -3.72430006e+00 -5.12882200e+00
   -2.76589732e+00 -1.04028825e+01]]

 [[ 3.76540227e-13  3.06763786e-14  3.13354633e-14  1.44785937e-13
    7.59216526e-14  1.25425491e-12  8.46720655e-13  9.72810475e-14
    1.17133543e-12  2.81667681e-12]
  [ 3.00000000e+00  3.00000000e+00  3.00000000e+00  3.00000000e+00
    3.00000000e+00  3.00000000e+00  3.00000000e+00  3.00000000e+00
    3.00000000e+00  3.00000000e+00]
  [-2.76589733e+00 -1.04028780e+01 -1.04028091e+01 -1.04028215e+01
   -1.04028186e+01 -1.04028458e+01 -5.12882280e+00 -2.76589733e+00
   -1.04028210e+01 -3.72430035e+00]]

 [[ 4.18316099e-13  6.04454323e-13  6.52945442e-14  4.89275090e-13
    6.33305138e-13  2.27229994e-13  3.66572467e-12  7.26220914e-14
    1.61798274e-13  3.48707730e-13]
  [ 3.00000000e+00  3.00000000e+00  3.00000000e+00  3.00000000e+00
    3.00000000e+00  3.00000000e+00  3.00000000e+00  3.00000000e+00
    3.00000000e+00  3.00000000e+00]
  [-1.04028413e+01 -3.72430035e+00 -1.04028028e+01 -1.04028056e+01
   -1.04028322e+01 -3.72430035e+00 -1.04028063e+01 -1.04028319e+01
   -2.76589733e+00 -5.08767183e+00]]

 [[ 2.70059171e-14  7.96138547e-13  3.03406002e-15  5.80567534e-13
    8.86500564e-14  7.28996358e-14  5.42352642e-13  3.68501835e-14
    2.02575897e-13  1.99591132e-14]
  [ 3.00000000e+00  3.00000000e+00  3.00000000e+00  3.00000000e+00
    3.00000000e+00  3.00000000e+00  3.00000000e+01  3.00000000e+00
    3.00000000e+00  3.00000000e+00]
  [-1.04028828e+01 -5.08767183e+00 -1.04028250e+01 -3.72430035e+00
   -1.04028404e+01 -1.83759297e+00 -3.72430035e+00 -2.76589733e+00
   -5.12882280e+00 -1.04028407e+01]]

 [[ 1.53953722e-09  1.14944183e-10  2.60523867e-12  4.16367650e-12
    2.48635880e-10  1.13527054e-11  1.17831264e-11  3.81910396e-11
    1.25222272e-10  8.21620696e-10]
  [ 3.00000000e+00  3.00000000e+00  3.00000000e+00  3.00000000e+00
    3.00000000e+00  3.00000000e+00  3.00000000e+00  3.00000000e+00
    3.00000000e+00  3.00000000e+00]
  [-3.72430035e+00 -5.12882280e+00 -2.75193356e+00 -3.72430035e+00
   -1.04028999e+01 -2.76589733e+00 -1.04028795e+01 -3.72430035e+00
   -1.04028897e+01 -2.75193356e+00]]

 [[ 3.19328139e-12  1.17006662e-12  6.20876989e-11  1.75508289e-10
    1.72971891e-12  2.15630160e-10  5.94413797e-11  5.34164534e-10
    2.57191256e-12  4.33656355e-10]
  [ 3.00000000e+00  3.00000000e+00  3.00000000e+00  3.00000000e+00
    3.00000000e+00  3.00000000e+00  3.00000000e+00  3.00000000e+00
    3.00000000e+00  3.00000000e+00]
  [-1.04028048e+01 -3.72430035e+00 -2.75193356e+00 -1.04028121e+01
   -2.75193356e+00 -1.04029056e+01 -1.04028679e+01 -1.04028758e+01
   -5.12882280e+00 -2.75193356e+00]]

 [[ 9.02132118e-10  1.84700526e-11  8.98908209e-12  5.14839670e-11
    2.58422812e-10  7.06924453e-11  9.76841137e-11  7.27615975e-12
    1.01774068e-10  7.09252146e-12]
  [ 3.00000000e+00  3.00000000e+00  3.00000000e+00  3.00000000e+00
    3.00000001e+00  3.00000000e+00  3.00000000e+00  3.00000000e+00
    3.00000000e+00  3.00000000e+00]
  [-2.75193356e+00 -2.75193356e+00 -5.12882280e+00 -3.72430035e+00
   -2.75193356e+00 -3.72430035e+00 -2.75193356e+00 -1.04028792e+01
   -2.76589733e+00 -2.76589733e+00]]

 [[ 1.68635077e-09  1.33106233e-09  4.32735406e-10  2.05517717e-09
    1.35498949e-10  3.95592842e-09  1.04210857e-09  2.30304681e-10
    7.23340134e-10  3.14012922e-10]
  [ 3.00000000e+00  3.00000000e+00  3.00000000e+00  3.00000000e+00
    3.00000000e+00  3.00000001e+00  3.00000000e+00  3.00000000e+00
    3.00000000e+00  3.00000000e+00]
  [-1.04028063e+01 -2.76589733e+00 -1.04028317e+01 -1.04028713e+01
   -3.72430035e+00 -1.04028045e+01 -3.72430035e+00 -2.75193356e+00
   -1.04029391e+01 -1.04028316e+01]]

 [[ 8.99256000e-10  3.59891515e-09  6.52822264e-10  1.73645088e-10
    5.70874197e-10  8.50504350e-10  4.82051254e-10  9.04872507e-11
    8.44757184e-10  6.60069905e-11]
  [ 3.00000000e+00  3.00000000e+00  3.00000003e+00  3.00000000e+00
    3.00000000e+00  3.00000000e+00  3.00000000e+00  3.00000000e+00
    3.00000000e+00  3.00000000e+00]
  [-1.04029189e+01 -1.04028558e+01 -1.04028067e+01 -1.04028059e+01
   -3.72430035e+00 -1.04028837e+01 -1.04028246e+01 -1.04028969e+01
   -2.76589733e+00 -1.04028398e+01]]

 [[ 8.68880908e-10  3.55323616e-10  7.04372793e-10  1.30335102e-09
    2.08000101e-11  6.74335738e-12  2.68975798e-09  9.79944984e-10
    5.48798608e-10  1.73915741e-10]
  [ 3.00000001e+00  3.00000001e+00  3.00000000e+00  3.00000001e+00
    3.00000001e+00  3.00000000e+00  3.00000000e+00  3.00000000e+00
    3.00000000e+00  3.00000001e+00]
  [-5.12882280e+00 -2.76589733e+00 -1.04028133e+01 -1.04029302e+01
   -1.04028590e+01 -2.75193356e+00 -1.04028024e+01 -2.75193356e+00
   -2.75193356e+00 -5.08767183e+00]]

 [[ 1.64363276e-08  1.79723859e-09  2.13215396e-09  2.57035562e-10
    1.89856541e-09  1.16334453e-11  8.23339911e-11  7.31201736e-10
    7.09529212e-10  5.00675613e-10]
  [ 3.00000002e+00  3.00000003e+00  3.00000000e+00  3.00000003e+00
    3.00000007e+00  3.00000004e+00  3.00000000e+00  3.00000002e+00
    3.00000000e+00  3.00000001e+00]
  [-3.72430034e+00 -2.75193356e+00 -1.04029082e+01 -1.04029204e+01
   -1.04029217e+01 -1.04028819e+01 -2.76589733e+00 -2.76589733e+00
   -3.72430035e+00 -1.04029346e+01]]

 [[ 6.99062862e-10  4.80928366e-09  2.01808726e-10  7.19930941e-09
    7.64489616e-11  3.59119901e-10  6.38305698e-10  1.53985816e-10
    3.32700160e-09  4.29879169e-10]
  [ 3.00000004e+00  3.00000001e+00  3.00000001e+00  3.00000000e+00
    3.00000000e+00  3.00000001e+00  3.00000003e+00  3.00000000e+00
    3.00000000e+00  3.00000001e+00]
  [-2.76589733e+00 -3.72430035e+00 -5.12882280e+00 -3.72430032e+00
   -1.04029147e+01 -1.04029396e+01 -1.04028526e+01 -2.75193356e+00
   -1.04028603e+01 -1.04028731e+01]]

 [[ 3.48712358e-10  6.39821894e-09  1.71988532e-10  2.17871694e-09
    6.68885868e-10  3.33371500e-09  2.05944078e-10  4.78959585e-09
    2.94067799e-11  8.96500912e-10]
  [ 3.00000001e+00  3.00000004e+00  3.00000001e+00  3.00000001e+00
    3.00000000e+00  3.00000004e+00  3.00000002e+00  3.00000000e+00
    3.00000001e+00  3.00000000e+00]
  [-1.04028304e+01 -1.04028069e+01 -2.76589733e+00 -1.04028094e+01
   -2.76589733e+00 -2.75193356e+00 -2.75193356e+00 -2.76589733e+00
   -1.83759297e+00 -5.12882280e+00]]

 [[ 1.31067188e-09  5.16379256e-09  3.96291142e-08  1.10472430e-08
    3.75432160e-10  1.19954111e-08  8.55494589e-08  1.14849437e-08
    1.26920297e-08  2.40655397e-08]
  [ 3.00000000e+00  3.00000002e+00  3.00000000e+00  3.00000000e+00
    3.00000022e+00  3.00000002e+00  3.00000017e+00  3.00000013e+00
    3.00000077e+00  3.00000003e+00]
  [-1.04028707e+01 -1.04029002e+01 -1.04028112e+01 -1.04028491e+01
   -3.72430025e+00 -1.04028666e+01 -3.72430035e+00 -1.04028764e+01
   -2.76589733e+00 -2.75193355e+00]]

 [[ 7.85068682e-09  2.63539343e-09  1.30171068e-08  3.26091175e-09
    1.30789714e-10  1.66267680e-08  2.03152797e-08  7.01120254e-09
    5.94039964e-09  4.48526059e-09]
  [ 3.00000003e+00  3.00000002e+00  3.00000003e+00  3.00000060e+00
    3.00000042e+00  3.00000002e+00  3.00000008e+00  3.00000001e+00
    3.00000002e+00  3.00000000e+00]
  [-1.04028381e+01 -1.04029026e+01 -5.12882267e+00 -2.76589733e+00
   -1.04029315e+01 -3.72430034e+00 -5.08767182e+00 -2.75193356e+00
   -3.72430035e+00 -1.04028037e+01]]

 [[ 4.87380934e-08  1.45944007e-08  7.54475198e-08  6.67561240e-10
    9.09184486e-11  3.46466121e-09  6.93801792e-10  3.99611814e-09
    6.23060150e-10  2.11666591e-09]
  [ 3.00000012e+00  3.00000000e+00  3.00000097e+00  3.00000001e+00
    3.00000017e+00  3.00000000e+00  3.00000004e+00  3.00000085e+00
    3.00000000e+00  3.00000000e+00]
  [-1.04029265e+01 -5.08767183e+00 -2.76589733e+00 -2.76589733e+00
   -2.75193355e+00 -1.04028646e+01 -2.76589733e+00 -2.76589732e+00
   -2.75193356e+00 -5.08767183e+00]]

 [[ 2.37979302e-09  1.40234237e-08  1.72452454e-09  7.05514754e-08
    4.46088703e-08  1.61318075e-09  3.89930301e-09  4.28798496e-08
    1.63210033e-07  7.25345231e-08]
  [ 3.00000023e+00  3.00000024e+00  3.00000000e+00  3.00000072e+00
    3.00000045e+00  3.00000000e+00  3.00000088e+00  3.00000001e+00
    3.00000001e+00  3.00000007e+00]
  [-1.04028914e+01 -1.04029168e+01 -2.75193351e+00 -3.72430034e+00
   -1.04028606e+01 -2.75193351e+00 -1.04029147e+01 -1.04028035e+01
   -5.08767183e+00 -2.75193356e+00]]

 [[ 2.15513364e-07  2.70793465e-08  1.53405710e-07  2.40544159e-09
    2.03198749e-08  3.66871500e-09  1.07583602e-07  1.77999068e-08
    1.32354330e-08  7.33733179e-09]
  [ 3.00000000e+00  3.00000001e+00  3.00000007e+00  3.00000001e+00
    3.00000078e+00  3.00000335e+00  3.00000047e+00  3.00000026e+00
    3.00000016e+00  3.00000151e+00]
  [-2.75193356e+00 -2.76589731e+00 -2.75193355e+00 -1.04028578e+01
   -2.76589714e+00 -3.72430032e+00 -2.76589732e+00 -5.08767178e+00
   -1.04028901e+01 -1.04029170e+01]]

 [[ 3.33551381e-08  7.32138576e-08  2.80690046e-08  5.76075874e-07
    1.66314589e-07  2.35734225e-08  2.04089997e-09  7.71208099e-08
    2.59861918e-08  3.30821600e-08]
  [ 3.00000311e+00  3.00000022e+00  3.00000000e+00  3.00000644e+00
    3.00000013e+00  3.00000435e+00  3.00000026e+00  3.00000146e+00
    3.00000169e+00  3.00000092e+00]
  [-1.04029227e+01 -5.08767181e+00 -3.72428497e+00 -3.72430034e+00
   -2.76589733e+00 -2.75193356e+00 -1.04028487e+01 -2.76589733e+00
   -2.76589731e+00 -1.04028184e+01]]

 [[ 8.52151177e-14  3.12517433e-13  2.81547221e-14  4.65242398e-14
    2.18236256e-13  1.21126949e-13  1.52581712e-12  1.97094958e-13
    3.34648754e-12  4.97650216e-13]
  [ 3.00000000e+00  3.00000000e+00  3.00000000e+00  3.00000000e+00
    3.00000000e+00  3.00000000e+00  3.00000000e+00  3.00000000e+00
    3.00000000e+00  3.00000000e+00]
  [-2.76589733e+00 -2.76589733e+00 -2.75193356e+00 -5.12882280e+00
   -1.04028700e+01 -3.72430035e+00 -2.76589733e+00 -1.04028118e+01
   -2.75193356e+00 -1.04028011e+01]]

 [[ 5.73834888e-14  4.26687772e-14  5.20883816e-14  7.73587816e-15
    1.40897406e-14  3.32658069e-13  4.24887049e-12  1.23459935e-12
    1.26113750e-12  8.29471139e-13]
  [ 3.00000000e+00  3.00000000e+00  3.00000000e+00  3.00000000e+00
    3.00000000e+00  3.00000000e+00  3.00000000e+00  3.00000000e+00
    3.00000000e+00  3.00000000e+00]
  [-3.72430035e+00 -1.04028217e+01 -3.72430035e+00 -2.75193356e+00
   -1.04028980e+01 -1.04028029e+01 -1.04028307e+01 -1.04028179e+01
   -5.12882280e+00 -1.04028354e+01]]

 [[ 3.80391023e-13  1.27670223e-14  5.45503187e-14  7.25747530e-14
    2.60020514e-13  7.01342424e-14  2.34641253e-13  7.56250279e-13
    3.10896967e-13  1.74905254e-12]
  [ 3.00000000e+00  3.00000000e+00  3.00000000e+00  3.00000000e+00
    3.00000000e+00  3.00000000e+00  3.00000000e+00  3.00000000e+00
    3.00000000e+00  3.00000000e+00]
  [-1.04028287e+01 -2.76589733e+00 -2.75193356e+00 -2.75193356e+00
   -1.04028470e+01 -1.04028002e+01 -1.04028722e+01 -2.75193356e+00
   -5.12882280e+00 -1.04028018e+01]]

 [[ 1.78560433e-10  2.37911038e-11  4.93393699e-10  1.64790573e-10
    3.05125535e-10  7.97889975e-11  1.88170435e-10  1.75370665e-10
    2.92028774e-10  2.94750562e-12]
  [ 3.00000000e+00  3.00000000e+00  3.00000000e+00  3.00000000e+00
    3.00000000e+00  3.00000000e+00  3.00000000e+00  3.00000000e+00
    3.00000000e+00  3.00000000e+00]
  [-5.12882280e+00 -2.76589733e+00 -1.04028258e+01 -1.04028020e+01
   -1.04029389e+01 -1.04028057e+01 -1.04028433e+01 -3.72430035e+00
   -5.12882280e+00 -1.04029278e+01]]

 [[ 2.51114275e-10  1.19593854e-11  1.32357490e-09  4.55073507e-11
    5.91855562e-11  1.28619298e-09  1.44915651e-09  7.86441379e-12
    1.18600462e-09  3.82072037e-10]
  [ 3.00000000e+00  3.00000000e+00  3.00000000e+00  3.00000000e+00
    3.00000000e+00  3.00000000e+00  3.00000000e+00  3.00000000e+00
    3.00000000e+00  3.00000000e+00]
  [-3.72430035e+00 -1.04028112e+01 -1.04028520e+01 -1.04028034e+01
   -1.04028275e+01 -2.76589733e+00 -1.04029094e+01 -2.76589733e+00
   -1.04028031e+01 -2.76589733e+00]]

 [[ 2.65004684e-11  4.71241406e-11  8.96187255e-10  3.87997556e-11
    5.76823359e-12  3.09865024e-10  4.39377611e-10  3.24107441e-10
    1.01355080e-10  8.02180827e-11]
  [ 3.00000000e+00  3.00000000e+00  3.00000000e+00  3.00000000e+00
    3.00000000e+00  3.00000000e+00  3.00000000e+00  3.00000000e+00
    3.00000000e+00  3.00000000e+00]
  [-2.76589733e+00 -2.76589733e+00 -2.75193356e+00 -1.04028935e+01
   -1.04028036e+01 -1.04028786e+01 -1.04028003e+01 -2.76589733e+00
   -2.76589733e+00 -2.76589733e+00]]

 [[ 6.25945149e-09  5.55147106e-10  1.24129368e-12  7.23314931e-10
    1.20229961e-09  5.82730899e-11  2.91591652e-09  9.38419733e-10
    2.58850363e-10  9.33146813e-10]
  [ 3.00000001e+00  3.00000000e+00  3.00000000e+00  3.00000000e+00
    3.00000000e+00  3.00000000e+00  3.00000000e+00  3.00000001e+00
    3.00000000e+00  3.00000000e+00]
  [-3.72430035e+00 -1.04028475e+01 -1.83759297e+00 -5.12882280e+00
   -2.76589733e+00 -1.04028634e+01 -1.04028184e+01 -1.04028155e+01
   -1.04028972e+01 -2.76589733e+00]]

 [[ 2.91475399e-09  1.59279696e-09  5.43375132e-11  1.88365388e-09
    1.00054000e-09  7.07250268e-10  6.98146473e-10  3.73392773e-10
    1.04229297e-09  1.57220657e-10]
  [ 3.00000000e+00  3.00000000e+00  3.00000000e+00  3.00000000e+00
    3.00000000e+00  3.00000000e+00  3.00000001e+00  3.00000000e+00
    3.00000000e+00  3.00000000e+00]
  [-2.75193356e+00 -1.04028145e+01 -2.76589733e+00 -2.76589733e+00
   -1.04028882e+01 -1.04028698e+01 -1.04028743e+01 -1.04029335e+01
   -1.04028005e+01 -1.04028812e+01]]

 [[ 3.79253326e-10  8.94603218e-10  6.28140324e-11  7.89372288e-09
    2.17511918e-11  3.86687827e-10  7.08878859e-11  8.96020174e-11
    4.90790818e-10  1.36171511e-10]
  [ 3.00000000e+00  3.00000001e+00  3.00000000e+00  3.00000000e+00
    3.00000000e+00  3.00000002e+00  3.00000002e+00  3.00000000e+00
    3.00000000e+00  3.00000000e+00]
  [-2.76589733e+00 -1.04028821e+01 -2.76589733e+00 -1.04028243e+01
   -2.76589733e+00 -1.04028564e+01 -2.75193356e+00 -5.08767182e+00
   -1.04028793e+01 -1.04029193e+01]]

 [[ 3.84000645e-09  1.09635266e-08  9.37710549e-10  2.30909773e-08
    1.08660237e-09  3.68772612e-09  1.79691269e-09  2.18721420e-08
    3.21686186e-09  6.50032328e-10]
  [ 3.00000000e+00  3.00000000e+00  3.00000000e+00  3.00000001e+00
    3.00000000e+00  3.00000000e+00  3.00000000e+00  3.00000000e+00
    3.00000003e+00  3.00000000e+00]
  [-1.04028822e+01 -2.75193356e+00 -5.08767182e+00 -1.04028867e+01
   -3.72430035e+00 -1.04028010e+01 -1.83759297e+00 -2.76589733e+00
   -1.04029119e+01 -5.12882279e+00]]

 [[ 2.36114721e-09  1.03409227e-08  1.83289504e-09  1.31880066e-08
    1.28808116e-09  1.32436049e-10  5.40846837e-09  1.10600608e-09
    3.31158488e-10  3.03821920e-10]
  [ 3.00000000e+00  3.00000000e+00  3.00000000e+00  3.00000000e+00
    3.00000000e+00  3.00000000e+00  3.00000005e+00  3.00000000e+00
    3.00000000e+00  3.00000000e+00]
  [-3.72430032e+00 -1.04028304e+01 -1.04028241e+01 -2.76589733e+00
   -3.72430033e+00 -5.12882280e+00 -2.75193356e+00 -2.76589733e+00
   -3.72430035e+00 -3.72430034e+00]]

 [[ 1.25872976e-09  7.91050138e-09  6.68685513e-09  2.69957268e-09
    2.48719294e-09  6.30180061e-10  3.93980458e-09  1.07357402e-09
    5.62711230e-10  1.45214821e-09]
  [ 3.00000002e+00  3.00000000e+00  3.00000000e+00  3.00000000e+00
    3.00000000e+00  3.00000004e+00  3.00000000e+00  3.00000000e+00
    3.00000000e+00  3.00000000e+00]
  [-2.75193356e+00 -1.04028536e+01 -5.08767182e+00 -1.04028897e+01
   -5.08767183e+00 -1.83759297e+00 -1.04029020e+01 -3.72430035e+00
   -5.08767183e+00 -2.75193356e+00]]

 [[ 3.19600750e-09  5.71087751e-09  1.23408663e-09  2.01616136e-08
    6.23321716e-09  1.63615988e-08  6.65373879e-09  4.90173816e-09
    7.75150965e-10  2.78458512e-08]
  [ 3.00000003e+00  3.00000003e+00  3.00000000e+00  3.00000004e+00
    3.00000000e+00  3.00000000e+00  3.00000003e+00  3.00000000e+00
    3.00000000e+00  3.00000000e+00]
  [-5.12882280e+00 -1.04028195e+01 -2.75193356e+00 -2.75193356e+00
   -2.76589733e+00 -5.12882278e+00 -5.12882261e+00 -2.75193356e+00
   -1.04028694e+01 -5.12882280e+00]]

 [[ 4.82409223e-09  7.18869085e-09  1.34630695e-08  1.41220604e-07
    1.26510904e-09  7.71412179e-08  1.44082282e-09  5.95426395e-09
    8.55055393e-08  1.12634119e-08]
  [ 3.00000000e+00  3.00000000e+00  3.00000000e+00  3.00000000e+00
    3.00000006e+00  3.00000000e+00  3.00000000e+00  3.00000000e+00
    3.00000000e+00  3.00000000e+00]
  [-5.08767175e+00 -2.75193355e+00 -5.12882279e+00 -1.04028117e+01
   -1.04028727e+01 -2.75193354e+00 -2.75193356e+00 -1.04029343e+01
   -1.04029380e+01 -5.12882275e+00]]

 [[ 1.96467103e-08  3.55020894e-09  1.29043105e-08  1.78700355e-09
    9.23961825e-09  8.36528296e-09  2.34342067e-09  1.71545801e-08
    9.64734294e-10  4.88348231e-09]
  [ 3.00000006e+00  3.00000000e+00  3.00000000e+00  3.00000000e+00
    3.00000032e+00  3.00000000e+00  3.00000000e+00  3.00000000e+00
    3.00000000e+00  3.00000000e+00]
  [-1.04028445e+01 -2.75193356e+00 -1.04029299e+01 -2.75193356e+00
   -2.75193356e+00 -2.76589733e+00 -2.76589733e+00 -2.76589733e+00
   -1.04028132e+01 -1.04028157e+01]]

 [[ 1.00667597e-07  5.43060160e-09  4.39866728e-08  3.55923976e-07
    4.21945324e-08  2.21582984e-08  2.88670040e-07  4.07281007e-08
    4.33114745e-08  9.01189181e-08]
  [ 3.00000011e+00  3.00000000e+00  3.00000048e+00  3.00000006e+00
    3.00000001e+00  3.00000007e+00  3.00000033e+00  3.00000002e+00
    3.00000000e+00  3.00000033e+00]
  [-1.04028712e+01 -5.12882269e+00 -2.75193346e+00 -1.04029365e+01
   -2.76589730e+00 -2.75193340e+00 -5.12882280e+00 -3.72430034e+00
   -1.04028985e+01 -1.04028484e+01]]

 [[ 1.08729049e-07  6.07760170e-09  3.19659466e-08  4.90666391e-08
    1.89850466e-07  1.52210686e-07  3.20126069e-07  7.49525491e-09
    1.81801757e-07  7.50114829e-08]
  [ 3.00000000e+00  3.00000000e+00  3.00000000e+00  3.00000000e+00
    3.00000000e+00  3.00000000e+00  3.00000024e+00  3.00000000e+00
    3.00000000e+00  3.00000000e+00]
  [-2.75193356e+00 -1.04028273e+01 -3.72429967e+00 -1.04028927e+01
   -1.04028874e+01 -1.04028306e+01 -2.76589732e+00 -5.08767183e+00
   -1.04028608e+01 -1.04028584e+01]]

 [[ 1.02021085e-08  1.09941498e-07  1.26113985e-07  1.56777343e-07
    2.68119415e-07  1.45879702e-08  3.54477075e-08  1.10902914e-08
    1.63853669e-09  6.08421373e-08]
  [ 3.00000000e+00  3.00000000e+00  3.00000005e+00  3.00000052e+00
    3.00000000e+00  3.00000000e+00  3.00000095e+00  3.00000002e+00
    3.00000002e+00  3.00000000e+00]
  [-5.12882267e+00 -2.76589733e+00 -1.04028316e+01 -5.12882278e+00
   -2.76589733e+00 -5.12882280e+00 -2.76589730e+00 -2.75193355e+00
   -5.12882272e+00 -1.04029073e+01]]

 [[ 2.27090617e-13  2.78438796e-13  1.05553224e-12  6.68294140e-14
    4.11496016e-13  1.05309779e-12  1.27186465e-12  3.65089911e-13
    2.46180671e-13  6.67030128e-13]
  [ 3.00000000e+00  3.00000000e+00  3.00000000e+00  3.00000000e+00
    3.00000000e+00  3.00000000e+00  3.00000000e+00  3.00000000e+00
    3.00000000e+00  3.00000000e+00]
  [-1.04028437e+01 -5.12882280e+00 -5.12882280e+00 -1.04028405e+01
   -1.04028630e+01 -1.04028352e+01 -2.75193356e+00 -1.04028043e+01
   -1.04028361e+01 -1.04028070e+01]]

 [[ 4.11821744e-14  1.05685757e-12  2.50160079e-12  7.66222128e-13
    1.06569851e-12  6.12365735e-13  2.48321842e-13  4.01012623e-13
    6.02684690e-13  4.90594591e-14]
  [ 3.00000000e+00  3.00000000e+00  3.00000000e+00  3.00000000e+00
    3.00000000e+00  3.00000000e+00  3.00000000e+00  3.00000000e+00
    3.00000000e+00  3.00000000e+00]
  [-1.04028195e+01 -1.04028578e+01 -2.76589733e+00 -1.04028760e+01
   -2.76589733e+00 -2.75193356e+00 -1.04028972e+01 -1.04028442e+01
   -2.75193356e+00 -1.04028334e+01]]

 [[ 3.69714216e-13  3.35384650e-13  3.98652024e-13  3.24731507e-14
    6.24199158e-14  5.67025617e-14  2.71728168e-13  3.73433088e-15
    1.88245089e-14  6.27532448e-13]
  [ 3.00000000e+01  3.00000000e+00  3.00000000e+00  3.00000000e+00
    3.00000000e+00  3.00000000e+00  3.00000000e+00  3.00000000e+00
    3.00000000e+00  3.00000000e+00]
  [-1.04028269e+01 -2.75193356e+00 -2.75193356e+00 -5.08767183e+00
   -2.76589733e+00 -2.75193356e+00 -3.72430035e+00 -5.08767183e+00
   -1.04028450e+01 -3.72430035e+00]]

 [[ 9.44721400e-11  1.50530125e-11  1.15674810e-10  3.75995180e-11
    3.73977552e-11  2.43630021e-10  5.08195414e-10  1.62867134e-12
    1.57995892e-10  1.61858448e-10]
  [ 3.00000000e+00  3.00000000e+00  3.00000000e+00  3.00000000e+00
    3.00000000e+00  3.00000000e+00  3.00000000e+00  3.00000000e+00
    3.00000000e+00  3.00000000e+00]
  [-1.04028810e+01 -2.76589733e+00 -5.08767183e+00 -1.04028014e+01
   -3.72430035e+00 -1.04028587e+01 -1.04028107e+01 -1.04028087e+01
   -2.75193356e+00 -2.75193356e+00]]

 [[ 3.30326629e-10  2.94767950e-11  3.69170358e-11  2.73985031e-10
    1.35265143e-10  1.79708463e-10  4.45980098e-11  2.63452956e-10
    1.09211224e-10  2.68424769e-10]
  [ 3.00000000e+00  3.00000000e+00  3.00000000e+00  3.00000000e+00
    3.00000000e+00  3.00000000e+00  3.00000001e+00  3.00000000e+00
    3.00000000e+00  3.00000000e+00]
  [-2.75193356e+00 -2.76589733e+00 -1.04028930e+01 -3.72430035e+00
   -2.76589733e+00 -1.04029036e+01 -1.04028037e+01 -2.76589733e+00
   -1.04028563e+01 -2.76589733e+00]]

 [[ 5.91257341e-12  2.70378436e-10  4.81146173e-11  3.29024802e-10
    9.31615587e-11  2.74654839e-16  5.76251416e-11  1.42107508e-11
    6.90924730e-11  1.42926142e-10]
  [ 3.00000000e+00  3.00000000e+00  3.00000002e+01  3.00000000e+00
    3.00000000e+00  3.00000000e+00  3.00000000e+00  3.00000000e+00
    3.00000000e+00  3.00000000e+00]
  [-2.75193356e+00 -2.76589733e+00 -2.76589733e+00 -2.75193356e+00
   -2.76589733e+00 -2.75193356e+00 -1.04028934e+01 -5.08767183e+00
   -3.72430035e+00 -2.76589733e+00]]

 [[ 1.99511130e-10  1.77510268e-10  3.60471662e-10  7.27922869e-10
    1.38265988e-11  4.20755226e-10  6.78678327e-11  2.32563594e-09
    1.09668479e-10  1.01321440e-09]
  [ 3.00000000e+00  3.00000000e+00  3.00000000e+00  3.00000000e+00
    3.00000000e+00  3.00000000e+00  3.00000000e+00  3.00000000e+00
    3.00000000e+00  3.00000000e+00]
  [-2.75193356e+00 -3.72430035e+00 -1.04028623e+01 -2.75193356e+00
   -1.04028819e+01 -2.75193356e+00 -2.75193356e+00 -1.04028863e+01
   -5.12882280e+00 -1.04028482e+01]]

 [[ 2.44311521e-09  1.08433252e-10  6.94824514e-10  8.38488473e-10
    3.97172110e-10  1.56252930e-10  1.61126064e-10  4.24868733e-10
    8.95905188e-10  4.26484264e-12]
  [ 3.00000000e+00  3.00000000e+00  3.00000002e+00  3.00000000e+00
    3.00000000e+00  3.00000000e+00  3.00000000e+00  3.00000001e+00
    3.00000000e+00  3.00000001e+00]
  [-1.04028985e+01 -1.83759297e+00 -3.72430035e+00 -1.04029221e+01
   -2.75193356e+00 -3.72430035e+00 -3.72430035e+00 -5.12882280e+00
   -1.04028506e+01 -3.72430035e+00]]

 [[ 1.37103022e-11  2.41094319e-09  1.51597000e-09  2.29604775e-09
    1.72102888e-09  1.51859660e-10  3.54063411e-11  1.31739505e-10
    2.35512991e-10  3.46794136e-09]
  [ 3.00000000e+00  3.00000000e+00  3.00000000e+00  3.00000000e+00
    3.00000000e+00  3.00000000e+00  3.00000001e+00  3.00000000e+00
    3.00000000e+00  3.00000000e+00]
  [-2.75193356e+00 -1.04029307e+01 -1.04028747e+01 -1.04028728e+01
   -2.75193356e+00 -1.04029003e+01 -5.12882279e+00 -1.04028404e+01
   -1.04028101e+01 -2.75193356e+00]]

 [[ 1.43429309e-10  1.24403046e-09  1.12292270e-09  8.58855527e-09
    7.61041279e-09  3.44969367e-09  8.73441471e-11  7.88892909e-10
    1.48584276e-09  6.91460450e-10]
  [ 3.00000000e+00  3.00000000e+00  3.00000000e+00  3.00000000e+00
    3.00000001e+00  3.00000000e+00  3.00000000e+00  3.00000001e+00
    3.00000000e+00  3.00000001e+00]
  [-2.76589733e+00 -1.04029156e+01 -1.04029357e+01 -2.75193356e+00
   -2.76589733e+00 -2.75193356e+00 -1.04028174e+01 -2.76589733e+00
   -1.04028197e+01 -5.12882280e+00]]

 [[ 2.04313917e-09  1.38583800e-10  4.56677100e-10  1.21414772e-10
    1.66616872e-09  1.44383817e-09  7.30980602e-10  7.24979200e-09
    3.88224047e-09  4.30960171e-10]
  [ 3.00000000e+00  3.00000000e+00  3.00000000e+00  3.00000000e+00
    3.00000001e+00  3.00000000e+00  3.00000000e+00  3.00000000e+00
    3.00000000e+00  3.00000000e+00]
  [-1.04029308e+01 -2.75193356e+00 -2.75193356e+00 -1.83759297e+00
   -1.04028191e+01 -1.04029235e+01 -2.76589733e+00 -1.04028743e+01
   -2.76589733e+00 -3.72430035e+00]]

 [[ 2.30855775e-08  3.62377425e-09  5.63793121e-09  4.32713503e-09
    1.19211186e-09  3.39157597e-09  1.26141877e-11  1.23314377e-09
    2.80897383e-09  4.11488644e-09]
  [ 3.00000000e+00  3.00000001e+00  3.00000001e+00  3.00000000e+00
    3.00000001e+00  3.00000000e+00  3.00000000e+00  3.00000000e+00
    3.00000000e+00  3.00000000e+00]
  [-2.76589733e+00 -1.04029400e+01 -3.72430035e+00 -1.04029317e+01
   -5.08767182e+00 -1.04029396e+01 -1.04028128e+01 -2.75193356e+00
   -1.04029257e+01 -5.12882280e+00]]

 [[ 1.90720183e-08  5.88071341e-09  2.35960811e-09  1.75497895e-08
    3.40529674e-09  3.97831329e-08  1.26124976e-10  3.61170138e-09
    4.22724724e-09  1.93122875e-08]
  [ 3.00000004e+00  3.00000000e+00  3.00000000e+00  3.00000006e+00
    3.00000007e+00  3.00000009e+00  3.00000014e+00  3.00000000e+00
    3.00000001e+00  3.00000002e+00]
  [-1.04028080e+01 -1.04028254e+01 -1.04028939e+01 -1.04028045e+01
   -2.76589726e+00 -1.04028384e+01 -1.04028592e+01 -1.04028174e+01
   -1.04029289e+01 -2.76589733e+00]]

 [[ 4.73315095e-09  2.92296171e-08  8.99813437e-09  1.93246251e-08
    1.21647965e-10  5.26771056e-09  8.36590960e-09  2.47073681e-08
    1.67770478e-08  7.73383744e-09]
  [ 3.00000003e+00  3.00000009e+00  3.00000000e+00  3.00000009e+00
    3.00000003e+00  3.00000000e+00  3.00000007e+00  3.00000000e+00
    3.00000005e+00  3.00000006e+00]
  [-5.08767181e+00 -1.04028636e+01 -1.04028012e+01 -2.76589733e+00
   -1.04028765e+01 -5.08767182e+00 -1.04029376e+01 -1.04028042e+01
   -1.04028091e+01 -1.04029033e+01]]

 [[ 1.08511833e-08  4.53889141e-09  2.83855457e-08  3.11582678e-09
    5.51157605e-09  2.09328470e-11  3.34462657e-09  8.40193807e-09
    1.39284731e-09  1.91393124e-09]
  [ 3.00000007e+00  3.00000000e+00  3.00000002e+00  3.00000018e+00
    3.00000003e+00  3.00000000e+00  3.00000000e+00  3.00000001e+00
    3.00000000e+00  3.00000003e+00]
  [-5.12882279e+00 -1.04028561e+01 -1.04028917e+01 -1.04028939e+01
   -5.12882280e+00 -5.08767183e+00 -1.04029354e+01 -2.76589733e+00
   -2.75193356e+00 -2.76589733e+00]]

 [[ 1.89677855e-10  1.31057314e-07  2.50969968e-07  5.51946747e-09
    6.05947884e-08  2.79040829e-08  3.50244937e-07  3.79345571e-08
    6.53934031e-08  1.93334930e-08]
  [ 3.00000001e+00  3.00000033e+00  3.00000002e+00  3.00000002e+00
    3.00000000e+00  3.00000000e+00  3.00000108e+00  3.00000001e+00
    3.00000089e+00  3.00000000e+00]
  [-2.76589733e+00 -1.04028634e+01 -3.72430032e+00 -1.04029196e+01
   -1.04028648e+01 -3.72430034e+00 -2.75193355e+00 -1.04028196e+01
   -5.12882173e+00 -1.04028057e+01]]

 [[ 4.66211409e-09  6.96482146e-09  2.58736915e-07  5.32763408e-08
    4.41324069e-08  4.53869340e-09  6.05176358e-08  2.35880157e-08
    6.34174521e-08  9.75904251e-08]
  [ 3.00000089e+00  3.00000061e+00  3.00000133e+00  3.00000000e+00
    3.00000077e+00  3.00000033e+00  3.00000006e+00  3.00000081e+00
    3.00000017e+00  3.00000016e+00]
  [-1.04028267e+01 -1.04028018e+01 -3.72430034e+00 -1.04028108e+01
   -3.72430034e+00 -1.04028024e+01 -1.04028395e+01 -1.04028453e+01
   -3.72430033e+00 -1.04028392e+01]]

 [[ 2.99969699e-07  7.46734815e-08  2.97569693e-07  5.79272806e-08
    1.20122203e-07  5.62463060e-08  7.79602509e-10  6.45626546e-08
    2.87744838e-07  1.46565188e-07]
  [ 3.00000074e+00  3.00000011e+00  3.00000002e+00  3.00000005e+00
    3.00000000e+00  3.00000000e+00  3.00000033e+00  3.00000014e+00
    3.00000065e+00  3.00000054e+00]
  [-3.72430027e+00 -1.04029310e+01 -1.04028568e+01 -5.12882235e+00
   -1.04028875e+01 -3.72430024e+00 -2.75193356e+00 -1.04028206e+01
   -3.72430031e+00 -3.72430034e+00]]

 [[ 1.99309203e-13  6.91645811e-13  1.61206514e-14  2.72969428e-14
    1.43528659e-12  2.86275160e-13  6.97944159e-14  4.04672335e-14
    4.78705699e-13  4.42932814e-13]
  [ 3.00000000e+00  3.00000000e+00  3.00000000e+00  3.00000000e+00
    3.00000000e+00  3.00000000e+00  3.00000000e+00  3.00000000e+00
    3.00000000e+00  3.00000000e+00]
  [-1.04029243e+01 -1.04028184e+01 -1.04028237e+01 -1.04028370e+01
   -1.04028668e+01 -2.76589733e+00 -3.72430035e+00 -1.04028775e+01
   -2.76589733e+00 -1.04028382e+01]]

 [[ 1.21706308e-12  6.62785545e-17  8.78255230e-14  9.34927306e-14
    2.69717745e-13  1.35644147e-13  1.10839905e-12  4.38961595e-13
    5.25591462e-12  7.01149778e-13]
  [ 3.00000000e+00  3.00000000e+00  3.00000000e+00  3.00000000e+00
    3.00000000e+00  3.00000000e+00  3.00000000e+00  3.00000000e+00
    3.00000000e+00  3.00000000e+00]
  [-2.75193356e+00 -1.04028615e+01 -2.76589733e+00 -1.04028974e+01
   -2.75193356e+00 -1.04028000e+01 -1.04028665e+01 -3.72430035e+00
   -5.08767183e+00 -1.04028079e+01]]

 [[ 9.33754191e-13  7.23315259e-13  4.41311042e-13  3.80143503e-15
    3.27610641e-13  6.00912138e-13  2.89286511e-13  1.02659132e-16
    3.79852574e-13  6.38004632e-14]
  [ 3.00000000e+00  3.00000000e+00  3.00000000e+00  3.00000000e+00
    3.00000000e+00  3.00000000e+00  3.00000000e+00  3.00000000e+00
    3.00000000e+00  3.00000000e+00]
  [-3.72430035e+00 -5.12882280e+00 -2.75193356e+00 -2.75193356e+00
   -5.12882280e+00 -2.75193356e+00 -1.04028475e+01 -2.75193356e+00
   -1.04028319e+01 -2.76589733e+00]]

 [[ 5.10383549e-11  1.40218774e-09  7.46633644e-11  2.22015827e-10
    2.44588691e-10  3.52571822e-10  6.98864122e-11  1.19413049e-10
    1.19511509e-10  2.88508205e-10]
  [ 3.00000000e+00  3.00000000e+00  3.00000000e+00  3.00000000e+00
    3.00000000e+00  3.00000000e+00  3.00000000e+00  3.00000000e+00
    3.00000000e+00  3.00000000e+00]
  [-1.04028392e+01 -1.04028968e+01 -1.04028187e+01 -1.04028234e+01
   -1.04028116e+01 -2.75193356e+00 -1.04028466e+01 -3.72430035e+00
   -2.76589733e+00 -5.12882280e+00]]

 [[ 3.10483206e-10  1.65006222e-11  1.37738009e-10  3.16755637e-11
    1.32549095e-11  3.32870256e-10  2.44432521e-10  9.75892780e-11
    1.04471576e-09  2.84732218e-11]
  [ 3.00000000e+00  3.00000000e+00  3.00000000e+00  3.00000000e+00
    3.00000000e+00  3.00000000e+00  3.00000000e+00  3.00000000e+00
    3.00000000e+00  3.00000000e+00]
  [-2.76589733e+00 -2.76589733e+00 -5.12882280e+00 -1.04028731e+01
   -1.04028036e+01 -2.76589733e+00 -1.04028150e+01 -1.04028819e+01
   -1.04028211e+01 -2.75193356e+00]]

 [[ 9.76299171e-11  4.89521949e-11  1.30085145e-12  3.99886394e-11
    3.63888287e-10  3.07507262e-11  2.35959529e-10  1.44002192e-10
    4.85643737e-11  2.30834994e-11]
  [ 3.00000000e+00  3.00000000e+00  3.00000000e+00  3.00000000e+00
    3.00000000e+00  3.00000000e+00  3.00000000e+00  3.00000000e+00
    3.00000001e+00  3.00000000e+00]
  [-1.04028388e+01 -5.08767183e+00 -1.04028220e+01 -1.04028024e+01
   -2.75193356e+00 -5.08767183e+00 -1.04029215e+01 -1.04028383e+01
   -1.04028209e+01 -5.08767183e+00]]

 [[ 1.41184576e-10  9.96891017e-10  4.35768266e-09  2.75733358e-10
    3.44004872e-10  3.76565966e-09  1.04407611e-09  4.97384041e-11
    4.15461304e-10  5.28212033e-11]
  [ 3.00000000e+00  3.00000000e+00  3.00000000e+00  3.00000001e+00
    3.00000000e+00  3.00000000e+00  3.00000000e+00  3.00000000e+00
    3.00000000e+00  3.00000000e+00]
  [-3.72430035e+00 -2.76589733e+00 -1.04028091e+01 -1.04028245e+01
   -1.04028556e+01 -3.72430035e+00 -3.72430035e+00 -3.72430035e+00
   -2.75193356e+00 -5.08767183e+00]]

 [[ 1.31121131e-10  1.77188664e-10  1.24784034e-10  3.38849317e-10
    8.74944710e-11  3.15114221e-10  2.21223477e-10  6.07892333e-10
    3.57988630e-10  2.14641700e-10]
  [ 3.00000000e+00  3.00000001e+00  3.00000000e+00  3.00000000e+00
    3.00000000e+00  3.00000000e+00  3.00000000e+00  3.00000000e+00
    3.00000000e+00  3.00000000e+00]
  [-2.75193356e+00 -2.76589733e+00 -1.04028111e+01 -1.04028842e+01
   -1.04028291e+01 -1.04029000e+01 -3.72430034e+00 -1.04028784e+01
   -1.04028174e+01 -1.04028524e+01]]

 [[ 2.22232103e-09  3.50171064e-11  4.92460381e-10  6.87117531e-10
    7.87105454e-10  2.06251862e-10  8.35298872e-12  2.14561206e-12
    1.24596056e-10  4.50944972e-10]
  [ 3.00000000e+00  3.00000000e+00  3.00000000e+00  3.00000000e+00
    3.00000000e+00  3.00000000e+00  3.00000000e+00  3.00000000e+00
    3.00000000e+00  3.00000000e+00]
  [-2.76589733e+00 -3.72430035e+00 -1.04028608e+01 -2.76589733e+00
   -1.04028493e+01 -1.04028909e+01 -1.04028740e+01 -2.76589733e+00
   -5.12882280e+00 -3.72430035e+00]]

 [[ 3.35867109e-09  9.57947677e-10  6.15318802e-11  1.90315903e-09
    5.46689775e-10  1.57915255e-09  6.23790360e-10  1.02729949e-09
    2.60680394e-09  1.28010106e-09]
  [ 3.00000000e+00  3.00000000e+00  3.00000000e+00  3.00000000e+00
    3.00000000e+00  3.00000004e+00  3.00000000e+00  3.00000004e+00
    3.00000000e+00  3.00000000e+00]
  [-1.04029155e+01 -5.08767182e+00 -1.04028779e+01 -2.75193356e+00
   -2.76589733e+00 -2.76589733e+00 -2.76589733e+00 -2.75193356e+00
   -1.04028900e+01 -1.04028131e+01]]

 [[ 3.00484638e-11  5.11359437e-10  4.44969402e-09  4.45455250e-12
    2.40324898e-09  6.25887628e-13  2.69108349e-09  1.27111878e-09
    1.53463800e-09  2.53247796e-09]
  [ 3.00000000e+00  3.00000000e+00  3.00000000e+00  3.00000000e+00
    3.00000000e+00  3.00000000e+00  3.00000000e+00  3.00000000e+00
    3.00000000e+00  3.00000000e+00]
  [-5.08767182e+00 -1.04028268e+01 -1.04028404e+01 -3.72430035e+00
   -5.12882279e+00 -1.04029266e+01 -1.04028001e+01 -1.04028044e+01
   -1.04028479e+01 -2.75193356e+00]]

 [[ 1.06569983e-08  3.70755540e-10  8.82642062e-09  3.48174336e-10
    6.49660082e-10  1.12288364e-08  4.78240122e-10  4.89033961e-10
    6.69563447e-09  1.53273156e-09]
  [ 3.00000000e+00  3.00000000e+00  3.00000000e+00  3.00000000e+00
    3.00000000e+00  3.00000001e+00  3.00000000e+00  3.00000000e+00
    3.00000000e+00  3.00000000e+00]
  [-1.04028213e+01 -2.75193356e+00 -5.08767183e+00 -2.76589732e+00
   -5.12882280e+00 -1.04028189e+01 -1.04028060e+01 -1.04028656e+01
   -1.04028070e+01 -1.04028896e+01]]

 [[ 1.46367789e-08  1.72645658e-09  1.94423642e-09  1.22812713e-08
    2.19579442e-08  3.50366788e-09  6.31495854e-08  1.24810131e-08
    7.59292709e-09  8.20090060e-09]
  [ 3.00000000e+00  3.00000000e+00  3.00000000e+00  3.00000000e+00
    3.00000000e+00  3.00000001e+00  3.00000000e+00  3.00000001e+00
    3.00000005e+00  3.00000000e+00]
  [-5.12882278e+00 -2.75193356e+00 -1.04028190e+01 -1.04028203e+01
   -1.04028372e+01 -1.04028132e+01 -1.04029045e+01 -1.04028044e+01
   -1.04028076e+01 -1.04028080e+01]]

 [[ 3.70244812e-08  4.93510502e-09  8.29440627e-09  1.44177267e-08
    5.85698022e-10  3.68613561e-08  1.98156517e-08  4.70801517e-09
    1.49908697e-08  8.12371345e-09]
  [ 3.00000000e+00  3.00000000e+00  3.00000001e+00  3.00000000e+00
    3.00000000e+00  3.00000000e+00  3.00000000e+00  3.00000000e+00
    3.00000000e+00  3.00000001e+00]
  [-1.04028004e+01 -5.12882280e+00 -1.04029272e+01 -1.04011978e+01
   -1.04029155e+01 -1.04029172e+01 -1.04028341e+01 -1.04029086e+01
   -1.04028459e+01 -2.76589733e+00]]

 [[ 5.10174231e-09  1.14144583e-08  4.21853124e-09  9.53349657e-09
    5.14523414e-10  7.97915616e-09  2.99127370e-09  2.09255940e-09
    2.44062029e-08  1.96550141e-08]
  [ 3.00000000e+00  3.00000000e+00  3.00000000e+00  3.00000005e+00
    3.00000001e+00  3.00000000e+00  3.00000000e+00  3.00000007e+00
    3.00000000e+00  3.00000000e+00]
  [-1.04029161e+01 -1.04029303e+01 -1.04028615e+01 -5.08767178e+00
   -2.76589733e+00 -1.04028086e+01 -1.04028001e+01 -2.76589733e+00
   -1.04028130e+01 -1.04029196e+01]]

 [[ 1.01094004e-07  4.19693885e-07  5.22195292e-08  3.89261170e-08
    3.90883039e-08  1.12165439e-07  7.42172590e-08  9.40298245e-08
    2.65560313e-07  1.64346793e-07]
  [ 3.00000000e+00  3.00000001e+00  3.00000020e+00  3.00000000e+00
    3.00000000e+00  3.00000000e+00  3.00000000e+00  3.00000000e+00
    3.00000003e+00  3.00000061e+00]
  [-1.04028820e+01 -1.04029388e+01 -3.72430034e+00 -3.72430034e+00
   -2.76589728e+00 -1.04029103e+01 -1.04028525e+01 -1.04028301e+01
   -3.72429941e+00 -3.72430025e+00]]

 [[ 2.92397944e-08  4.01404994e-08  1.56178599e-07  1.10323190e-07
    9.26605863e-08  2.04106681e-07  4.79099307e-08  1.21853925e-09
    2.68157583e-08  5.69966403e-09]
  [ 3.00000000e+00  3.00000008e+00  3.00000000e+00  3.00000000e+00
    3.00000000e+00  3.00000005e+00  3.00000000e+00  3.00000000e+00
    3.00000000e+00  3.00000000e+00]
  [-1.04028600e+01 -2.75193353e+00 -1.04029037e+01 -1.04028975e+01
   -1.04029073e+01 -1.04028821e+01 -2.75193354e+00 -2.75193356e+00
   -1.04029178e+01 -1.04028033e+01]]

 [[ 2.57278065e-08  2.72032306e-08  1.08599897e-08  1.71709359e-08
    4.46838896e-08  8.10862198e-08  8.23511299e-08  2.21625002e-08
    9.24600772e-08  2.42880403e-08]
  [ 3.00000127e+00  3.00000000e+00  3.00000017e+00  3.00000000e+00
    3.00000000e+00  3.00000000e+00  3.00000000e+00  3.00000000e+00
    3.00000000e+00  3.00000043e+00]
  [-1.04028803e+01 -1.04028155e+01 -5.12882233e+00 -5.08767178e+00
   -1.04028106e+01 -1.04028001e+01 -1.04028640e+01 -3.72430035e+00
   -1.04028004e+01 -1.04028271e+01]]

 [[ 1.53779750e-13  1.78156276e-12  4.24147559e-13  4.20398938e-13
    7.56784106e-13  3.45312505e-12  6.07141966e-13  4.88336863e-15
    1.39173849e-12  2.16198206e-12]
  [ 3.00000002e+00  3.00000008e+00  3.00000001e+00  3.00000006e+00
    3.00000003e+00  3.00000002e+00  3.00000007e+00  3.00000004e+00
    3.00000004e+00  3.00000002e+00]
  [-1.04028809e+01 -3.72430035e+00 -1.04028673e+01 -3.72430035e+00
   -3.72430035e+00 -1.04028059e+01 -1.04029225e+01 -1.04028138e+01
   -1.04028337e+01 -1.04028026e+01]]

 [[ 7.30833333e-13  6.58489370e-13  3.11967092e-13  5.74551290e-14
    9.46291121e-14  8.67878833e-14  4.68251678e-13  1.08746428e-12
    2.46505675e-13  3.66604389e-13]
  [ 3.00000007e+00  3.00000003e+00  3.00000003e+00  3.00000003e+00
    3.00000006e+00  3.00000000e+00  3.00000006e+00  3.00000001e+00
    3.00000003e+00  3.00000001e+00]
  [-3.72430035e+00 -1.04028756e+01 -1.04028218e+01 -2.76589733e+00
   -1.04028118e+01 -3.72430035e+00 -1.04028466e+01 -2.75193356e+00
   -2.75193356e+00 -3.72430035e+00]]

 [[ 6.20196827e-14  2.46701816e-13  9.35995992e-13  1.26419240e-13
    9.89659921e-14  6.71434559e-13  4.21480327e-14  3.10369595e-13
    1.91909737e-13  2.20106741e-14]
  [ 3.00000010e+00  3.00000008e+00  3.00000001e+00  3.00000005e+00
    3.00000001e+00  3.00000004e+00  3.00000003e+00  3.00000013e+00
    3.00000007e+00  3.00000002e+00]
  [-2.75193356e+00 -3.72430035e+00 -2.76589733e+00 -1.04028503e+01
   -1.04028119e+01 -1.04028486e+01 -2.75193356e+00 -1.04028333e+01
   -2.76589733e+00 -3.72430035e+00]]

 [[ 4.58414692e-10  5.27334766e-10  2.92617835e-10  2.39071075e-11
    3.42528337e-10  3.28346820e-10  6.93249703e-11  2.54795595e-10
    4.81048680e-11  4.82443259e-11]
  [ 3.00007789e+00  3.00002732e+00  3.00000965e+00  3.00006713e+00
    3.00004169e+00  3.00002341e+00  3.00000691e+00  3.00000794e+00
    3.00001797e+00  3.00001618e+00]
  [-2.76589733e+00 -1.04028329e+01 -1.04028016e+01 -5.12882279e+00
   -1.04028395e+01 -1.04029078e+01 -3.72430035e+00 -1.04028139e+01
   -1.04028019e+01 -1.04028416e+01]]

 [[ 3.22962373e-10  2.45315556e-10  1.70639368e-10  1.73154375e-10
    1.10444657e-09  8.47158199e-10  3.24982516e-10  9.34281915e-10
    1.17917163e-10  8.87326135e-10]
  [ 3.00003098e+00  3.00004406e+00  3.00008560e+00  3.00000249e+00
    3.00006194e+00  3.00002655e+00  3.00000060e+00  3.00000673e+00
    3.00000863e+00  3.00003661e+00]
  [-1.04028058e+01 -1.04028120e+01 -1.04028267e+01 -3.72430035e+00
   -1.04029369e+01 -1.04028044e+01 -2.75193356e+00 -2.76589733e+00
   -2.75193356e+00 -1.04028579e+01]]

 [[ 1.51787894e-10  1.93935875e-10  2.50555221e-10  6.70306557e-11
    3.11709975e-10  1.79683335e-10  1.77845449e-10  1.66304292e-10
    1.22158889e-11  2.77831664e-10]
  [ 3.00001877e+00  3.00001731e+00  3.00005679e+00  3.00001942e+00
    3.00000102e+00  3.00003838e+00  3.00001070e+00  3.00002078e+00
    3.00001285e+00  3.00002335e+00]
  [-2.76589733e+00 -1.04028001e+01 -2.75193356e+00 -2.75193356e+00
   -2.75193356e+00 -2.75193356e+00 -2.75193356e+00 -3.72430035e+00
   -1.04028887e+01 -1.04028433e+01]]

 [[ 9.46372399e-11  8.68625465e-10  1.01832583e-09  8.84238513e-11
    6.74456116e-10  1.93526167e-10  5.02554873e-10  5.57918161e-11
    7.56611096e-09  1.35592836e-09]
  [ 3.00058135e+00  3.00011179e+00  3.00015651e+00  3.00034345e+00
    3.00026715e+00  3.00020313e+00  3.00042297e+00  3.00057481e+00
    3.00031419e+00  3.00000732e+00]
  [-5.08767183e+00 -2.75193356e+00 -1.04029353e+01 -1.04028082e+01
   -1.04028979e+01 -1.04029097e+01 -3.72430035e+00 -1.04028422e+01
   -2.76589733e+00 -1.04028297e+01]]

 [[ 6.11676287e-09  3.80577095e-10  5.06925916e-09  1.15223092e-08
    1.13666726e-09  1.95111691e-09  3.21674966e-09  6.07642305e-10
    1.52635850e-09  3.77143141e-10]
  [ 3.00022989e+00  3.00000195e+00  3.00003005e+00  3.00020227e+00
    3.00008384e+00  3.00008703e+00  3.00009341e+00  3.00010677e+00
    3.00001043e+00  3.00005387e+00]
  [-1.04028069e+01 -1.04028668e+01 -1.04028593e+01 -1.04028568e+01
   -1.04028740e+01 -2.76589733e+00 -1.04028569e+01 -3.72430035e+00
   -1.04028713e+01 -3.72430035e+00]]

 [[ 2.87008699e-10  2.36764400e-09  2.01131952e-10  3.06216716e-10
    8.70099915e-09  8.31200332e-10  6.49479119e-10  5.03318262e-09
    6.77081625e-09  5.28699121e-09]
  [ 3.00013278e+00  3.00029532e+00  3.00063310e+00  3.00020735e+00
    3.00000098e+00  3.00028415e+00  3.00010586e+00  3.00030681e+00
    3.00001673e+00  3.00003519e+00]
  [-1.04028626e+01 -3.72430035e+00 -1.04028148e+01 -2.75193356e+00
   -2.76589733e+00 -2.76589732e+00 -2.76589732e+00 -1.04028687e+01
   -2.76589733e+00 -1.04028800e+01]]

 [[ 5.71419681e-09  1.19079515e-08  1.81379711e-09  1.29935571e-09
    1.46542966e-09  1.03346536e-08  3.39919424e-09  2.50213759e-09
    6.05897006e-09  1.78761872e-10]
  [ 3.00025394e+00  3.00006610e+00  3.00020038e+00  3.00033563e+00
    3.00068561e+00  3.00010569e+00  3.00001783e+00  3.00050052e+00
    3.00005503e+00  3.00050807e+00]
  [-1.04028165e+01 -1.04029114e+01 -1.04028219e+01 -1.04028161e+01
   -1.04028161e+01 -1.04028969e+01 -1.04028577e+01 -1.04028433e+01
   -1.04028651e+01 -1.04028202e+01]]

 [[ 5.42516142e-09  3.01477959e-10  1.39852252e-09  3.43389211e-09
    2.49848952e-09  1.70315241e-09  8.25714056e-09  1.80422116e-08
    3.98717629e-09  8.04731075e-09]
  [ 3.00000905e+00  3.00028085e+00  3.00012785e+00  3.00007299e+00
    3.00063687e+00  3.00012427e+00  3.00048880e+00  3.00076139e+00
    3.00001178e+00  3.00092292e+00]
  [-2.76589733e+00 -1.04028211e+01 -1.04028173e+01 -2.75193356e+00
   -1.04028860e+01 -2.76589732e+00 -2.75193356e+00 -1.04028340e+01
   -5.12882279e+00 -1.04029131e+01]]

 [[ 1.55098863e-08  1.93845847e-09  6.26755813e-09  7.49612253e-09
    4.07366722e-10  8.14896275e-09  5.44852801e-09  1.15547251e-08
    1.69305173e-12  7.91488320e-12]
  [ 3.00001366e+00  3.00065316e+00  3.00073281e+00  3.00036227e+00
    3.00015700e+00  3.00067373e+00  3.00006064e+00  3.00031018e+00
    3.00015387e+00  3.00006336e+00]
  [-1.04028124e+01 -1.04028578e+01 -1.04028478e+01 -5.12882279e+00
   -2.76589733e+00 -1.04029294e+01 -1.04029106e+01 -2.75193356e+00
   -1.04028356e+01 -1.04028091e+01]]

 [[ 2.66051735e-09  2.31360944e-09  1.53582100e-08  4.63326419e-09
    1.93481114e-08  6.66910354e-09  5.60366830e-08  3.53940960e-09
    7.82212805e-08  1.40804557e-09]
  [ 3.00048625e+00  3.00066735e+00  3.00016546e+00  3.00307320e+00
    3.00031526e+00  3.00208721e+00  3.00127223e+00  3.00036763e+00
    3.00958810e+00  3.00058438e+00]
  [-1.04028232e+01 -1.04029079e+01 -1.04028349e+01 -1.04028298e+01
   -1.04028122e+01 -1.04029069e+01 -1.04029113e+01 -1.04028396e+01
   -2.76589725e+00 -1.04028487e+01]]

 [[ 2.77582340e-10  5.33944055e-10  6.86611425e-09  8.34541790e-11
    2.53097400e-09  3.72424885e-09  1.44815347e-08  2.72743659e-08
    3.51868347e-08  4.57373106e-09]
  [ 3.00050635e+00  3.00159142e+00  3.00052051e+00  3.00102319e+00
    3.00071818e+00  3.00208402e+00  3.00031605e+00  3.00306877e+00
    3.00160618e+00  3.00516351e+00]
  [-1.04029279e+01 -2.76589733e+00 -1.04028618e+01 -1.04028501e+01
   -5.12882273e+00 -5.12882280e+00 -1.04029072e+01 -1.04028071e+01
   -1.04028139e+01 -1.04028868e+01]]

 [[ 2.60107427e-09  8.81822661e-10  5.42263847e-09  1.12747115e-08
    2.76462030e-08  8.44811066e-09  3.22920747e-08  1.08533536e-08
    2.91041789e-08  1.08898101e-08]
  [ 3.00366298e+00  3.00020347e+00  3.00101126e+00  3.00433291e+00
    3.00064916e+00  3.00226740e+00  3.00079993e+00  3.00028838e+00
    3.00101152e+00  3.00094379e+00]
  [-1.04028617e+01 -1.04028011e+01 -1.04029378e+01 -5.12882273e+00
   -1.04028087e+01 -1.04029343e+01 -1.04029098e+01 -1.04028044e+01
   -1.04029114e+01 -1.04028668e+01]]

 [[ 4.05802404e-07  5.47318418e-08  5.28360761e-07  9.88503156e-08
    1.26429453e-08  1.89176636e-07  2.73257992e-08  1.45297278e-07
    1.66703240e-07  2.77791043e-07]
  [ 3.00427674e+00  3.01093188e+00  3.00403204e+00  3.01191562e+00
    3.00105095e+00  3.00498592e+00  3.00489977e+00  3.01584761e+00
    3.01663000e+00  3.01049527e+00]
  [-1.04015918e+01 -1.04029235e+01 -1.04028433e+01 -1.04028449e+01
   -1.04028335e+01 -5.12882188e+00 -1.04028236e+01 -1.04028526e+01
   -5.12882260e+00 -1.04028934e+01]]

 [[ 1.22132101e-07  4.07793610e-08  1.03587053e-07  1.13894290e-07
    5.79443259e-08  1.22592883e-07  1.02730409e-07  3.43459247e-07
    2.09917072e-08  3.30502853e-07]
  [ 3.00029953e+00  3.01407725e+00  3.00073593e+00  3.02773934e+00
    3.01248810e+00  3.00709002e+00  3.01087182e+00  3.00099175e+00
    3.00605874e+00  3.02334106e+00]
  [-1.04028005e+01 -1.04028181e+01 -1.04028305e+01 -1.04028323e+01
   -1.04028474e+01 -1.04029217e+01 -1.04028109e+01 -1.04029339e+01
   -5.12882273e+00 -3.72430029e+00]]

 [[ 2.46613737e-09  6.19872212e-08  5.26070252e-09  2.26092134e-08
    2.94925613e-07  8.56042522e-08  1.23709660e-09  1.01383958e-07
    2.53832190e-08  1.88362278e-07]
  [ 3.00538714e+00  3.01293676e+00  3.00503693e+00  3.02536129e+00
    3.00053822e+00  3.00379975e+00  3.00018096e+00  3.00931224e+00
    3.00137485e+00  3.01844738e+00]
  [-1.04028121e+01 -1.04028095e+01 -1.04029404e+01 -1.04028845e+01
   -1.04028664e+01 -1.04028086e+01 -1.04029399e+01 -1.04028460e+01
   -1.04028596e+01 -5.08767139e+00]]

 [[ 4.27907463e-13  1.28498540e-12  1.75736301e-12  4.19123767e-13
    1.81751955e-12  1.69838591e-12  3.37949873e-13  1.08574052e-12
    6.83660553e-13  1.53069920e-12]
  [ 3.00000002e+00  3.00000016e+00  3.00000002e+00  3.00000012e+00
    3.00000004e+00  3.00000019e+00  3.00000001e+00  3.00000004e+00
    3.00000009e+00  3.00000009e+00]
  [-3.72430035e+00 -1.04028745e+01 -1.04028517e+01 -1.04028723e+01
   -5.12882280e+00 -5.12882280e+00 -1.04029166e+01 -2.75193356e+00
   -1.04028374e+01 -1.04028633e+01]]

 [[ 2.69051427e-12  9.59492914e-13  1.11324306e-12  3.16604145e-12
    3.04931536e-13  1.44638030e-13  3.81167424e-13  5.02496119e-14
    1.26265395e-12  2.46657127e-12]
  [ 3.00000004e+00  3.00000010e+00  3.00000002e+00  3.00000011e+00
    3.00000006e+00  3.00000002e+00  3.00000005e+00  3.00000001e+00
    3.00000007e+00  3.00000001e+00]
  [-2.76589733e+00 -2.76589733e+00 -1.04028661e+01 -2.75193356e+00
   -1.04028425e+01 -3.72430035e+00 -1.04028082e+01 -3.72430035e+00
   -1.04028963e+01 -2.75193356e+00]]]