[[[2.57e-13 7.70e-13 1.62e-13 2.18e-13 4.18e-13 2.39e-12 2.33e-12
   3.45e-13 3.44e-12 1.56e-13]
  [3.00e+00 3.00e+00 3.00e+00 3.00e+00 3.00e+00 3.00e+00 3.00e+00
   3.00e+00 3.00e+00 3.00e+00]
  [-1.04e+01 -2.77e+00 -2.75e+00 -2.77e+00 -1.04e+01 -5.09e+00 -2.77e+00
   -2.77e+00 -1.04e+01 -1.04e+01]]

 [[3.42e-10 5.69e-10 6.55e-11 3.19e-10 1.10e-11 7.76e-11 7.36e-10
   8.43e-11 1.43e-11 7.78e-12]
  [3.00e+00 3.00e+00 3.00e+00 3.00e+00 3.00e+00 3.00e+00 3.00e+00
   3.00e+00 3.00e+00 3.00e+00]
  [-5.09e+00 -1.04e+01 -2.75e+00 -1.04e+01 -1.04e+01 -2.75e+00 -1.04e+01
   -1.04e+01 -1.04e+01 -2.77e+00]]

 [[4.26e-10 3.17e-10 1.63e-11 4.46e-10 1.40e-10 2.46e-11 1.67e-09
   1.46e-09 1.11e-10 2.26e-09]
  [3.00e+00 3.00e+00 3.00e+00 3.00e+00 3.00e+00 3.00e+00 3.00e+00
   3.00e+00 3.00e+00 3.00e+00]
  [-1.04e+01 -1.04e+01 -1.04e+01 -2.77e+00 -2.77e+00 -1.04e+01 -1.04e+01
   -2.75e+00 -5.09e+00 -2.77e+00]]

 [[7.80e-10 7.11e-10 2.91e-10 2.22e-10 1.87e-12 2.39e-10 1.85e-10
   3.87e-11 1.82e-10 2.26e-10]
  [3.00e+00 3.00e+00 3.00e+00 3.00e+00 3.00e+00 3.00e+00 3.00e+00
   3.00e+00 3.00e+00 3.00e+00]
  [-5.09e+00 -2.77e+00 -1.04e+01 -3.72e+00 -3.72e+00 -5.09e+00 -1.04e+01
   -2.77e+00 -5.09e+00 -2.77e+00]]

 [[3.49e-09 2.91e-09 1.37e-10 1.85e-09 1.41e-08 5.77e-09 2.04e-09
   1.32e-09 1.77e-10 8.38e-09]
  [3.00e+00 3.00e+00 3.00e+00 3.00e+00 3.00e+00 3.00e+00 3.00e+00
   3.00e+00 3.00e+00 3.00e+00]
  [-5.09e+00 -1.04e+01 -1.04e+01 -2.75e+00 -1.04e+01 -1.04e+01 -3.72e+00
   -2.77e+00 -1.04e+01 -5.13e+00]]

 [[1.46e-09 3.55e-09 1.23e-09 2.55e-08 1.27e-08 2.43e-09 1.85e-09
   2.69e-11 2.00e-09 1.06e-09]
  [3.00e+00 3.00e+00 3.00e+00 3.00e+00 3.00e+00 3.00e+00 3.00e+00
   3.00e+00 3.00e+00 3.00e+00]
  [-1.04e+01 -2.77e+00 -1.04e+01 -1.04e+01 -1.04e+01 -5.13e+00 -1.04e+01
   -2.75e+00 -1.04e+01 -1.04e+01]]

 [[4.68e-09 1.40e-10 1.36e-09 3.12e-11 9.14e-10 1.42e-09 8.02e-09
   3.13e-10 1.18e-08 5.58e-10]
  [3.00e+00 3.00e+00 3.00e+00 3.00e+00 3.00e+00 3.00e+00 3.00e+00
   3.00e+00 3.00e+00 3.00e+00]
  [-1.04e+01 -5.13e+00 -2.77e+00 -1.04e+01 -1.04e+01 -1.04e+01 -2.75e+00
   -1.04e+01 -2.77e+00 -1.04e+01]]

 [[1.01e-09 4.80e-08 4.53e-10 6.80e-09 2.06e-08 8.78e-09 1.54e-08
   1.09e-08 7.59e-09 6.26e-09]
  [3.00e+00 3.00e+00 3.00e+00 3.00e+00 3.00e+00 3.00e+00 3.00e+00
   3.00e+00 3.00e+00 3.00e+00]
  [-1.04e+01 -1.04e+01 -5.13e+00 -1.04e+01 -5.09e+00 -5.09e+00 -1.04e+01
   -1.04e+01 -2.77e+00 -1.04e+01]]

 [[3.83e-10 3.14e-09 3.73e-09 1.62e-08 2.08e-08 1.59e-08 1.95e-09
   2.98e-09 1.47e-09 3.28e-09]
  [3.00e+00 3.00e+00 3.00e+00 3.00e+00 3.00e+00 3.00e+00 3.00e+00
   3.00e+00 3.00e+00 3.00e+00]
  [-2.75e+00 -1.04e+01 -1.04e+01 -1.04e+01 -1.04e+01 -1.04e+01 -1.04e+01
   -1.04e+01 -5.13e+00 -2.75e+00]]

 [[8.00e-09 7.95e-10 2.44e-09 4.50e-10 1.27e-08 6.65e-10 1.98e-09
   6.18e-11 2.30e-09 4.27e-09]
  [3.00e+00 3.00e+00 3.00e+00 3.00e+00 3.00e+00 3.00e+00 3.00e+00
   3.00e+00 3.00e+00 3.00e+00]
  [-1.04e+01 -2.75e+00 -5.13e+00 -1.04e+01 -2.77e+00 -2.77e+00 -1.04e+01
   -1.04e+01 -5.13e+00 -1.04e+01]]

 [[1.89e-08 1.45e-07 1.08e-08 1.23e-07 3.54e-08 5.51e-09 4.10e-08
   4.23e-09 1.90e-08 1.21e-08]
  [3.00e+00 3.00e+00 3.00e+00 3.00e+00 3.00e+00 3.00e+00 3.00e+00
   3.00e+00 3.00e+00 3.00e+00]
  [-1.04e+01 -2.77e+00 -5.09e+00 -1.04e+01 -1.04e+01 -1.04e+01 -2.77e+00
   -2.77e+00 -1.04e+01 -1.04e+01]]

 [[1.12e-07 6.61e-08 1.02e-07 1.88e-09 1.85e-08 5.61e-09 1.02e-07
   5.70e-09 6.93e-09 4.51e-08]
  [3.00e+00 3.00e+00 3.00e+00 3.00e+00 3.00e+00 3.00e+00 3.00e+00
   3.00e+00 3.00e+00 3.00e+00]
  [-1.04e+01 -5.13e+00 -2.77e+00 -2.77e+00 -1.04e+01 -1.04e+01 -1.04e+01
   -5.13e+00 -1.04e+01 -5.13e+00]]

 [[1.82e-08 2.67e-08 3.71e-09 1.72e-08 3.90e-08 7.40e-08 5.12e-08
   4.64e-09 2.80e-08 4.35e-08]
  [3.00e+00 3.00e+00 3.00e+00 3.00e+00 3.00e+00 3.00e+00 3.00e+00
   3.00e+00 3.00e+00 3.00e+00]
  [-2.77e+00 -1.04e+01 -1.04e+01 -2.77e+00 -1.04e+01 -1.04e+01 -1.04e+01
   -2.77e+00 -5.09e+00 -1.04e+01]]

 [[1.42e-07 6.48e-08 4.76e-07 3.37e-07 6.61e-08 1.57e-07 3.32e-07
   3.93e-07 1.75e-07 4.02e-08]
  [3.03e+00 3.01e+00 3.01e+00 3.00e+00 3.01e+00 3.03e+00 3.00e+00
   3.01e+00 3.02e+00 3.00e+00]
  [-1.04e+01 -1.04e+01 -1.04e+01 -1.04e+01 -1.04e+01 -3.72e+00 -1.04e+01
   -1.04e+01 -1.04e+01 -1.04e+01]]

 [[6.96e-08 2.18e-08 4.67e-08 3.89e-07 5.17e-07 4.44e-07 5.83e-08
   1.85e-08 3.49e-08 1.71e-08]
  [3.02e+00 3.02e+00 3.01e+00 3.00e+00 3.03e+00 3.01e+00 3.02e+00
   3.02e+00 3.01e+00 3.00e+00]
  [-1.04e+01 -1.04e+01 -1.04e+01 -1.04e+01 -1.04e+01 -1.04e+01 -1.04e+01
   -1.04e+01 -1.04e+01 -1.04e+01]]

 [[1.34e-07 4.60e-07 5.43e-08 3.40e-07 1.45e-07 6.63e-08 1.46e-07
   2.01e-08 3.52e-09 9.15e-08]
  [3.00e+00 3.03e+00 3.02e+00 3.00e+00 3.01e+00 3.01e+00 3.04e+00
   3.00e+00 3.02e+00 3.01e+00]
  [-1.04e+01 -1.04e+01 -1.04e+01 -1.04e+01 -1.04e+01 -5.13e+00 -1.04e+01
   -1.04e+01 -1.04e+01 -1.04e+01]]

 [[2.16e-09 2.57e-09 3.26e-09 5.88e-09 1.53e-09 5.65e-09 1.50e-09
   1.15e-09 2.25e-09 3.69e-09]
  [3.00e+00 3.00e+00 3.00e+00 3.00e+00 3.00e+00 3.00e+00 3.00e+00
   3.00e+00 3.00e+00 3.00e+00]
  [-3.72e+00 -2.77e+00 -1.04e+01 -1.04e+01 -1.04e+01 -1.04e+01 -5.13e+00
   -1.04e+01 -2.75e+00 -5.13e+00]]

 [[3.20e-09 2.42e-09 2.97e-09 3.05e-09 6.26e-10 2.74e-09 1.32e-09
   1.42e-09 1.63e-09 2.71e-09]
  [3.00e+00 3.00e+00 3.00e+00 3.00e+00 3.00e+00 3.00e+00 3.00e+00
   3.00e+00 3.00e+00 3.00e+01]
  [-1.04e+01 -1.04e+01 -5.13e+00 -2.77e+00 -2.77e+00 -2.75e+00 -2.75e+00
   -1.04e+01 -2.75e+00 -2.77e+00]]

 [[9.88e-10 6.29e-10 2.63e-09 1.15e-09 7.32e-10 7.44e-10 1.91e-09
   5.20e-10 4.45e-10 9.54e-10]
  [3.00e+00 3.00e+00 3.00e+00 3.00e+00 3.00e+00 3.00e+00 3.00e+00
   3.00e+00 3.00e+00 3.00e+00]
  [-2.77e+00 -2.75e+00 -2.75e+00 -5.09e+00 -1.04e+01 -2.75e+00 -2.77e+00
   -2.75e+00 -3.72e+00 -2.75e+00]]

 [[1.72e-06 2.49e-06 1.96e-06 2.06e-06 7.46e-07 3.07e-06 4.35e-07
   1.35e-06 2.20e-06 2.80e-06]
  [3.00e+00 3.00e+00 3.00e+00 3.00e+00 3.00e+00 3.00e+00 3.00e+00
   3.00e+00 3.00e+00 3.00e+00]
  [-1.04e+01 -3.72e+00 -2.75e+00 -1.04e+01 -1.04e+01 -1.04e+01 -2.75e+00
   -2.75e+00 -1.04e+01 -1.04e+01]]

 [[3.44e-07 1.24e-06 1.81e-06 2.16e-06 1.22e-06 1.50e-06 6.01e-07
   7.17e-07 1.18e-06 4.20e-07]
  [3.00e+00 3.00e+00 3.00e+00 3.00e+00 3.00e+00 3.00e+00 3.00e+00
   3.00e+00 3.00e+00 3.00e+00]
  [-2.77e+00 -1.04e+01 -2.75e+00 -1.04e+01 -1.04e+01 -1.04e+01 -1.04e+01
   -2.75e+00 -3.72e+00 -1.04e+01]]

 [[6.79e-07 2.40e-07 1.27e-06 4.04e-07 1.65e-06 1.21e-06 9.78e-07
   2.03e-06 3.63e-07 3.68e-07]
  [3.00e+00 3.00e+00 3.00e+00 3.00e+00 3.00e+00 3.00e+00 3.00e+00
   3.00e+00 3.00e+00 3.00e+00]
  [-5.13e+00 -3.72e+00 -1.04e+01 -2.77e+00 -1.04e+01 -2.76e+00 -5.09e+00
   -1.04e+01 -1.04e+01 -2.75e+00]]

 [[6.21e-06 5.31e-06 7.84e-06 4.41e-06 5.98e-06 1.75e-06 7.34e-06
   1.19e-05 5.82e-06 8.50e-06]
  [3.00e+00 3.00e+00 3.00e+00 3.00e+00 3.00e+00 3.00e+00 3.00e+00
   3.00e+00 3.00e+00 3.00e+00]
  [-1.04e+01 -2.75e+00 -1.04e+01 -1.04e+01 -3.72e+00 -3.72e+00 -2.75e+00
   -1.04e+01 -5.12e+00 -3.72e+00]]

 [[5.48e-06 2.88e-06 9.50e-06 4.66e-06 4.69e-06 9.68e-06 1.38e-05
   8.76e-06 4.02e-06 6.53e-06]
  [3.00e+00 3.00e+00 3.00e+00 3.00e+00 3.00e+00 3.00e+00 3.00e+00
   3.00e+00 3.00e+00 3.00e+00]
  [-1.04e+01 -1.03e+01 -1.03e+01 -1.04e+01 -2.75e+00 -5.10e+00 -5.07e+00
   -1.03e+01 -5.12e+00 -2.76e+00]]

 [[3.54e-06 9.77e-06 6.22e-07 1.40e-06 3.66e-06 2.66e-06 7.10e-06
   1.93e-06 1.04e-06 2.65e-06]
  [3.00e+00 3.00e+00 3.00e+00 3.00e+00 3.00e+00 3.00e+00 3.00e+00
   3.00e+00 3.00e+00 3.00e+00]
  [-2.76e+00 -2.75e+00 -1.03e+01 -2.75e+00 -2.75e+00 -2.76e+00 -3.72e+00
   -1.04e+01 -2.76e+00 -2.77e+00]]

 [[2.36e-05 1.27e-05 2.47e-05 3.01e-05 9.23e-06 2.63e-05 3.44e-05
   7.35e-06 3.48e-05 9.06e-06]
  [3.00e+00 3.00e+00 3.00e+00 3.00e+00 3.00e+00 3.00e+00 3.00e+00
   3.00e+00 3.00e+00 3.00e+00]
  [-1.03e+01 -1.03e+01 -1.02e+01 -2.74e+00 -2.74e+00 -5.11e+00 -1.03e+01
   -1.03e+01 -1.04e+01 -1.04e+01]]

 [[1.13e-05 1.08e-05 2.09e-05 7.81e-06 1.29e-05 1.60e-05 1.37e-05
   1.19e-05 3.73e-05 6.27e-06]
  [3.00e+00 3.00e+00 3.00e+00 3.00e+00 3.00e+00 3.00e+00 3.00e+00
   3.00e+00 3.00e+00 3.00e+00]
  [-2.74e+00 -2.75e+00 -1.03e+01 -1.02e+01 -2.74e+00 -1.03e+01 -5.04e+00
   -2.75e+00 -1.03e+01 -5.11e+00]]

 [[1.02e-06 1.18e-05 1.06e-05 4.93e-06 6.64e-06 3.92e-06 2.68e-05
   7.74e-06 1.21e-05 5.09e-06]
  [3.00e+00 3.00e+00 3.00e+00 3.00e+00 3.00e+00 3.00e+00 3.00e+00
   3.00e+00 3.00e+00 3.00e+00]
  [-2.74e+00 -1.03e+01 -5.06e+00 -1.03e+01 -1.03e+01 -1.04e+01 -2.75e+00
   -1.03e+01 -2.74e+00 -2.74e+00]]

 [[8.64e-05 6.67e-05 7.22e-05 9.48e-05 1.32e-04 1.60e-04 7.89e-05
   6.42e-05 6.93e-05 1.10e-04]
  [3.00e+00 3.00e+00 3.00e+00 3.00e+00 3.00e+00 3.00e+00 3.00e+00
   3.00e+00 3.00e+00 3.00e+00]
  [-9.83e+00 -1.03e+01 -9.95e+00 -9.91e+00 -9.66e+00 -9.98e+00 -1.02e+01
   -9.70e+00 -9.36e+00 -9.94e+00]]

 [[4.47e-05 6.67e-05 6.11e-05 2.68e-05 3.22e-05 2.81e-05 3.76e-05
   8.90e-05 1.17e-04 2.20e-05]
  [3.00e+00 3.01e+00 3.00e+00 3.00e+00 3.00e+00 3.00e+00 3.00e+00
   3.00e+00 3.00e+00 3.00e+00]
  [-1.01e+01 -9.71e+00 -9.99e+00 -1.00e+01 -9.78e+00 -2.75e+00 -9.89e+00
   -1.02e+01 -9.97e+00 -9.85e+00]]

 [[3.81e-05 4.22e-05 3.27e-05 5.44e-05 1.67e-05 2.38e-05 7.64e-05
   9.60e-05 9.35e-06 4.49e-05]
  [3.00e+00 3.00e+00 3.00e+00 3.00e+00 3.00e+00 3.00e+00 3.00e+00
   3.00e+00 3.00e+00 3.00e+00]
  [-1.01e+01 -9.80e+00 -1.01e+01 -9.43e+00 -9.44e+00 -9.43e+00 -1.02e+01
   -2.75e+00 -1.01e+01 -9.70e+00]]

 [[2.74e-04 3.93e-04 7.15e-04 7.16e-04 1.01e-03 6.38e-04 4.72e-04
   8.47e-04 6.85e-04 8.68e-04]
  [3.03e+00 3.00e+00 3.01e+00 3.00e+00 3.00e+00 3.01e+00 3.00e+00
   3.01e+00 3.02e+00 3.01e+00]
  [-7.04e+00 -8.57e+00 -9.21e+00 -7.66e+00 -6.09e+00 -1.01e+01 -8.82e+00
   -7.63e+00 -8.37e+00 -8.80e+00]]

 [[1.71e-04 3.19e-04 4.11e-04 2.15e-04 3.81e-04 2.39e-04 2.46e-04
   3.46e-04 1.19e-04 3.12e-04]
  [3.00e+00 3.01e+00 3.00e+00 3.00e+00 3.02e+00 3.00e+00 3.02e+00
   3.01e+00 3.00e+00 3.02e+00]
  [-7.54e+00 -7.32e+00 -8.83e+00 -9.40e+00 -8.49e+00 -6.03e+00 -7.14e+00
   -8.11e+00 -8.72e+00 -7.37e+00]]

 [[3.06e-04 2.06e-04 6.71e-04 1.50e-04 2.02e-04 4.01e-04 2.84e-04
   1.95e-04 1.70e-04 8.22e-04]
  [3.01e+00 3.02e+00 3.03e+00 3.01e+00 3.01e+00 3.01e+00 3.02e+00
   3.00e+00 3.01e+00 3.00e+00]
  [-7.11e+00 -8.62e+00 -6.82e+00 -8.51e+00 -7.63e+00 -6.63e+00 -9.88e+00
   -9.92e+00 -6.61e+00 -7.45e+00]]

 [[2.75e-09 4.75e-09 1.34e-09 4.20e-09 2.57e-09 4.35e-09 6.32e-09
   4.89e-09 3.17e-09 1.54e-09]
  [3.00e+00 3.00e+00 3.00e+00 3.00e+00 3.00e+00 3.00e+00 3.00e+00
   3.00e+00 3.00e+00 3.00e+00]
  [-1.04e+01 -5.13e+00 -2.75e+00 -1.04e+01 -1.04e+01 -2.75e+00 -1.04e+01
   -1.04e+01 -1.04e+01 -5.13e+00]]

 [[3.82e-09 1.36e-09 2.34e-09 2.28e-09 3.22e-09 3.37e-09 5.65e-10
   1.84e-09 1.26e-09 7.53e-10]
  [3.00e+00 3.00e+00 3.00e+00 3.00e+00 3.00e+00 3.00e+00 3.00e+00
   3.00e+00 3.00e+00 3.00e+00]
  [-3.72e+00 -1.04e+01 -5.13e+00 -1.04e+01 -1.04e+01 -2.77e+00 -2.75e+00
   -1.04e+01 -2.77e+00 -1.04e+01]]

 [[1.82e-09 1.55e-09 1.07e-09 3.66e-09 1.62e-09 1.80e-09 3.25e-09
   5.68e-10 1.27e-09 1.25e-09]
  [3.00e+00 3.00e+00 3.00e+00 3.00e+00 3.00e+00 3.00e+00 3.00e+00
   3.00e+00 3.00e+00 3.00e+00]
  [-2.75e+00 -3.72e+00 -2.75e+00 -1.04e+01 -2.75e+00 -3.72e+00 -1.04e+01
   -1.04e+01 -1.04e+01 -5.09e+00]]

 [[1.45e-06 1.86e-06 2.34e-06 1.61e-06 2.63e-06 4.81e-06 1.73e-06
   1.04e-06 5.93e-06 5.33e-06]
  [3.00e+00 3.00e+00 3.00e+00 3.00e+00 3.00e+00 3.00e+00 3.00e+00
   3.00e+00 3.00e+00 3.00e+00]
  [-1.04e+01 -2.75e+00 -2.75e+00 -2.75e+00 -5.09e+00 -1.04e+01 -2.77e+00
   -1.04e+01 -1.04e+01 -5.13e+00]]

 [[1.03e-06 1.35e-06 9.15e-07 1.42e-06 1.16e-06 1.95e-06 4.00e-06
   3.40e-06 8.87e-07 1.54e-06]
  [3.00e+00 3.00e+00 3.00e+00 3.00e+00 3.00e+00 3.00e+00 3.00e+00
   3.00e+00 3.00e+00 3.00e+00]
  [-1.04e+01 -1.04e+01 -5.13e+00 -1.04e+01 -1.04e+01 -2.75e+00 -2.75e+00
   -2.77e+00 -1.04e+01 -1.04e+01]]

 [[2.96e-07 5.47e-07 3.02e-07 1.00e-06 1.52e-06 1.18e-06 2.61e-07
   4.17e-07 7.24e-07 5.81e-07]
  [3.00e+00 3.00e+00 3.00e+00 3.00e+00 3.00e+00 3.00e+00 3.00e+00
   3.00e+00 3.00e+00 3.00e+00]
  [-2.75e+00 -2.75e+00 -3.72e+00 -1.04e+01 -2.77e+00 -2.77e+00 -1.04e+01
   -2.75e+00 -1.04e+01 -1.04e+01]]

 [[1.54e-05 6.01e-06 4.75e-06 1.66e-05 1.18e-05 8.13e-06 1.30e-05
   8.65e-06 1.87e-05 6.81e-06]
  [3.00e+00 3.00e+00 3.00e+00 3.00e+00 3.00e+00 3.00e+00 3.00e+00
   3.00e+00 3.00e+00 3.00e+00]
  [-5.12e+00 -3.72e+00 -1.03e+01 -1.04e+01 -1.03e+01 -1.04e+01 -1.04e+01
   -1.03e+01 -5.07e+00 -2.76e+00]]

 [[1.09e-05 7.36e-06 7.72e-06 7.63e-06 7.10e-06 1.36e-05 7.27e-07
   4.89e-06 1.03e-05 7.66e-06]
  [3.00e+00 3.00e+00 3.00e+00 3.00e+00 3.00e+00 3.00e+00 3.00e+00
   3.00e+00 3.00e+00 3.00e+00]
  [-1.04e+01 -5.11e+00 -3.72e+00 -2.76e+00 -1.03e+01 -2.76e+00 -1.04e+01
   -1.03e+01 -1.03e+01 -1.03e+01]]

 [[6.13e-06 4.63e-07 3.70e-06 1.85e-06 1.80e-06 5.46e-06 2.45e-06
   3.05e-06 1.08e-05 8.86e-06]
  [3.00e+00 3.00e+00 3.00e+00 3.00e+00 3.00e+00 3.00e+00 3.00e+00
   3.00e+00 3.00e+00 3.00e+00]
  [-1.04e+01 -2.75e+00 -5.08e+00 -1.03e+01 -2.75e+00 -5.11e+00 -3.72e+00
   -2.75e+00 -2.76e+00 -1.04e+01]]

 [[1.74e-05 2.68e-05 3.51e-05 3.10e-05 6.65e-05 1.08e-05 2.92e-05
   3.88e-05 8.07e-06 2.93e-05]
  [3.00e+00 3.00e+00 3.00e+00 3.00e+00 3.00e+00 3.00e+00 3.00e+00
   3.00e+00 3.00e+00 3.00e+00]
  [-1.02e+01 -5.08e+00 -1.03e+01 -2.75e+00 -5.10e+00 -1.02e+01 -1.03e+01
   -5.10e+00 -1.02e+01 -1.03e+01]]

 [[3.23e-05 1.04e-05 1.36e-05 1.68e-05 1.05e-05 3.55e-06 1.51e-05
   1.26e-05 1.70e-05 1.06e-05]
  [3.00e+00 3.00e+00 3.00e+00 3.00e+00 3.00e+00 3.00e+00 3.00e+00
   3.00e+00 3.00e+00 3.00e+00]
  [-1.03e+01 -1.03e+01 -1.03e+01 -2.75e+00 -1.03e+01 -1.03e+01 -5.08e+00
   -1.02e+01 -1.03e+01 -2.74e+00]]

 [[1.58e-05 4.93e-06 1.65e-05 9.53e-06 6.24e-06 1.08e-05 1.04e-05
   6.89e-06 4.66e-06 3.06e-05]
  [3.00e+00 3.00e+00 3.00e+00 3.00e+00 3.00e+00 3.00e+00 3.00e+00
   3.00e+00 3.00e+00 3.00e+00]
  [-5.07e+00 -1.04e+01 -1.03e+01 -2.75e+00 -1.03e+01 -2.75e+00 -1.04e+01
   -2.76e+00 -1.02e+01 -5.11e+00]]

 [[9.30e-05 1.50e-04 7.73e-05 1.03e-04 1.44e-04 1.56e-04 1.86e-04
   5.74e-05 1.00e-04 8.84e-05]
  [3.00e+00 3.00e+00 3.00e+00 3.00e+00 3.00e+00 3.00e+00 3.00e+00
   3.00e+00 3.00e+00 3.00e+00]
  [-9.94e+00 -9.81e+00 -9.51e+00 -5.05e+00 -9.74e+00 -4.86e+00 -9.86e+00
   -9.73e+00 -1.01e+01 -9.70e+00]]

 [[3.02e-05 1.07e-04 7.68e-05 4.79e-05 7.62e-05 1.46e-04 2.42e-05
   1.04e-04 1.38e-04 2.36e-04]
  [3.00e+00 3.00e+00 3.00e+00 3.00e+00 3.00e+00 3.00e+00 3.00e+00
   3.01e+00 3.00e+00 3.00e+00]
  [-9.62e+00 -1.02e+01 -9.76e+00 -9.77e+00 -1.01e+01 -1.01e+01 -4.87e+00
   -9.16e+00 -9.60e+00 -9.41e+00]]

 [[7.53e-05 3.75e-05 4.45e-05 1.18e-04 4.77e-05 7.22e-05 3.51e-05
   6.73e-05 3.12e-05 7.06e-05]
  [3.00e+00 3.00e+00 3.00e+00 3.00e+00 3.00e+00 3.00e+00 3.00e+00
   3.00e+00 3.00e+00 3.00e+00]
  [-9.95e+00 -9.39e+00 -1.01e+01 -5.03e+00 -1.02e+01 -1.01e+01 -1.02e+01
   -9.56e+00 -9.86e+00 -9.61e+00]]

 [[5.19e-04 2.82e-03 5.95e-04 1.41e-03 2.30e-04 6.60e-04 1.02e-03
   3.41e-04 4.97e-04 3.02e-04]
  [3.01e+00 3.02e+00 3.01e+00 3.03e+00 3.00e+00 3.00e+00 3.01e+00
   3.01e+00 3.00e+00 3.01e+00]
  [-9.76e+00 -9.05e+00 -5.57e+00 -5.17e+00 -7.76e+00 -8.71e+00 -6.35e+00
   -9.33e+00 -8.75e+00 -6.83e+00]]

 [[7.29e-04 2.32e-04 4.36e-04 1.02e-03 9.11e-05 5.34e-04 3.37e-04
   4.81e-04 4.34e-04 5.38e-04]
  [3.00e+00 3.01e+00 3.00e+00 3.00e+00 3.00e+00 3.00e+00 3.05e+00
   3.00e+00 3.00e+00 3.00e+00]
  [-6.22e+00 -7.78e+00 -8.73e+00 -6.69e+00 -7.88e+00 -9.25e+00 -6.86e+00
   -6.83e+00 -8.82e+00 -8.51e+00]]

 [[3.53e-04 4.46e-04 2.63e-04 3.02e-04 1.51e-04 1.24e-03 1.62e-04
   1.24e-03 4.40e-04 4.19e-04]
  [3.00e+00 3.00e+00 3.00e+00 3.01e+00 3.00e+00 3.00e+00 3.00e+00
   3.01e+00 3.00e+00 3.01e+00]
  [-7.74e+00 -7.91e+00 -5.71e+00 -7.69e+00 -8.07e+00 -6.06e+00 -6.71e+00
   -6.37e+00 -8.42e+00 -8.11e+00]]

 [[2.14e-05 1.52e-05 1.90e-05 1.86e-05 2.00e-05 1.48e-05 2.21e-05
   2.50e-05 2.32e-05 2.09e-05]
  [3.00e+00 3.00e+00 3.00e+00 3.00e+00 3.00e+00 3.00e+00 3.00e+00
   3.00e+00 3.00e+00 3.00e+00]
  [-3.72e+00 -2.75e+00 -2.77e+00 -1.04e+01 -2.77e+00 -2.77e+00 -2.75e+00
   -1.04e+01 -1.04e+01 -5.13e+00]]

 [[2.58e-05 8.11e-06 2.05e-05 2.62e-05 1.33e-05 2.58e-05 2.13e-05
   2.75e-05 1.91e-05 1.66e-05]
  [3.00e+00 3.00e+00 3.00e+00 3.00e+00 3.00e+00 3.00e+00 3.00e+00
   3.00e+00 3.00e+00 3.00e+00]
  [-3.72e+00 -2.77e+00 -1.04e+01 -2.75e+00 -2.77e+00 -3.72e+00 -1.04e+01
   -1.04e+01 -1.04e+01 -1.04e+01]]

 [[1.83e-05 1.58e-05 1.35e-05 1.73e-05 1.40e-05 1.96e-05 1.94e-05
   2.31e-05 1.34e-05 1.84e-05]
  [3.00e+00 3.00e+00 3.00e+00 3.00e+00 3.00e+00 3.00e+00 3.00e+00
   3.00e+00 3.00e+00 3.00e+00]
  [-2.77e+00 -3.72e+00 -2.77e+00 -2.75e+00 -5.09e+00 -1.04e+01 -3.72e+00
   -2.77e+00 -2.77e+00 -2.77e+00]]

 [[1.26e-02 9.49e-03 1.53e-02 1.24e-02 1.13e-02 1.14e-02 9.43e-03
   9.84e-03 8.91e-03 1.31e-02]
  [3.00e+00 3.00e+00 3.00e+00 3.00e+00 3.00e+00 3.00e+00 3.00e+00
   3.00e+00 3.00e+00 3.00e+00]
  [-1.04e+01 -2.76e+00 -2.77e+00 -2.77e+00 -1.04e+01 -1.04e+01 -1.04e+01
   -1.04e+01 -2.75e+00 -2.75e+00]]

 [[7.65e-03 9.88e-03 1.71e-02 8.47e-03 1.96e-02 1.33e-02 1.10e-02
   1.11e-02 1.33e-02 1.04e-02]
  [3.00e+00 3.00e+00 3.00e+00 3.00e+00 3.00e+00 3.00e+00 3.00e+00
   3.00e+00 3.00e+00 3.00e+00]
  [-2.75e+00 -5.13e+00 -1.04e+01 -1.04e+01 -2.77e+00 -1.04e+01 -3.72e+00
   -1.04e+01 -1.84e+00 -1.04e+01]]

 [[1.49e-02 9.33e-03 1.70e-02 1.12e-02 1.48e-02 1.33e-02 1.41e-02
   1.24e-02 9.47e-03 1.13e-02]
  [3.00e+00 3.00e+00 3.00e+00 3.00e+00 3.00e+00 3.00e+00 3.00e+00
   3.00e+00 3.00e+00 3.00e+00]
  [-5.13e+00 -2.77e+00 -2.75e+00 -1.04e+01 -1.04e+01 -2.76e+00 -2.77e+00
   -2.75e+00 -2.77e+00 -5.09e+00]]

 [[6.33e-02 1.76e-02 5.75e-02 4.78e-02 1.91e-02 5.02e-02 7.06e-02
   7.22e-02 5.81e-02 5.22e-02]
  [3.00e+00 3.00e+00 3.00e+00 3.00e+00 3.00e+00 3.00e+00 3.00e+00
   3.00e+00 3.00e+00 3.00e+00]
  [-1.03e+01 -1.03e+01 -1.04e+01 -1.04e+01 -1.04e+01 -1.04e+01 -1.04e+01
   -1.04e+01 -2.75e+00 -1.04e+01]]

 [[2.66e-02 6.03e-02 6.17e-02 6.02e-02 7.30e-02 4.19e-02 2.25e-02
   6.40e-02 6.77e-02 5.28e-02]
  [3.00e+00 3.00e+00 3.00e+00 3.00e+00 3.00e+00 3.00e+00 3.00e+00
   3.00e+00 3.00e+00 3.00e+00]
  [-1.04e+01 -3.72e+00 -1.04e+01 -1.03e+01 -1.04e+01 -5.12e+00 -2.76e+00
   -2.75e+00 -3.72e+00 -1.04e+01]]

 [[4.91e-02 6.21e-02 7.98e-02 5.09e-02 6.04e-02 2.85e-02 4.72e-02
   6.16e-02 2.85e-02 6.55e-02]
  [3.00e+00 3.00e+00 3.00e+00 3.00e+00 3.00e+00 3.00e+00 3.00e+00
   3.00e+00 3.00e+00 3.00e+00]
  [-1.04e+01 -1.04e+01 -1.04e+01 -1.03e+01 -1.04e+01 -2.75e+00 -1.03e+01
   -2.76e+00 -2.76e+00 -1.03e+01]]

 [[1.84e-01 1.42e-01 1.66e-01 1.20e-01 1.71e-01 1.73e-01 1.17e-01
   1.35e-01 1.21e-01 1.56e-01]
  [3.00e+00 3.00e+00 3.00e+00 3.00e+00 3.00e+00 3.00e+00 3.00e+00
   3.00e+00 3.00e+00 3.00e+00]
  [-5.07e+00 -2.76e+00 -1.03e+01 -1.01e+01 -2.76e+00 -1.02e+01 -1.01e+01
   -2.74e+00 -1.02e+01 -5.08e+00]]

 [[5.74e-02 1.42e-01 8.62e-02 1.51e-01 1.64e-01 1.68e-01 1.85e-01
   1.73e-01 1.22e-01 1.79e-01]
  [3.00e+00 3.00e+00 3.00e+00 3.00e+00 3.00e+00 3.00e+00 3.00e+00
   3.00e+00 3.00e+00 3.00e+00]
  [-2.75e+00 -1.03e+01 -2.74e+00 -2.75e+00 -1.03e+01 -1.02e+01 -1.04e+01
   -1.02e+01 -2.76e+00 -1.02e+01]]

 [[2.00e-01 1.75e-01 1.87e-01 1.64e-01 1.19e-01 1.24e-01 1.03e-01
   1.95e-01 1.10e-01 1.92e-01]
  [3.00e+00 3.00e+00 3.00e+00 3.00e+00 3.00e+00 3.00e+00 3.00e+00
   3.00e+00 3.00e+00 3.00e+00]
  [-2.74e+00 -1.03e+01 -2.75e+00 -1.03e+01 -1.03e+01 -1.01e+01 -1.03e+01
   -1.03e+01 -2.76e+00 -2.76e+00]]

 [[7.82e-01 7.26e-01 8.65e-01 2.76e-01 7.82e-01 6.27e-01 7.89e-01
   7.10e-01 5.43e-01 8.29e-01]
  [3.01e+00 3.00e+00 3.00e+00 3.00e+00 3.00e+00 3.00e+00 3.00e+00
   3.00e+00 3.00e+00 3.00e+00]
  [-9.51e+00 -9.68e+00 -1.03e+01 -9.91e+00 -4.94e+00 -9.77e+00 -9.62e+00
   -9.70e+00 -9.90e+00 -9.60e+00]]

 [[8.06e-01 7.73e-01 6.40e-01 6.69e-01 5.31e-01 4.01e-01 1.00e+00
   6.93e-01 8.51e-01 9.36e-01]
  [3.00e+00 3.00e+00 3.00e+00 3.00e+00 3.00e+00 3.00e+00 3.00e+00
   3.00e+00 3.00e+00 3.00e+00]
  [-9.85e+00 -9.94e+00 -1.02e+01 -1.00e+01 -4.91e+00 -2.73e+00 -1.01e+01
   -4.96e+00 -9.86e+00 -9.82e+00]]

 [[7.86e-01 8.54e-01 1.07e+00 6.52e-01 6.37e-01 6.73e-01 7.61e-01
   5.95e-01 8.94e-01 8.97e-01]
  [3.00e+00 3.00e+00 3.00e+00 3.00e+00 3.00e+00 3.00e+00 3.00e+00
   3.00e+00 3.00e+00 3.00e+00]
  [-9.86e+00 -9.73e+00 -9.90e+00 -1.00e+01 -1.02e+01 -9.46e+00 -5.06e+00
   -5.05e+00 -4.95e+00 -1.02e+01]]

 [[4.60e+00 2.69e+00 5.38e+00 5.09e+00 7.86e+00 3.46e+00 5.48e+00
   6.31e+00 6.06e+00 5.64e+00]
  [3.00e+00 3.02e+00 3.01e+00 3.00e+00 3.00e+00 3.00e+00 3.01e+00
   3.01e+00 3.01e+00 3.00e+00]
  [-7.83e+00 -7.54e+00 -7.44e+00 -7.71e+00 -7.07e+00 -8.44e+00 -8.48e+00
   -7.24e+00 -8.61e+00 -6.13e+00]]

 [[4.47e+00 4.07e+00 5.68e+00 5.43e+00 5.00e+00 9.18e-01 4.00e+00
   6.09e+00 4.20e+00 3.60e+00]
  [3.00e+00 3.00e+00 3.05e+00 3.01e+00 3.03e+00 3.00e+00 3.02e+00
   3.01e+00 3.02e+00 3.02e+00]
  [-7.90e+00 -8.86e+00 -6.24e+00 -7.61e+00 -6.75e+00 -8.63e+00 -8.16e+00
   -7.96e+00 -7.99e+00 -6.56e+00]]

 [[5.73e+00 4.23e+00 6.18e+00 3.46e+00 5.34e+00 5.21e+00 6.46e+00
   5.00e+00 4.72e+00 2.31e+00]
  [3.00e+00 3.00e+00 3.01e+00 3.02e+00 3.01e+00 3.00e+00 3.01e+00
   3.00e+00 3.01e+00 3.01e+00]
  [-9.87e+00 -6.96e+00 -5.45e+00 -6.64e+00 -7.49e+00 -6.58e+00 -7.66e+00
   -8.59e+00 -6.88e+00 -7.48e+00]]

 [[2.13e-05 1.74e-05 2.59e-05 2.63e-05 2.46e-05 1.44e-05 2.18e-05
   1.66e-05 2.27e-05 2.19e-05]
  [3.00e+00 3.00e+00 3.00e+00 3.00e+00 3.00e+00 3.00e+00 3.00e+00
   3.00e+00 3.00e+00 3.00e+00]
  [-1.04e+01 -1.04e+01 -1.04e+01 -1.04e+01 -1.04e+01 -1.04e+01 -2.75e+00
   -2.77e+00 -1.04e+01 -2.75e+00]]

 [[1.71e-05 1.81e-05 1.94e-05 1.14e-05 2.05e-05 1.62e-05 1.81e-05
   2.36e-05 1.70e-05 1.82e-05]
  [3.00e+00 3.00e+00 3.00e+00 3.00e+00 3.00e+00 3.00e+00 3.00e+00
   3.00e+00 3.00e+00 3.00e+00]
  [-3.72e+00 -1.04e+01 -1.04e+01 -1.04e+01 -2.77e+00 -1.04e+01 -5.13e+00
   -2.77e+00 -3.72e+00 -1.04e+01]]

 [[1.68e-05 2.33e-05 2.05e-05 1.88e-05 2.18e-05 1.27e-05 2.17e-05
   1.62e-05 2.19e-05 1.70e-05]
  [3.00e+00 3.00e+00 3.00e+00 3.00e+00 3.00e+00 3.00e+00 3.00e+00
   3.00e+00 3.00e+00 3.00e+00]
  [-2.77e+00 -2.75e+00 -2.77e+00 -2.77e+00 -1.04e+01 -2.75e+00 -2.77e+00
   -1.04e+01 -1.04e+01 -3.72e+00]]

 [[1.14e-02 1.43e-02 7.70e-03 1.61e-02 1.38e-02 1.41e-02 1.75e-02
   1.33e-02 1.09e-02 5.26e-03]
  [3.00e+00 3.00e+00 3.00e+00 3.00e+00 3.00e+00 3.00e+00 3.00e+00
   3.00e+00 3.00e+00 3.00e+00]
  [-5.13e+00 -1.04e+01 -2.75e+00 -2.75e+00 -1.84e+00 -1.04e+01 -1.04e+01
   -2.77e+00 -1.84e+00 -1.04e+01]]

 [[1.55e-02 1.42e-02 1.40e-02 1.36e-02 1.16e-02 1.36e-02 1.16e-02
   1.34e-02 1.60e-02 1.47e-02]
  [3.00e+00 3.00e+00 3.00e+00 3.00e+00 3.00e+00 3.00e+00 3.00e+00
   3.00e+00 3.00e+00 3.00e+00]
  [-2.75e+00 -1.04e+01 -1.84e+00 -1.04e+01 -1.04e+01 -1.04e+01 -1.04e+01
   -2.75e+00 -2.75e+00 -2.75e+00]]

 [[8.72e-03 1.29e-02 1.40e-02 1.44e-02 1.27e-02 9.15e-03 1.24e-02
   1.07e-02 1.21e-02 1.34e-02]
  [3.00e+00 3.00e+00 3.00e+00 3.00e+00 3.00e+00 3.00e+00 3.00e+00
   3.00e+00 3.00e+00 3.00e+00]
  [-5.13e+00 -2.77e+00 -5.08e+00 -1.04e+01 -2.75e+00 -1.04e+01 -5.13e+00
   -1.04e+01 -1.04e+01 -1.04e+01]]

 [[6.89e-02 7.08e-02 7.09e-02 5.20e-02 5.42e-02 4.63e-02 4.74e-02
   6.96e-02 4.57e-02 7.04e-02]
  [3.00e+00 3.00e+00 3.00e+00 3.00e+00 3.00e+00 3.00e+00 3.00e+00
   3.00e+00 3.00e+00 3.00e+00]
  [-1.04e+01 -2.77e+00 -5.13e+00 -1.03e+01 -1.03e+01 -2.76e+00 -1.04e+01
   -2.75e+00 -1.04e+01 -1.04e+01]]

 [[8.48e-02 4.01e-02 4.18e-02 6.20e-02 7.36e-02 5.06e-02 5.52e-02
   6.41e-02 6.29e-02 5.15e-02]
  [3.00e+00 3.00e+00 3.00e+00 3.00e+00 3.00e+00 3.00e+00 3.00e+00
   3.00e+00 3.00e+00 3.00e+00]
  [-1.03e+01 -2.75e+00 -1.04e+01 -2.76e+00 -1.03e+01 -1.04e+01 -1.04e+01
   -2.75e+00 -1.04e+01 -1.04e+01]]

 [[7.39e-02 3.72e-02 6.24e-02 2.81e-02 6.12e-02 4.90e-02 4.80e-02
   5.98e-02 4.72e-02 5.30e-02]
  [3.00e+00 3.00e+00 3.00e+00 3.00e+00 3.00e+00 3.00e+00 3.00e+00
   3.00e+00 3.00e+00 3.00e+00]
  [-5.08e+00 -1.04e+01 -1.03e+01 -3.71e+00 -1.03e+01 -1.04e+01 -1.04e+01
   -2.76e+00 -5.13e+00 -1.04e+01]]

 [[1.49e-01 1.94e-01 1.42e-01 1.87e-01 1.88e-01 1.49e-01 8.91e-02
   1.57e-01 1.67e-01 1.67e-01]
  [3.00e+00 3.00e+00 3.00e+00 3.00e+00 3.00e+00 3.00e+00 3.00e+00
   3.00e+00 3.00e+00 3.00e+00]
  [-1.02e+01 -1.03e+01 -1.02e+01 -5.10e+00 -1.03e+01 -1.03e+01 -1.03e+01
   -1.03e+01 -1.02e+01 -5.06e+00]]

 [[1.53e-01 2.02e-01 2.14e-01 9.03e-02 1.43e-01 1.38e-01 1.87e-01
   6.78e-02 5.06e-02 1.34e-01]
  [3.00e+00 3.00e+00 3.00e+00 3.00e+00 3.00e+00 3.00e+00 3.00e+00
   3.00e+00 3.00e+00 3.00e+00]
  [-1.03e+01 -2.76e+00 -1.03e+01 -1.03e+01 -1.03e+01 -1.02e+01 -2.76e+00
   -2.75e+00 -1.03e+01 -1.03e+01]]

 [[1.17e-01 1.45e-01 2.48e-01 1.62e-01 1.73e-01 1.58e-01 1.87e-01
   1.78e-01 1.47e-01 1.48e-01]
  [3.00e+00 3.00e+00 3.00e+00 3.00e+00 3.00e+00 3.00e+00 3.00e+00
   3.00e+00 3.00e+00 3.00e+00]
  [-1.04e+01 -5.06e+00 -2.74e+00 -1.02e+01 -1.03e+01 -1.04e+01 -1.04e+01
   -2.76e+00 -1.03e+01 -1.02e+01]]

 [[7.33e-01 8.22e-01 8.35e-01 6.56e-01 6.80e-01 9.52e-01 7.32e-01
   1.02e+00 6.38e-01 9.89e-01]
  [3.00e+00 3.00e+00 3.00e+00 3.00e+00 3.00e+00 3.01e+00 3.00e+00
   3.00e+00 3.00e+00 3.00e+00]
  [-9.86e+00 -9.54e+00 -9.94e+00 -9.81e+00 -1.01e+01 -9.94e+00 -1.01e+01
   -4.95e+00 -9.49e+00 -9.68e+00]]

 [[8.30e-01 9.28e-01 5.87e-01 5.64e-01 7.97e-01 7.94e-01 6.16e-01
   6.39e-01 9.88e-01 3.81e-01]
  [3.00e+00 3.00e+00 3.00e+00 3.00e+00 3.00e+00 3.00e+00 3.00e+00
   3.00e+00 3.00e+00 3.00e+00]
  [-5.08e+00 -9.48e+00 -9.61e+00 -4.96e+00 -4.98e+00 -9.86e+00 -1.02e+01
   -1.01e+01 -8.94e+00 -1.00e+01]]

 [[9.05e-01 9.92e-01 5.00e-01 7.71e-01 9.32e-01 9.55e-01 8.50e-01
   9.51e-01 8.79e-01 4.48e-01]
  [3.00e+00 3.00e+00 3.00e+00 3.00e+00 3.00e+00 3.00e+00 3.00e+00
   3.00e+00 3.00e+00 3.00e+00]
  [-2.72e+00 -9.77e+00 -9.46e+00 -9.69e+00 -5.02e+00 -1.02e+01 -2.73e+00
   -2.73e+00 -2.74e+00 -2.73e+00]]

 [[4.10e+00 5.91e+00 4.27e+00 5.99e+00 4.76e+00 4.93e+00 5.92e+00
   6.54e+00 6.34e+00 3.74e+00]
  [3.02e+00 3.01e+00 3.01e+00 3.01e+00 3.00e+00 3.02e+00 3.01e+00
   3.06e+00 3.02e+00 3.01e+00]
  [-8.91e+00 -8.27e+00 -6.24e+00 -9.62e+00 -7.36e+00 -7.26e+00 -8.53e+00
   -7.08e+00 -6.51e+00 -9.09e+00]]

 [[5.80e+00 6.00e+00 5.34e+00 3.40e+00 6.68e+00 2.77e+00 4.97e+00
   4.91e+00 4.66e+00 4.38e+00]
  [3.01e+00 3.02e+00 3.01e+00 3.00e+00 3.02e+00 3.00e+00 3.02e+00
   3.00e+00 3.00e+00 3.00e+00]
  [-6.40e+00 -7.39e+00 -7.61e+00 -7.92e+00 -7.77e+00 -9.39e+00 -8.90e+00
   -6.69e+00 -8.00e+00 -9.22e+00]]

 [[6.61e+00 4.46e+00 4.10e+00 4.83e+00 5.16e+00 3.38e+00 4.17e+00
   5.07e+00 3.53e+00 6.36e+00]
  [3.01e+00 3.00e+00 3.01e+00 3.00e+00 3.00e+00 3.00e+00 3.01e+00
   3.03e+00 3.02e+00 3.01e+00]
  [-6.94e+00 -6.77e+00 -6.99e+00 -8.88e+00 -9.35e+00 -5.63e+00 -6.70e+00
   -7.30e+00 -8.29e+00 -8.95e+00]]]