[[[ 2.88446228e-08  2.02241287e-08  1.36768207e-08  2.84724162e-08
    2.65429016e-08  3.10689166e-08  2.20914189e-08  4.07200310e-08
    3.90462295e-08  2.39283997e-08]
  [ 3.00000001e+00  3.00000007e+00  3.00000000e+00  3.00000011e+00
    3.00000022e+00  3.00000018e+00  3.00000002e+00  3.00000008e+00
    3.00000051e+00  3.00000014e+00]
  [-1.04029110e+01 -1.04028597e+01 -3.72430034e+00 -2.75193355e+00
   -1.83759296e+00 -1.04028777e+01 -5.12882275e+00 -1.04028699e+01
   -1.83759296e+00 -3.72430034e+00]]

 [[ 2.01082560e-08  5.32589385e-08  1.65609728e-07  5.85230515e-08
    5.35305743e-08  3.24170420e-08  5.37246298e-08  9.55471376e-08
    5.41602534e-08  2.44119390e-08]
  [ 3.00000001e+00  3.00000040e+00  3.00000013e+00  3.00000010e+00
    3.00000007e+00  3.00000002e+00  3.00000003e+00  3.00000008e+00
    3.00000007e+00  3.00000003e+00]
  [-5.12882278e+00 -1.04028982e+01 -2.75193356e+00 -2.75193356e+00
   -1.04028284e+01 -1.83759296e+00 -5.12882278e+00 -2.75193356e+00
   -1.83759296e+00 -1.04028245e+01]]

 [[ 7.32107396e-08  3.36648340e-07  4.83461378e-07  9.14471505e-08
    2.15124407e-07  1.57887896e-07  2.35262589e-07  2.25189532e-07
    3.59133743e-07  4.13921645e-07]
  [ 3.00000001e+00  3.00000187e+00  3.00000043e+00  3.00000034e+00
    3.00000091e+00  3.00000075e+00  3.00000090e+00  3.00000148e+00
    3.00000024e+00  3.00000354e+00]
  [-5.08767135e+00 -1.04029324e+01 -1.04028253e+01 -1.04029114e+01
   -1.04028467e+01 -3.72430019e+00 -5.12882218e+00 -3.72430028e+00
   -1.04028216e+01 -2.75193337e+00]]

 [[ 7.59535276e-08  7.15441091e-08  2.14768918e-07  9.25175837e-08
    2.60848350e-07  1.53395565e-07  2.81267924e-07  4.06894757e-07
    2.62606857e-07  8.51502619e-08]
  [ 3.00000012e+00  3.00000057e+00  3.00000026e+00  3.00000076e+00
    3.00000213e+00  3.00000052e+00  3.00000490e+00  3.00000196e+00
    3.00000006e+00  3.00000020e+00]
  [-1.04028324e+01 -5.08767173e+00 -2.75193352e+00 -1.04028511e+01
   -1.04028593e+01 -2.76589715e+00 -3.72430016e+00 -2.75193328e+00
   -1.04028982e+01 -3.72430020e+00]]

 [[ 5.17553871e-07  2.74628794e-07  3.64118487e-08  2.24906078e-07
    5.41898590e-07  1.84198553e-07  3.13744913e-07  2.54242289e-07
    7.58566668e-08  3.71277774e-07]
  [ 3.00000000e+00  3.00000130e+00  3.00000012e+00  3.00000055e+00
    3.00000002e+00  3.00000069e+00  3.00000013e+00  3.00000061e+00
    3.00000019e+00  3.00000058e+00]
  [-1.04028351e+01 -1.04028551e+01 -2.75193347e+00 -1.04028364e+01
   -5.08767058e+00 -3.72429990e+00 -2.75193334e+00 -3.72430027e+00
   -5.12882113e+00 -3.72430013e+00]]

 [[ 4.18130165e-07  3.84436885e-06  3.78055264e-06  2.06422819e-07
    8.11743353e-07  8.09528479e-07  4.79286879e-07  4.07551957e-07
    3.38934795e-06  8.91502845e-07]
  [ 3.00000214e+00  3.00000061e+00  3.00000242e+00  3.00000015e+00
    3.00002142e+00  3.00004622e+00  3.00000018e+00  3.00000007e+00
    3.00000861e+00  3.00000032e+00]
  [-1.04028630e+01 -5.12882065e+00 -1.04028231e+01 -3.72429735e+00
   -2.75193331e+00 -2.75193350e+00 -1.04028198e+01 -5.08766992e+00
   -1.04028957e+01 -5.08767023e+00]]

 [[ 7.98967829e-07  4.84504668e-06  1.27304669e-06  7.36899457e-07
    1.08043112e-06  8.70637999e-07  9.77552418e-07  2.55851016e-07
    1.58737276e-06  3.75563832e-06]
  [ 3.00000309e+00  3.00005256e+00  3.00000483e+00  3.00001797e+00
    3.00006446e+00  3.00000162e+00  3.00000354e+00  3.00000191e+00
    3.00000108e+00  3.00000823e+00]
  [-2.76589672e+00 -2.76589676e+00 -1.04028805e+01 -1.04028342e+01
   -2.76589626e+00 -1.04028899e+01 -5.08766998e+00 -1.04028173e+01
   -1.83759279e+00 -3.72429949e+00]]

 [[ 4.53909755e-06  8.42082596e-07  3.54454873e-06  2.38038592e-06
    1.81397801e-06  1.43920634e-06  1.07016240e-06  1.29007463e-06
    8.84038215e-07  1.23017482e-06]
  [ 3.00000082e+00  3.00000044e+00  3.00003031e+00  3.00000111e+00
    3.00002995e+00  3.00000518e+00  3.00000435e+00  3.00000438e+00
    3.00000492e+00  3.00000041e+00]
  [-3.72429952e+00 -5.12882224e+00 -1.04029043e+01 -5.12882159e+00
   -5.12882268e+00 -1.04028630e+01 -1.83759278e+00 -1.04028176e+01
   -5.12882050e+00 -2.76589694e+00]]

 [[ 4.19435984e-12  2.86758745e-12  9.06648823e-12  6.71855170e-12
    2.09370760e-11  8.93864407e-12  1.15608414e-11  6.83436817e-12
    1.56290965e-11  3.59384584e-12]
  [ 3.00000000e+00  3.00000000e+00  3.00000000e+00  3.00000000e+00
    3.00000000e+00  3.00000000e+00  3.00000000e+00  3.00000000e+00
    3.00000000e+00  3.00000000e+00]
  [-3.72430035e+00 -5.08767183e+00 -1.04028683e+01 -1.04028952e+01
   -3.72430035e+00 -1.04028600e+01 -1.04028292e+01 -1.04029196e+01
   -5.08767183e+00 -2.75193356e+00]]

 [[ 2.81436521e-11  2.88945372e-12  2.40958261e-11  1.09830681e-12
    5.60002772e-12  4.05403956e-12  2.65304525e-12  4.63047089e-12
    2.25241608e-12  5.12914539e-12]
  [ 3.00000000e+00  3.00000000e+00  3.00000000e+00  3.00000000e+00
    3.00000000e+00  3.00000000e+00  3.00000000e+00  3.00000000e+00
    3.00000000e+01  3.00000000e+01]
  [-5.12882280e+00 -3.72430035e+00 -3.72430035e+00 -2.76589733e+00
   -1.04029328e+01 -2.75193356e+00 -1.04029314e+01 -3.72430035e+00
   -3.72430035e+00 -2.76589733e+00]]

 [[ 6.46766798e-13  5.18140958e-12  4.13496836e-12  2.91963750e-12
    3.26169843e-11  5.47585047e-12  7.07579620e-13  2.95935629e-12
    4.11523182e-12  7.48427829e-12]
  [ 3.00000000e+01  3.00000000e+00  3.00000000e+00  3.00000000e+00
    3.00000000e+00  3.00000000e+00  3.00000000e+00  3.00000000e+00
    3.00000000e+00  3.00000000e+00]
  [-5.12882280e+00 -1.04029287e+01 -2.75193356e+00 -1.04028572e+01
   -1.83759297e+00 -1.04028481e+01 -2.75193356e+00 -5.12882280e+00
   -5.12882280e+00 -1.04028781e+01]]

 [[ 3.00308590e-09  7.87633507e-10  1.41234325e-09  1.39769207e-09
    2.73875535e-09  4.02068760e-10  1.64963104e-09  9.41704173e-10
    2.94374396e-10  1.74100323e-09]
  [ 3.00000000e+00  3.00000000e+00  3.00000000e+00  3.00000000e+00
    3.00000000e+00  3.00000002e+00  3.00000000e+00  3.00000000e+00
    3.00000000e+00  3.00000000e+00]
  [-3.72430035e+00 -1.83759297e+00 -1.04028202e+01 -1.04028941e+01
   -1.04028652e+01 -2.76589733e+00 -1.83759297e+00 -1.04028184e+01
   -2.75193356e+00 -2.75193356e+00]]

 [[ 1.26289977e-09  1.97983049e-09  5.52390235e-10  1.25372090e-09
    1.60189034e-09  7.19294465e-10  1.05663518e-09  4.21402870e-09
    3.60123670e-10  7.14698209e-10]
  [ 3.00000000e+00  3.00000000e+00  3.00000001e+00  8.40000305e+01
    3.00000000e+00  3.00000001e+00  3.00000000e+00  3.00000000e+00
    3.00000001e+00  3.00000002e+01]
  [-3.72430035e+00 -5.12882279e+00 -5.12882280e+00 -3.72430034e+00
   -1.04028114e+01 -3.72430035e+00 -1.04028096e+01 -5.12882280e+00
   -5.12882280e+00 -2.75193356e+00]]

 [[ 1.45069413e-09  1.14484965e-09  2.00668376e-09  1.02680892e-09
    8.61851848e-10  6.44464038e-10  1.83084086e-09  5.57747531e-09
    5.71109482e-10  2.62910103e-09]
  [ 3.00000001e+00  3.00000001e+00  3.00000000e+00  3.00000000e+00
    3.00000000e+00  3.00000000e+00  3.00000000e+00  3.00000000e+00
    3.00000000e+00  3.00000000e+00]
  [-1.04029292e+01 -1.04028363e+01 -1.04029154e+01 -2.76589733e+00
   -1.04028991e+01 -2.76589733e+00 -1.04028795e+01 -1.04028393e+01
   -1.04028269e+01 -2.75193356e+00]]

 [[ 1.62160925e-09  4.04909813e-09  6.72816598e-10  1.11223479e-08
    4.37123961e-09  6.27041637e-09  3.39206262e-09  2.40066880e-09
    6.81069851e-09  5.10198029e-09]
  [ 3.00000000e+00  3.00000003e+00  3.00000002e+00  3.00000002e+00
    3.00000000e+00  3.00000000e+00  3.00000001e+00  3.00000000e+00
    3.00000000e+00  3.00000000e+00]
  [-3.72430034e+00 -3.72430033e+00 -1.04028219e+01 -3.72430035e+00
   -5.08767182e+00 -1.83759297e+00 -2.75193356e+00 -2.76589733e+00
   -5.08767179e+00 -1.04028283e+01]]

 [[ 1.65711441e-08  4.82678863e-09  4.69609778e-09  1.06986065e-08
    4.56397560e-09  5.42828909e-09  8.89743541e-09  5.24275894e-09
    2.48055837e-09  2.75503179e-09]
  [ 3.00000000e+00  3.00000000e+00  3.00000000e+00  3.00000008e+00
    3.00000000e+00  3.00000001e+00  3.00000000e+00  3.00000003e+00
    3.00000003e+00  3.00000000e+00]
  [-2.76589732e+00 -5.12882279e+00 -1.04028039e+01 -5.12882277e+00
   -2.75193356e+00 -2.76589732e+00 -1.04028118e+01 -5.12882275e+00
   -5.12882279e+00 -2.76589733e+00]]

 [[ 1.49918910e-08  7.41139470e-09  5.33523435e-09  6.66476832e-09
    7.68199237e-09  2.23889809e-09  1.14783448e-08  4.40156626e-09
    6.73028027e-09  5.48364245e-09]
  [ 3.00000000e+00  3.00000000e+00  3.00000001e+00  3.00000000e+00
    3.00000000e+00  3.00000000e+00  3.00000001e+00  3.00000000e+00
    3.00000004e+00  3.00000000e+00]
  [-2.75193356e+00 -2.75193356e+00 -1.83759297e+00 -1.83759297e+00
   -1.04028933e+01 -1.04028108e+01 -2.76589733e+00 -5.12882279e+00
   -3.72430034e+00 -5.12882279e+00]]

 [[ 5.10595890e-09  1.68853028e-08  1.89572055e-08  1.22216732e-08
    3.51703096e-08  4.30445137e-08  9.90351923e-09  2.59501580e-08
    3.55795927e-09  3.88269134e-08]
  [ 3.00000000e+00  3.00000005e+00  3.00000000e+00  3.00000001e+00
    3.00000000e+00  3.00000000e+00  3.00000008e+00  3.00000002e+00
    3.00000001e+00  3.00000002e+00]
  [-1.04029233e+01 -3.72430033e+00 -5.08767171e+00 -1.04029294e+01
   -2.75193356e+00 -1.04029039e+01 -5.12882279e+00 -2.75193356e+00
   -1.83759297e+00 -1.04028631e+01]]

 [[ 1.07391040e-08  2.01842558e-08  1.25778964e-08  1.14347909e-08
    3.74853818e-08  9.25639699e-09  4.79147730e-09  9.81923840e-09
    1.91196044e-08  1.02358191e-08]
  [ 3.00000032e+00  3.00000011e+00  3.00000001e+00  3.00000003e+00
    3.00000006e+00  3.00000001e+00  3.00000001e+00  3.00000003e+00
    3.00000000e+00  3.00000015e+00]
  [-2.76589732e+00 -2.76589733e+00 -3.72430034e+00 -3.72430034e+00
   -1.83759297e+00 -5.08767181e+00 -1.04028782e+01 -2.75193356e+00
   -1.04028305e+01 -2.76589732e+00]]

 [[ 3.00224775e-08  1.86275922e-08  1.34485340e-08  1.00988262e-08
    2.43429543e-08  4.81309604e-09  1.37797249e-08  3.00419457e-08
    8.74350769e-09  1.77619970e-08]
  [ 3.00000001e+00  3.00000001e+00  3.00000001e+00  3.00000010e+00
    3.00000000e+00  3.00000001e+00  3.00000000e+00  3.00000003e+00
    3.00000004e+00  3.00000018e+00]
  [-5.08767182e+00 -2.75193356e+00 -1.04029018e+01 -2.76589732e+00
   -5.12882278e+00 -3.72430034e+00 -1.04029209e+01 -1.04029072e+01
   -2.76589732e+00 -3.72430033e+00]]

 [[ 1.52359968e-07  1.18318979e-08  9.38228368e-08  1.01676883e-07
    1.50705495e-07  5.32027641e-08  1.18588788e-07  5.49187650e-08
    9.16561039e-09  5.44041105e-08]
  [ 3.00000007e+00  3.00000026e+00  3.00000009e+00  3.00000018e+00
    3.00000002e+00  3.00000008e+00  3.00000006e+00  3.00000043e+00
    3.00000004e+00  3.00000021e+00]
  [-1.04028918e+01 -1.04028792e+01 -2.76589730e+00 -3.72430032e+00
   -2.75193356e+00 -1.04028835e+01 -1.04028165e+01 -1.04029394e+01
   -5.12882263e+00 -1.04029246e+01]]

 [[ 5.90005961e-08  1.47849521e-08  3.30549244e-08  4.75454432e-08
    1.05565896e-07  3.97224536e-08  4.44242335e-08  6.91787334e-08
    8.30025424e-08  8.52548303e-08]
  [ 3.00000018e+00  3.00000001e+00  3.00000013e+00  3.00000003e+00
    3.00000017e+00  3.00000025e+00  3.00000004e+00  3.00000011e+00
    3.00000075e+00  3.00000145e+00]
  [-1.04028895e+01 -1.83759296e+00 -1.04028818e+01 -3.72430031e+00
   -2.75193351e+00 -1.04028417e+01 -2.76589731e+00 -5.08767149e+00
   -2.76589733e+00 -3.72430032e+00]]

 [[ 4.01879669e-08  2.62601095e-08  3.38459109e-08  1.38436732e-07
    4.13520229e-08  1.74249603e-07  1.04438972e-07  1.49548591e-07
    1.02380894e-07  4.39805410e-08]
  [ 3.00000008e+00  3.00000016e+00  3.00000002e+00  3.00000002e+00
    3.00000012e+00  3.00000019e+00  3.00000001e+00  3.00000029e+00
    3.00000030e+00  3.00000004e+00]
  [-2.76589728e+00 -5.12882256e+00 -2.75193355e+00 -2.76589731e+00
   -2.75193352e+00 -1.04028524e+01 -5.12882267e+00 -1.04029041e+01
   -1.04028981e+01 -3.72430033e+00]]

 [[ 3.14934733e-07  8.69028868e-07  5.43273029e-07  3.99949969e-07
    2.23497951e-07  4.14664051e-07  1.79115413e-06  6.85852924e-07
    3.57802862e-07  1.53390711e-06]
  [ 3.00000027e+00  3.00000051e+00  3.00000013e+00  3.00000031e+00
    3.00000232e+00  3.00000149e+00  3.00000017e+00  3.00000034e+00
    3.00000373e+00  3.00000004e+00]
  [-1.04029038e+01 -1.04028504e+01 -1.04028214e+01 -5.08767123e+00
   -3.72429999e+00 -2.76589705e+00 -2.75193340e+00 -5.08767040e+00
   -1.04028614e+01 -1.04028024e+01]]

 [[ 1.76451398e-07  5.94184454e-07  5.37368095e-07  1.56064348e-07
    4.94491088e-07  2.36944526e-07  7.98444204e-07  1.86841242e-07
    3.45431714e-07  2.62881385e-07]
  [ 3.00000031e+00  3.00000042e+00  3.00000016e+00  3.00000008e+00
    3.00000380e+00  3.00000039e+00  3.00000294e+00  3.00000048e+00
    3.00000043e+00  3.00000060e+00]
  [-2.76589728e+00 -1.04029075e+01 -5.08767121e+00 -1.04028073e+01
   -1.04028217e+01 -2.76589726e+00 -1.04028590e+01 -3.72430013e+00
   -1.04028128e+01 -1.83759296e+00]]

 [[ 1.37862461e-07  3.82336853e-07  3.71016809e-07  9.49942443e-07
    1.77272158e-07  1.09178907e-06  3.58419960e-07  4.62099409e-07
    5.87684095e-07  3.13518070e-07]
  [ 3.00000018e+00  3.00000075e+00  3.00000347e+00  3.00000039e+00
    3.00000429e+00  3.00000443e+00  3.00000001e+00  3.00000006e+00
    3.00000005e+00  3.00000075e+00]
  [-1.04029145e+01 -1.04028206e+01 -3.72429993e+00 -5.12882191e+00
   -3.72430031e+00 -1.04028335e+01 -1.04028661e+01 -5.12882192e+00
   -1.04029037e+01 -1.04029101e+01]]

 [[ 6.13835864e-12  6.05097524e-12  5.66338958e-12  2.08967567e-12
    6.72613033e-12  2.70062891e-12  4.45938973e-12  7.25532020e-12
    2.37858318e-12  1.99532709e-11]
  [ 3.00000000e+00  3.00000000e+00  3.00000000e+00  3.00000000e+00
    3.00000000e+00  3.00000000e+00  3.00000000e+00  3.00000000e+00
    3.00000000e+00  3.00000000e+00]
  [-1.04028943e+01 -3.72430035e+00 -2.75193356e+00 -2.76589733e+00
   -1.04028598e+01 -5.08767183e+00 -5.08767183e+00 -1.04028184e+01
   -5.08767183e+00 -2.76589733e+00]]

 [[ 1.93994252e-12  1.28349675e-11  4.45899651e-12  4.49880182e-12
    5.32382532e-12  2.72214817e-12  5.04270201e-12  1.21487019e-12
    4.91746238e-12  2.35160349e-12]
  [ 3.00000000e+00  3.00000000e+00  3.00000000e+00  3.00000000e+00
    3.00000000e+00  3.00000000e+00  3.00000000e+00  3.00000000e+00
    3.00000000e+01  3.00000000e+00]
  [-2.76589733e+00 -3.72430035e+00 -1.04028783e+01 -2.76589733e+00
   -5.08767183e+00 -2.75193356e+00 -2.76589733e+00 -1.04029203e+01
   -1.83759297e+00 -1.04028938e+01]]

 [[ 2.41665320e-12  1.74889124e-12  6.46811345e-12  5.22038640e-13
    7.36308929e-12  1.38985909e-12  2.45695121e-12  5.13624730e-12
    2.40570190e-12  6.67488383e-12]
  [ 3.00000000e+00  3.00000000e+00  3.00000000e+00  3.00000000e+00
    3.00000000e+00  3.00000000e+00  3.00000000e+00  3.00000000e+00
    3.00000000e+00  3.00000000e+00]
  [-2.75193356e+00 -3.72430035e+00 -1.04029151e+01 -3.72430035e+00
   -1.04028232e+01 -1.83759297e+00 -5.12882280e+00 -2.75193356e+00
   -3.72430035e+00 -1.04028208e+01]]

 [[ 1.19894967e-09  4.58161332e-10  1.07540028e-09  1.49268921e-09
    5.88870762e-10  2.09544329e-10  4.04670753e-10  9.53188421e-10
    1.84223512e-09  2.31737891e-09]
  [ 3.00000002e+00  3.00000001e+00  3.00000000e+00  3.00000000e+00
    3.00000000e+00  3.00000000e+00  3.00000000e+00  3.00000000e+00
    3.00000001e+00  3.00000000e+00]
  [-1.04028002e+01 -1.04028049e+01 -2.75193356e+00 -3.72430035e+00
   -2.76589733e+00 -1.04028759e+01 -5.12882280e+00 -1.04028742e+01
   -1.04028073e+01 -5.12882279e+00]]

 [[ 9.97210230e-10  2.07981961e-09  5.62835344e-10  8.21930120e-10
    1.83692830e-09  9.90099855e-10  2.22820589e-09  1.12593536e-09
    9.79792661e-10  1.40576424e-09]
  [ 3.00000000e+00  3.00000000e+00  3.00000000e+00  3.00000000e+00
    3.00000000e+00  3.00000000e+00  3.00000000e+00  3.00000000e+00
    3.00000001e+00  3.00000000e+00]
  [-5.12882280e+00 -2.75193356e+00 -1.83759297e+00 -2.76589733e+00
   -2.75193356e+00 -1.04028004e+01 -1.83759297e+00 -2.75193356e+00
   -1.04028824e+01 -2.76589733e+00]]

 [[ 1.14212700e-09  1.39956834e-09  5.39935863e-10  7.69534764e-10
    3.03606889e-09  8.10385989e-10  7.86201411e-10  8.21799189e-10
    9.14309355e-10  2.65221768e-09]
  [ 3.00000000e+00  3.00000000e+00  3.00000000e+00  3.00000000e+00
    3.00000000e+00  3.00000000e+00  3.00000000e+00  3.00000000e+00
    3.00000001e+00  3.00000000e+00]
  [-2.75193356e+00 -2.76589733e+00 -5.12882279e+00 -2.76589733e+00
   -1.04028989e+01 -1.04028191e+01 -2.75193356e+00 -5.08767182e+00
   -1.83759297e+00 -1.04028187e+01]]

 [[ 2.77513147e-09  4.21414720e-09  1.15530020e-08  5.75263765e-09
    3.73759088e-09  1.39723718e-08  8.38337503e-10  5.16908393e-09
    3.95669180e-09  5.66047110e-09]
  [ 3.00000000e+00  3.00000000e+00  3.00000000e+00  3.00000001e+00
    3.00000001e+00  3.00000000e+00  3.00000000e+00  3.00000001e+00
    3.00000005e+00  3.00000004e+00]
  [-3.72430034e+00 -2.75193356e+00 -5.08767182e+00 -1.04028509e+01
   -3.72430034e+00 -2.75193356e+00 -2.76589733e+00 -2.75193356e+00
   -2.76589733e+00 -1.04028435e+01]]

 [[ 6.63902805e-09  4.29277083e-09  3.59686343e-09  3.48268990e-09
    8.33222283e-09  4.70257851e-09  3.35909276e-09  8.77765538e-09
    3.57415397e-09  1.28412950e-08]
  [ 3.00000000e+00  3.00000002e+00  3.00000001e+00  3.00000004e+00
    3.00000001e+00  3.00000000e+00  3.00000001e+00  3.00000002e+00
    3.00000001e+00  3.00000001e+00]
  [-5.08767181e+00 -2.75193356e+00 -5.12882279e+00 -5.08767182e+00
   -3.72430035e+00 -1.04028050e+01 -5.08767182e+00 -1.04028147e+01
   -1.04028716e+01 -3.72430035e+00]]

 [[ 9.90718321e-09  4.64097631e-09  4.26430066e-09  3.29639007e-09
    5.97696033e-09  2.73909062e-09  9.38129713e-09  6.56018511e-09
    5.30510221e-09  3.76156010e-09]
  [ 3.00000000e+00  3.00000001e+00  3.00000001e+00  3.00000000e+00
    3.00000003e+00  3.00000003e+00  3.00000002e+00  3.00000005e+00
    3.00000000e+00  3.00000000e+00]
  [-1.04028259e+01 -1.04028077e+01 -2.75193356e+00 -2.75193356e+00
   -1.04028217e+01 -2.76589733e+00 -3.72430035e+00 -3.72430034e+00
   -2.76589732e+00 -2.75193356e+00]]

 [[ 4.25770812e-09  7.21627387e-09  2.53287998e-08  6.12911267e-08
    1.06934961e-08  3.74032738e-08  1.76710223e-08  2.36774164e-08
    1.54882158e-08  3.54560778e-08]
  [ 3.00000004e+00  3.00000038e+00  3.00000009e+00  3.00000001e+00
    3.00000007e+00  3.00000000e+00  3.00000004e+00  3.00000046e+00
    3.00000001e+00  3.00000004e+00]
  [-2.76589733e+00 -3.72430034e+00 -5.08767181e+00 -3.72430034e+00
   -2.75193356e+00 -1.04028010e+01 -5.08767180e+00 -2.76589732e+00
   -2.76589733e+00 -3.72430033e+00]]

 [[ 1.78222439e-08  3.69426604e-08  2.50757746e-08  7.36184809e-09
    2.37620607e-08  1.70112251e-08  2.31498314e-08  2.40751672e-08
    1.84328673e-08  1.42800817e-08]
  [ 3.00000005e+00  3.00000003e+00  3.00000001e+00  3.00000008e+00
    3.00000009e+00  3.00000009e+00  3.00000000e+00  3.00000002e+00
    3.00000005e+00  3.00000004e+00]
  [-3.72430034e+00 -2.76589731e+00 -3.72430033e+00 -5.12882279e+00
   -3.72430034e+00 -5.08767182e+00 -2.76589733e+00 -5.08767182e+00
   -2.76589733e+00 -1.83759297e+00]]

 [[ 6.12501194e-09  4.69051836e-09  1.53651935e-08  2.09399933e-08
    1.20682159e-08  1.39118633e-08  4.24553691e-09  4.48693734e-08
    1.01191368e-08  1.27881196e-08]
  [ 3.00000007e+00  3.00000003e+00  3.00000002e+00  3.00000003e+00
    3.00000003e+00  3.00000001e+00  3.00000000e+00  3.00000000e+00
    3.00000009e+00  3.00000000e+00]
  [-1.04028193e+01 -3.72430034e+00 -1.04029094e+01 -2.75193356e+00
   -5.12882277e+00 -1.04028434e+01 -5.08767181e+00 -1.04028598e+01
   -2.75193356e+00 -1.04028131e+01]]

 [[ 1.41091327e-07  8.19958726e-08  1.26664483e-07  7.18396105e-08
    5.79618044e-08  1.32360457e-07  2.24935235e-08  5.39276735e-08
    7.74090009e-08  1.80254621e-07]
  [ 3.00000004e+00  3.00000116e+00  3.00000004e+00  3.00000003e+00
    3.00000024e+00  3.00000024e+00  3.00000037e+00  3.00000003e+00
    3.00000009e+00  3.00000003e+00]
  [-1.04028264e+01 -1.04028277e+01 -5.08767173e+00 -3.72430023e+00
   -2.75193354e+00 -1.04029026e+01 -5.12882256e+00 -3.72430031e+00
   -1.04028322e+01 -2.75193347e+00]]

 [[ 5.82299728e-08  4.95159872e-08  5.14105497e-08  2.15881421e-07
    4.34486208e-08  7.75427733e-08  9.98039962e-09  1.62080220e-07
    7.27896630e-08  6.47305920e-08]
  [ 3.00000025e+00  3.00000090e+00  3.00000006e+00  3.00000003e+00
    3.00000002e+00  3.00000058e+00  3.00000033e+00  3.00000083e+00
    3.00000003e+00  3.00000014e+00]
  [-5.08767165e+00 -5.08767172e+00 -5.12882273e+00 -1.04029142e+01
   -1.04028163e+01 -1.04028438e+01 -5.08767179e+00 -2.75193355e+00
   -5.08767179e+00 -1.04028545e+01]]

 [[ 5.26079804e-08  7.26822787e-08  1.13361665e-07  1.46537141e-07
    1.77406897e-07  2.48121577e-08  7.60279130e-08  7.26353492e-08
    8.06254224e-08  8.46389990e-08]
  [ 3.00000002e+00  3.00000020e+00  3.00000053e+00  3.00000007e+00
    3.00000006e+00  3.00000016e+00  3.00000001e+00  3.00000013e+00
    3.00000009e+00  3.00000023e+00]
  [-2.76589704e+00 -1.04028282e+01 -5.08767178e+00 -3.72430031e+00
   -3.72430009e+00 -1.04028497e+01 -3.72430027e+00 -1.04028691e+01
   -1.04028773e+01 -1.04028216e+01]]

 [[ 6.22397470e-07  5.74682242e-07  4.29759059e-07  1.36205482e-06
    1.42361552e-06  3.67387918e-07  3.29248324e-07  3.18303651e-07
    5.20918485e-07  7.53073277e-07]
  [ 3.00000498e+00  3.00000067e+00  3.00000054e+00  3.00000097e+00
    3.00000050e+00  3.00000136e+00  3.00000151e+00  3.00000013e+00
    3.00000103e+00  3.00000061e+00]
  [-1.04029122e+01 -1.04029168e+01 -2.76589713e+00 -2.75193326e+00
   -3.72430017e+00 -5.12882275e+00 -5.12882150e+00 -3.72430026e+00
   -3.72430021e+00 -2.75193334e+00]]

 [[ 3.37511492e-07  7.72882637e-07  4.50154841e-07  3.59156067e-07
    4.09357575e-07  1.94027313e-07  1.76395115e-06  6.19114784e-07
    3.20085901e-07  4.89119951e-07]
  [ 3.00000064e+00  3.00000052e+00  3.00000109e+00  3.00000072e+00
    3.00000473e+00  3.00000201e+00  3.00000116e+00  3.00000027e+00
    3.00000036e+00  3.00000016e+00]
  [-5.12882244e+00 -2.76589709e+00 -3.72430027e+00 -2.75193321e+00
   -2.75193310e+00 -2.75193346e+00 -1.04028133e+01 -2.76589720e+00
   -1.04028258e+01 -2.76589728e+00]]

 [[ 6.14828903e-07  1.58415471e-07  3.08478879e-07  1.77165931e-06
    6.54459303e-07  3.07081580e-07  7.39492640e-07  3.78872072e-07
    2.30105947e-07  1.16594021e-06]
  [ 3.00000154e+00  3.00000005e+00  3.00000131e+00  3.00000206e+00
    3.00000146e+00  3.00000070e+00  3.00000104e+00  3.00000203e+00
    3.00000004e+00  3.00000005e+00]
  [-2.76589717e+00 -5.08767153e+00 -2.75193355e+00 -3.72430013e+00
   -5.12882259e+00 -5.08767159e+00 -1.04028137e+01 -2.75193268e+00
   -2.75193349e+00 -3.72429518e+00]]

 [[ 1.41635979e-12  1.63096798e-12  3.80698001e-12  2.37013406e-12
    2.36581821e-12  9.85348198e-13  1.93178605e-12  7.73977130e-13
    3.08857752e-12  3.45732907e-12]
  [ 3.00000000e+00  3.00000000e+00  3.00000000e+00  3.00000000e+00
    3.00000000e+00  3.00000000e+01  3.00000000e+00  3.00000000e+01
    3.00000000e+00  3.00000000e+00]
  [-2.76589733e+00 -2.76589733e+00 -2.75193356e+00 -1.04028416e+01
   -3.72430035e+00 -2.76589733e+00 -3.72430035e+00 -1.04028218e+01
   -2.76589733e+00 -5.08767183e+00]]

 [[ 3.62805811e-13  2.02772872e-12  7.33072705e-13  1.41076382e-12
    1.81517832e-12  1.55489613e-12  9.56562933e-13  1.39521386e-12
    1.31469364e-12  1.26457143e-12]
  [ 3.00000000e+00  3.00000000e+00  3.00000000e+01  3.00000000e+00
    3.00000000e+00  3.00000000e+00  3.00000000e+00  3.00000000e+00
    3.00000000e+00  3.00000000e+00]
  [-1.83759297e+00 -5.08767183e+00 -2.76589733e+00 -2.76589733e+00
   -3.72430035e+00 -1.04028083e+01 -3.72430035e+00 -2.75193356e+00
   -1.04028567e+01 -2.75193356e+00]]

 [[ 3.00249769e-12  4.10377359e-12  1.57463617e-12  3.60963047e-12
    5.52713738e-13  1.92388004e-12  1.09883425e-12  5.97678089e-13
    4.16829883e-12  6.16387063e-12]
  [ 3.00000000e+00  3.00000000e+01  3.00000000e+00  3.00000000e+00
    3.00000000e+00  3.00000000e+00  3.00000000e+00  3.00000000e+00
    3.00000000e+00  3.00000000e+00]
  [-1.04028735e+01 -3.72430035e+00 -1.04028201e+01 -1.04028207e+01
   -2.75193356e+00 -2.75193356e+00 -1.04028031e+01 -3.72430035e+00
   -3.72430035e+00 -1.04028680e+01]]

 [[ 1.02962821e-09  4.24821060e-10  8.71788845e-10  4.20818843e-10
    9.97979920e-10  1.28268573e-09  1.68234696e-09  1.50464605e-10
    7.35472164e-10  1.00702619e-09]
  [ 3.00000000e+00  3.00000000e+00  3.00000000e+00  3.00000000e+00
    3.00000000e+00  3.00000000e+00  3.00000000e+01  3.00000001e+00
    3.00000000e+00  3.00000000e+00]
  [-1.83759297e+00 -1.04028702e+01 -2.75193356e+00 -3.72430035e+00
   -5.08767182e+00 -1.83759297e+00 -1.04028383e+01 -2.76589733e+00
   -2.76589733e+00 -1.04028186e+01]]

 [[ 1.80955941e-09  5.72294291e-10  4.98911992e-10  8.40289901e-10
    4.62960966e-10  2.24783145e-09  1.16574339e-09  1.00596647e-09
    4.70174478e-10  1.08578651e-09]
  [ 3.00000000e+00  3.00000000e+00  3.00000000e+00  3.00000000e+00
    3.00000000e+00  3.00000000e+00  3.00000001e+01  3.00000000e+00
    3.00000000e+00  3.00000000e+00]
  [-2.76589733e+00 -5.12882280e+00 -5.12882280e+00 -2.75193356e+00
   -2.76589733e+00 -1.83759297e+00 -3.72430035e+00 -2.76589733e+00
   -1.04028935e+01 -2.75193356e+00]]

 [[ 5.43605230e-10  3.69753956e-10  9.11824483e-10  8.31370503e-10
    2.34605645e-10  6.76724775e-10  4.96759909e-10  1.01304347e-09
    7.87018559e-10  3.55159559e-10]
  [ 3.00000000e+00  3.00000000e+00  3.00000000e+00  3.00000000e+00
    3.00000000e+00  3.00000000e+00  3.00000001e+00  3.00000000e+00
    3.00000000e+00  3.00000000e+00]
  [-2.76589733e+00 -3.72430035e+00 -1.04028811e+01 -2.75193356e+00
   -1.04028842e+01 -1.04028601e+01 -5.12882280e+00 -2.76589733e+00
   -3.72430035e+00 -1.04028571e+01]]

 [[ 3.06465899e-09  1.19200925e-08  9.87584740e-10  3.70208568e-09
    2.00550311e-09  2.40208924e-09  4.20731748e-09  1.58626105e-09
    5.39921982e-09  6.52415390e-09]
  [ 3.00000000e+00  3.00000001e+00  3.00000001e+00  3.00000002e+00
    3.00000000e+00  3.00000000e+00  3.00000002e+00  3.00000000e+00
    3.00000000e+00  3.00000000e+00]
  [-2.75193356e+00 -5.12882279e+00 -3.72430034e+00 -5.08767181e+00
   -1.04029160e+01 -2.75193356e+00 -5.12882280e+00 -3.72430035e+00
   -2.75193356e+00 -3.72430034e+00]]

 [[ 6.68153002e-09  1.86105075e-09  1.55071580e-09  2.92190390e-09
    1.48479032e-09  4.87681297e-09  4.55481946e-09  4.34093645e-09
    2.98225586e-09  1.50504125e-09]
  [ 3.00000000e+00  3.00000000e+00  3.00000001e+00  3.00000001e+00
    3.00000001e+00  3.00000001e+00  3.00000000e+00  3.00000000e+00
    3.00000003e+00  3.00000000e+00]
  [-1.04028163e+01 -2.75193356e+00 -2.75193356e+00 -2.75193356e+00
   -1.04028826e+01 -1.04029052e+01 -5.08767182e+00 -5.12882279e+00
   -2.76589732e+00 -2.76589733e+00]]

 [[ 3.36749401e-09  2.52427593e-09  1.86402940e-09  1.12682819e-09
    1.37373720e-09  2.28146602e-09  3.45003534e-09  7.08050688e-09
    3.46653075e-09  3.26019977e-09]
  [ 8.40010781e+01  3.00000003e+00  3.00000001e+00  3.00000000e+00
    3.00000000e+00  3.00000002e+00  3.00000000e+00  3.00000001e+00
    3.00000000e+00  3.00000000e+00]
  [-5.12882278e+00 -3.72430035e+00 -2.75193356e+00 -2.75193356e+00
   -1.83759297e+00 -3.72430034e+00 -3.72430035e+00 -1.83759297e+00
   -3.72430035e+00 -1.04028250e+01]]

 [[ 1.19912508e-08  4.06962348e-09  3.59302536e-09  5.34323371e-09
    2.37260062e-08  1.26184562e-08  1.20889551e-08  8.33184287e-09
    1.52196123e-08  1.10087714e-08]
  [ 3.00000001e+00  3.00000003e+00  3.00000000e+00  3.00000001e+00
    3.00000002e+00  3.00000000e+00  3.00000000e+00  3.00000000e+00
    3.00000002e+00  3.00000002e+00]
  [-3.72430035e+00 -2.75193356e+00 -2.76589733e+00 -2.75193356e+00
   -2.76589732e+00 -1.04028737e+01 -1.04028215e+01 -1.04028148e+01
   -2.76589732e+00 -3.72430034e+00]]

 [[ 3.95718039e-09  9.43519654e-09  1.33244382e-08  1.54416008e-08
    5.78447849e-09  8.18501798e-09  7.31343929e-09  6.44444715e-09
    1.04120032e-08  2.63350066e-09]
  [ 3.00000000e+00  3.00000001e+00  3.00000004e+00  3.00000000e+00
    3.00000002e+00  3.00000000e+00  3.00000004e+00  3.00000001e+00
    3.00000003e+00  3.00000001e+00]
  [-1.04028128e+01 -1.04029045e+01 -1.04028330e+01 -1.04028431e+01
   -1.04028434e+01 -2.75193356e+00 -5.08767182e+00 -2.76589732e+00
   -5.08767182e+00 -1.04029109e+01]]

 [[ 2.30402851e-08  1.99585286e-08  8.22246631e-09  6.77842437e-09
    9.38482803e-09  5.82737743e-09  2.62725808e-09  4.02849040e-09
    1.43606558e-08  7.75551835e-09]
  [ 3.00000001e+00  3.00000001e+00  3.00000006e+00  3.00000002e+00
    3.00000000e+00  3.00000000e+00  3.00000001e+00  3.00000001e+00
    3.00000001e+00  3.00000003e+00]
  [-2.75193355e+00 -2.75193355e+00 -1.04028474e+01 -5.08767182e+00
   -1.04028655e+01 -2.75193356e+00 -1.83759297e+00 -1.04028972e+01
   -1.04028270e+01 -1.04028571e+01]]

 [[ 6.85234238e-08  1.32217349e-08  7.09784048e-08  4.75671785e-08
    6.10659679e-08  2.40791997e-08  3.06346271e-08  1.37722062e-08
    8.21472360e-08  5.36376314e-08]
  [ 3.00000002e+00  3.00000007e+00  3.00000011e+00  3.00000001e+00
    3.00000002e+00  3.00000002e+00  3.00000007e+00  3.00000027e+00
    3.00000004e+00  3.00000002e+00]
  [-5.08767179e+00 -1.04028841e+01 -1.04028164e+01 -5.12882277e+00
   -1.04028327e+01 -2.76589732e+00 -5.08767175e+00 -2.75193355e+00
   -5.12882262e+00 -5.12882248e+00]]

 [[ 6.51004538e-08  1.01436471e-08  6.48685703e-08  3.92569752e-08
    9.55180521e-09  3.30769161e-08  1.03114539e-07  5.48727027e-08
    6.38167923e-08  5.62554156e-08]
  [ 3.00000003e+00  3.00000005e+00  3.00000000e+00  3.00000064e+00
    3.00000025e+00  3.00000001e+00  3.00000012e+00  3.00000000e+00
    3.00000000e+00  3.00000013e+00]
  [-1.04029054e+01 -1.04028651e+01 -2.76589730e+00 -2.76589732e+00
   -2.75193354e+00 -1.04029082e+01 -1.04028726e+01 -1.04028822e+01
   -1.04029097e+01 -1.04028242e+01]]

 [[ 4.32154793e-08  1.61995751e-07  1.68407197e-07  1.74063761e-07
    2.65698049e-08  1.89607958e-07  4.65733533e-08  2.66046001e-08
    1.88145126e-08  2.94659315e-08]
  [ 3.00000023e+00  3.00000000e+00  3.00000001e+00  3.00000000e+00
    3.00000004e+00  3.00000002e+00  3.00000000e+00  3.00000038e+00
    3.00000018e+00  3.00000003e+00]
  [-1.04028571e+01 -1.04028636e+01 -1.04028812e+01 -1.04028353e+01
   -1.04028906e+01 -1.04028471e+01 -1.04028860e+01 -2.75193353e+00
   -1.04028407e+01 -1.04028788e+01]]

 [[ 2.47948378e-07  3.76992558e-07  2.20478094e-07  7.41146613e-07
    2.74416855e-07  4.79427602e-07  3.77482777e-07  5.23671768e-07
    2.69523527e-07  5.10951300e-07]
  [ 3.00000114e+00  3.00000003e+00  3.00000045e+00  3.00000002e+00
    3.00000083e+00  3.00000053e+00  3.00000100e+00  3.00000124e+00
    3.00000011e+00  3.00000017e+00]
  [-3.72430032e+00 -1.04028517e+01 -5.08767136e+00 -2.75193341e+00
   -5.12882269e+00 -1.04028289e+01 -3.72430015e+00 -5.12882277e+00
   -1.04028257e+01 -1.83759292e+00]]

 [[ 2.89599660e-07  5.31241049e-07  2.00606611e-07  2.55293231e-07
    1.03567886e-06  8.13334788e-07  2.22695811e-07  1.58577080e-07
    5.53541886e-07  1.03458472e-07]
  [ 3.00000031e+00  3.00000019e+00  3.00000114e+00  3.00000018e+00
    3.00000013e+00  3.00000074e+00  3.00000081e+00  3.00000156e+00
    3.00000085e+00  3.00000005e+00]
  [-1.04028157e+01 -1.04028070e+01 -3.72429941e+00 -1.04028044e+01
   -1.04028463e+01 -1.04029284e+01 -1.04028070e+01 -2.76589721e+00
   -1.04028108e+01 -1.04028948e+01]]

 [[ 2.72302629e-07  3.14230324e-07  2.33031952e-07  1.33100975e-06
    6.83046121e-07  1.72206035e-07  7.63141160e-07  6.58416122e-08
    1.65442687e-07  1.46918719e-07]
  [ 3.00000001e+00  3.00000043e+00  3.00000025e+00  3.00000024e+00
    3.00000016e+00  3.00000003e+00  3.00000025e+00  3.00000031e+00
    3.00000031e+00  3.00000885e+00]
  [-1.04028839e+01 -5.08767114e+00 -2.76589718e+00 -3.72430024e+00
   -1.04028205e+01 -2.75193349e+00 -1.04029126e+01 -1.04029271e+01
   -1.04028587e+01 -3.72429982e+00]]

 [[ 3.38945044e-12  1.70373391e-12  3.00245463e-12  1.69800117e-12
    2.03430751e-12  1.16797005e-12  1.68626905e-12  1.97501832e-12
    7.76579247e-12  2.07749154e-12]
  [ 3.00000000e+00  3.00000000e+00  3.00000000e+00  3.00000000e+00
    3.00000000e+00  3.00000000e+00  3.00000000e+00  3.00000000e+00
    3.00000000e+00  3.00000000e+01]
  [-3.72430035e+00 -1.04028018e+01 -1.04028171e+01 -1.04029290e+01
   -2.76589733e+00 -3.72430035e+00 -2.75193356e+00 -1.04028990e+01
   -5.08767183e+00 -3.72430035e+00]]

 [[ 4.69361913e-12  1.73527194e-12  2.09399379e-12  3.57039745e-12
    3.32694882e-12  5.78559437e-12  2.09887316e-12  2.12689720e-12
    3.71246443e-12  1.23794217e-12]
  [ 3.00000000e+00  3.00000000e+00  3.00000000e+00  3.00000000e+00
    3.00000000e+00  3.00000000e+00  3.00000000e+00  3.00000000e+00
    3.00000000e+00  3.00000000e+00]
  [-1.04028909e+01 -1.04028839e+01 -2.76589733e+00 -2.75193356e+00
   -3.72430035e+00 -3.72430035e+00 -3.72430035e+00 -2.75193356e+00
   -2.75193356e+00 -5.12882280e+00]]

 [[ 8.80882895e-13  1.70031916e-12  2.19873516e-12  1.75186426e-12
    2.27339547e-12  1.58719316e-12  1.88643895e-12  7.87993605e-13
    1.34303626e-12  5.68736490e-13]
  [ 3.00000000e+00  3.00000000e+00  3.00000000e+00  3.00000000e+00
    3.00000000e+00  3.00000000e+00  3.00000000e+00  3.00000000e+00
    3.00000000e+00  3.00000000e+00]
  [-1.04028383e+01 -2.76589733e+00 -3.72430035e+00 -1.83759297e+00
   -2.76589733e+00 -2.75193356e+00 -5.12882280e+00 -1.04028761e+01
   -2.75193356e+00 -2.75193356e+00]]

 [[ 9.21672186e-10  1.26859184e-09  3.31516717e-10  2.80266995e-09
    1.03428254e-09  3.17333342e-10  8.40616927e-10  1.05750386e-09
    5.55095524e-10  3.35218313e-10]
  [ 3.00000000e+00  3.00000000e+00  3.00000000e+00  3.00000000e+00
    3.00000000e+00  3.00000000e+00  3.00000000e+00  3.00000000e+00
    3.00000000e+00  3.00000000e+00]
  [-3.72430035e+00 -1.04029187e+01 -5.12882279e+00 -5.08767182e+00
   -1.04028052e+01 -1.04028885e+01 -1.04028097e+01 -1.83759297e+00
   -5.08767182e+00 -3.72430035e+00]]

 [[ 8.65635447e-10  5.40347092e-10  2.14605481e-09  6.02500952e-10
    9.13952106e-10  1.08013528e-09  2.32208243e-09  2.98405725e-10
    1.90305842e-09  6.58196723e-10]
  [ 3.00000000e+00  3.00000000e+00  3.00000000e+00  3.00000000e+00
    3.00000000e+00  3.00000000e+00  3.00000000e+00  3.00000000e+00
    3.00000001e+00  3.00000000e+00]
  [-1.04029141e+01 -3.72430035e+00 -3.72430035e+00 -2.75193356e+00
   -1.83759297e+00 -5.12882280e+00 -2.76589733e+00 -3.72430035e+00
   -5.08767182e+00 -5.12882280e+00]]

 [[ 9.30087511e-10  1.24071048e-09  8.59435871e-10  6.38666732e-10
    6.80310428e-10  2.46670572e-10  4.35680458e-09  5.20928494e-10
    1.49428519e-09  1.71346324e-09]
  [ 3.00000000e+00  3.00000000e+00  3.00000000e+00  3.00000000e+00
    3.00000000e+00  3.00000000e+00  3.00000000e+00  3.00000000e+00
    3.00000000e+00  3.00000000e+00]
  [-1.04028021e+01 -3.72430035e+00 -5.12882280e+00 -2.76589733e+00
   -3.72430035e+00 -1.04028331e+01 -2.76589733e+00 -2.76589733e+00
   -1.04028023e+01 -2.76589733e+00]]

 [[ 2.53592469e-09  4.05034690e-09  3.93214414e-09  2.13503702e-09
    3.89954811e-09  4.83668223e-09  8.87758897e-09  2.82912673e-09
    3.20447129e-09  5.00534201e-09]
  [ 3.00000000e+00  3.00000001e+00  3.00000000e+00  3.00000001e+00
    3.00000001e+00  3.00000000e+00  3.00000000e+00  3.00000000e+00
    3.00000000e+00  3.00000002e+00]
  [-5.12882280e+00 -3.72430034e+00 -5.08767182e+00 -1.04028346e+01
   -1.04028909e+01 -1.04029095e+01 -1.83759297e+00 -1.04028031e+01
   -2.76589733e+00 -5.08767182e+00]]

 [[ 8.18407493e-09  3.88963465e-09  4.12123218e-09  3.99042820e-09
    9.11747711e-09  5.88050026e-09  8.17913508e-09  1.07672197e-09
    1.59139956e-09  1.06969119e-08]
  [ 3.00000002e+00  3.00000001e+00  3.00000000e+00  3.00000001e+00
    3.00000000e+00  3.00000001e+00  3.00000002e+00  3.00000002e+00
    3.00000001e+00  3.00000003e+00]
  [-1.04028343e+01 -3.72430034e+00 -2.76589733e+00 -2.75193356e+00
   -1.04028290e+01 -2.75193356e+00 -1.04028915e+01 -5.08767182e+00
   -3.72430034e+00 -2.75193356e+00]]

 [[ 1.33381405e-09  9.96829214e-09  5.80613444e-09  2.47904072e-09
    6.28987698e-10  3.15181646e-09  3.07559085e-09  2.94589433e-09
    7.84732771e-09  3.59213330e-09]
  [ 3.00000001e+00  3.00000004e+00  3.00000000e+00  3.00000001e+00
    3.00000000e+00  3.00000000e+00  3.00000002e+00  3.00000000e+00
    3.00000000e+00  3.00000001e+00]
  [-1.04028033e+01 -2.75193356e+00 -5.12882279e+00 -1.04028594e+01
   -2.75193356e+00 -2.76589733e+00 -2.75193356e+00 -5.08767182e+00
   -5.08767182e+00 -2.76589733e+00]]

 [[ 4.25609612e-09  5.35173975e-09  9.83174690e-09  9.22202267e-09
    3.28406331e-08  4.87427920e-09  1.14603231e-08  1.10842364e-08
    7.80639163e-09  6.02111425e-09]
  [ 3.00000001e+00  3.00000002e+00  3.00000003e+00  3.00000002e+00
    3.00000001e+00  3.00000001e+00  3.00000000e+00  3.00000000e+00
    3.00000000e+00  3.00000001e+00]
  [-5.08767181e+00 -1.04029042e+01 -1.04028492e+01 -1.04028855e+01
   -3.72430034e+00 -1.04028269e+01 -3.72430034e+00 -1.04028010e+01
   -1.04028235e+01 -2.76589733e+00]]

 [[ 2.87268524e-09  2.77650912e-08  2.67698952e-08  2.40004684e-09
    7.32219275e-09  2.01787605e-09  2.07094779e-08  1.86343067e-08
    8.52663150e-09  5.66974513e-09]
  [ 3.00000001e+00  3.00000000e+00  3.00000001e+00  3.00000000e+00
    3.00000000e+00  3.00000000e+00  3.00000001e+00  3.00000001e+00
    3.00000001e+00  3.00000001e+00]
  [-5.08767181e+00 -2.76589732e+00 -1.04028734e+01 -5.08767182e+00
   -1.04028969e+01 -2.76589733e+00 -5.12882277e+00 -1.04028954e+01
   -1.04028238e+01 -2.76589732e+00]]

 [[ 1.10338304e-08  1.63275049e-08  4.37591201e-09  7.42818361e-09
    1.41240714e-08  1.34723761e-08  1.15386372e-08  1.26198561e-08
    1.44826221e-08  1.32527884e-08]
  [ 3.00000001e+00  3.00000002e+00  3.00000021e+00  3.00000000e+00
    3.00000001e+00  3.00000003e+00  3.00000006e+00  3.00000002e+00
    3.00000000e+00  3.00000003e+00]
  [-5.12882279e+00 -1.04028277e+01 -1.04028769e+01 -2.75193355e+00
   -5.12882279e+00 -1.83759297e+00 -2.75193356e+00 -1.83759297e+00
   -1.04028459e+01 -5.08767180e+00]]

 [[ 1.64997969e-08  5.22545296e-08  9.47719062e-08  5.66185079e-08
    1.91554621e-08  3.25668645e-08  1.34481956e-07  2.08574647e-07
    1.80351450e-08  6.77824140e-08]
  [ 3.00000011e+00  3.00000004e+00  3.00000001e+00  3.00000025e+00
    3.00000013e+00  3.00000011e+00  3.00000012e+00  3.00000005e+00
    3.00000003e+00  3.00000018e+00]
  [-2.76589727e+00 -1.04028494e+01 -5.08767181e+00 -1.04028456e+01
   -2.76589731e+00 -5.08767181e+00 -1.04028305e+01 -1.04028058e+01
   -1.04028141e+01 -5.12882273e+00]]

 [[ 2.34391930e-08  2.94480123e-08  9.33862332e-08  8.22040331e-08
    5.05795593e-08  7.20357661e-08  4.21630382e-08  4.30281698e-08
    2.53758417e-08  2.92557627e-08]
  [ 3.00000017e+00  3.00000023e+00  3.00000014e+00  3.00000021e+00
    3.00000002e+00  3.00000006e+00  3.00000009e+00  3.00000022e+00
    3.00000013e+00  3.00000005e+00]
  [-1.04029245e+01 -1.04028489e+01 -5.12882279e+00 -1.04028197e+01
   -1.04029271e+01 -5.08767178e+00 -1.04029196e+01 -1.04028154e+01
   -1.04028184e+01 -1.04028894e+01]]

 [[ 1.40399729e-08  5.67280440e-08  3.20505280e-08  6.77340749e-08
    2.74464890e-08  8.27919244e-08  2.17102013e-08  9.38274792e-08
    1.55111800e-08  1.01660937e-07]
  [ 3.00000004e+00  3.00000003e+00  3.00000022e+00  3.00000009e+00
    3.00000011e+00  3.00000010e+00  3.00000000e+00  3.00000012e+00
    3.00000043e+00  3.00000004e+00]
  [-5.12882259e+00 -1.04028551e+01 -1.04028468e+01 -5.08767175e+00
   -5.12882236e+00 -1.04028722e+01 -1.04028759e+01 -1.04028516e+01
   -1.04028297e+01 -5.12882240e+00]]

 [[ 3.15251050e-07  2.25712902e-07  2.94536309e-07  1.51092115e-07
    1.41133840e-07  5.61737113e-07  5.44597897e-07  1.71700029e-07
    8.53117179e-07  3.80602908e-07]
  [ 3.00000136e+00  3.00000134e+00  3.00000029e+00  3.00000012e+00
    3.00000194e+00  3.00000020e+00  3.00000025e+00  3.00000007e+00
    3.00000021e+00  3.00000209e+00]
  [-3.72430030e+00 -1.83759293e+00 -1.04028694e+01 -3.72430003e+00
   -5.12882236e+00 -5.12882265e+00 -3.72430019e+00 -3.72430022e+00
   -1.04028235e+01 -3.72430028e+00]]

 [[ 1.37438192e-07  9.31612355e-08  6.10188415e-07  3.28328072e-07
    3.68537982e-07  1.47255729e-07  4.18402785e-07  8.43379818e-07
    1.36274816e-07  1.75161851e-07]
  [ 3.00000092e+00  3.00000050e+00  3.00000165e+00  3.00000090e+00
    3.00000130e+00  3.00000007e+00  3.00000022e+00  3.00000069e+00
    3.00000073e+00  3.00000005e+00]
  [-1.04028068e+01 -1.83759297e+00 -3.72429998e+00 -1.04028278e+01
   -1.04029095e+01 -5.08767173e+00 -5.12882225e+00 -2.75193336e+00
   -1.04028270e+01 -3.72430016e+00]]

 [[ 9.86412118e-08  2.24701778e-07  2.87921636e-07  5.71344002e-07
    1.40680470e-07  6.33576817e-08  2.71040190e-07  8.33105223e-07
    2.38871387e-07  4.25371533e-07]
  [ 3.00000004e+00  3.00000046e+00  3.00000220e+00  3.00000152e+00
    3.00000082e+00  3.00000006e+00  3.00000343e+00  3.00000044e+00
    3.00000027e+00  3.00000058e+00]
  [-3.72430002e+00 -1.03958873e+01 -1.04028278e+01 -5.12882226e+00
   -3.72430027e+00 -3.72430014e+00 -3.72429997e+00 -1.04028386e+01
   -5.08767151e+00 -5.12882262e+00]]

 [[ 3.56353920e-12  2.69436201e-12  1.20542125e-12  5.15390507e-12
    2.80009900e-12  8.35581787e-12  1.57036399e-12  2.19423918e-12
    3.24003410e-12  3.10246783e-12]
  [ 3.00000007e+00  3.00000003e+00  3.00000020e+00  3.00000008e+00
    3.00000003e+00  3.00000003e+01  3.00000006e+00  3.00000012e+00
    3.00000000e+00  3.00000001e+00]
  [-2.76589733e+00 -2.76589733e+00 -3.72430035e+00 -1.04028618e+01
   -2.76589733e+00 -5.12882280e+00 -1.04028446e+01 -1.04028816e+01
   -2.75193356e+00 -5.08767183e+00]]

 [[ 6.08158140e-12  2.91583307e-12  4.50929221e-12  2.71761283e-12
    1.85795045e-12  2.35310604e-12  1.75088920e-12  3.57191458e-12
    1.45914040e-12  5.12121981e-12]
  [ 3.00000001e+01  3.00000002e+01  3.00000010e+00  3.00000002e+00
    3.00000023e+00  3.00000012e+00  3.00000004e+00  3.00000018e+00
    3.00000004e+00  3.00000001e+00]
  [-5.08767183e+00 -2.76589733e+00 -2.76589733e+00 -5.08767183e+00
   -2.75193356e+00 -1.04028656e+01 -1.83759297e+00 -5.12882280e+00
   -5.12882280e+00 -5.08767183e+00]]

 [[ 8.12729198e-13  6.03611219e-13  2.31538894e-12  1.30265132e-12
    1.00003200e-12  1.41489103e-12  1.35955840e-12  4.64759027e-12
    3.42282147e-12  3.39560295e-12]
  [ 3.00000003e+00  3.00000008e+00  3.00000001e+00  3.00000015e+00
    3.00000009e+00  3.00000004e+00  3.00000001e+00  3.00000002e+00
    3.00000001e+00  3.00000007e+00]
  [-2.75193356e+00 -1.04028815e+01 -1.04028711e+01 -5.08767183e+00
   -5.08767183e+00 -5.12882280e+00 -5.08767183e+00 -3.72430035e+00
   -1.83759297e+00 -2.76589733e+00]]

 [[ 1.00220287e-09  3.28450681e-10  2.63453425e-09  1.17427463e-09
    9.01384395e-10  7.47687624e-10  2.52248230e-09  1.66366194e-09
    2.00964005e-09  7.50926358e-10]
  [ 3.00002812e+00  3.00003762e+00  3.00000666e+00  3.00001946e+00
    3.00002526e+00  3.00001349e+00  3.00000969e+00  3.00000640e+00
    3.00007797e+00  3.00002795e+00]
  [-2.76589733e+00 -2.75193356e+00 -1.04029201e+01 -5.08767182e+00
   -2.76589733e+00 -2.75193356e+00 -1.04028946e+01 -1.04028352e+01
   -1.04028005e+01 -3.72430035e+00]]

 [[ 1.24460082e-09  1.48777901e-09  1.22364431e-09  1.69746355e-09
    2.87304639e-09  4.26053598e-10  3.07084514e-09  1.88508537e-09
    7.80735579e-09  1.81409135e-09]
  [ 3.00002443e+00  3.00000722e+00  3.00000926e+00  3.00003459e+00
    3.00000001e+00  3.00000472e+00  3.00004506e+00  3.00004915e+00
    3.00004096e+00  3.00001913e+00]
  [-2.76589733e+00 -1.04028896e+01 -5.08767182e+00 -1.04029268e+01
   -3.72430035e+00 -1.83759297e+00 -2.76589733e+00 -1.83759297e+00
   -3.72430035e+00 -1.04028977e+01]]

 [[ 1.65613914e-09  1.47739842e-09  7.64596999e-10  1.12882485e-09
    1.19382573e-09  1.34548217e-09  1.48346183e-09  2.45103970e-09
    2.24781488e-09  1.49917010e-09]
  [ 3.00002094e+00  3.00001334e+00  3.00001565e+00  3.00001207e+00
    3.00000694e+00  3.00003023e+00  3.00006042e+00  3.00006824e+00
    3.00003896e+00  3.00008625e+00]
  [-2.76589733e+00 -1.04028254e+01 -1.04028323e+01 -1.04029064e+01
   -2.76589733e+00 -3.72430035e+00 -1.04028674e+01 -1.04028214e+01
   -1.04028736e+01 -1.04029267e+01]]

 [[ 1.19763501e-08  1.08676727e-08  6.38123139e-09  3.01441135e-09
    6.75063335e-09  1.00672663e-08  8.31081725e-09  1.07325304e-08
    5.75783567e-09  1.90785159e-08]
  [ 3.00005147e+00  3.00002461e+00  3.00049289e+00  3.00011873e+00
    3.00010500e+00  3.00003009e+00  3.00024410e+00  3.00010411e+00
    3.00005423e+00  3.00002683e+00]
  [-3.72430034e+00 -2.75193356e+00 -2.76589733e+00 -2.75193356e+00
   -5.12882277e+00 -3.72430034e+00 -2.76589733e+00 -2.75193356e+00
   -1.04029072e+01 -1.04028441e+01]]

 [[ 6.95012908e-09  3.21111980e-09  1.78478216e-08  1.72689150e-08
    3.45197023e-09  1.65075370e-09  1.20122273e-08  3.43532105e-09
    7.68623842e-09  2.87362171e-09]
  [ 3.00007870e+00  3.00018493e+00  3.00003358e+00  3.00013839e+00
    3.00001812e+00  3.00008405e+00  3.00004268e+00  3.00039841e+00
    3.00018591e+00  3.00006978e+00]
  [-5.08767182e+00 -1.83759297e+00 -2.75193356e+00 -2.76589733e+00
   -5.12882278e+00 -1.04028960e+01 -3.72430034e+00 -1.04028898e+01
   -1.04028938e+01 -2.75193356e+00]]

 [[ 1.60129546e-08  4.16132712e-09  2.47448411e-09  1.34248815e-08
    4.73032525e-09  9.28311798e-09  9.09663087e-09  9.58942897e-09
    1.97538411e-08  6.48482365e-09]
  [ 3.00006715e+00  3.00001773e+00  3.00028811e+00  3.00002169e+00
    3.00005323e+00  3.00008637e+00  3.00001018e+00  3.00008089e+00
    3.00009748e+00  3.00013182e+00]
  [-1.04028535e+01 -2.75193356e+00 -2.76589733e+00 -5.08767182e+00
   -3.72430033e+00 -2.75193356e+00 -1.04028489e+01 -5.12882279e+00
   -1.04028116e+01 -3.72430034e+00]]

 [[ 2.79536441e-08  6.18262155e-09  1.13049620e-07  1.36110843e-08
    1.58202383e-08  9.90048101e-09  1.33444809e-08  1.38617609e-08
    3.25083302e-08  1.01992122e-08]
  [ 3.00080730e+00  3.00002995e+00  3.00018539e+00  3.00007752e+00
    3.00006529e+00  3.00017224e+00  3.00039066e+00  3.00027743e+00
    3.00009798e+00  3.00085226e+00]
  [-2.76589733e+00 -2.76589732e+00 -1.04029102e+01 -2.76589732e+00
   -5.12882279e+00 -1.04028368e+01 -1.04028962e+01 -2.76589731e+00
   -1.04028515e+01 -1.83759297e+00]]

 [[ 1.97343306e-08  1.21715263e-08  1.13686635e-08  2.61458532e-08
    4.31534904e-09  1.12385971e-08  1.91422449e-08  1.41436387e-08
    1.25563676e-08  2.44942497e-08]
  [ 3.00049102e+00  3.00079764e+00  3.00042273e+00  3.00060544e+00
    3.00031102e+00  3.00034453e+00  3.00023153e+00  3.00006963e+00
    3.00072392e+00  3.00053633e+00]
  [-2.75193354e+00 -2.75193355e+00 -1.04028803e+01 -1.04028189e+01
   -5.12882279e+00 -2.76589731e+00 -1.04028200e+01 -1.83759297e+00
   -5.08767176e+00 -1.04028205e+01]]

 [[ 1.79305709e-08  3.58229756e-08  3.18883345e-08  1.19346802e-08
    2.70985167e-08  2.86121510e-08  2.95498049e-08  2.15656438e-08
    2.27701971e-08  1.86672860e-08]
  [ 3.00094255e+00  3.00070195e+00  3.00013035e+00  3.00023926e+00
    3.00008913e+00  3.00012305e+00  3.00007581e+00  3.00032018e+00
    3.00024842e+00  3.00034330e+00]
  [-1.04028659e+01 -2.76589732e+00 -1.04028291e+01 -2.76589732e+00
   -5.08767179e+00 -5.12882277e+00 -1.04028488e+01 -2.76589732e+00
   -2.76589731e+00 -2.75193355e+00]]

 [[ 9.72184666e-08  1.34428731e-07  1.15145160e-07  5.67243228e-08
    2.58013627e-07  1.29811988e-08  2.11376991e-07  8.02337107e-08
    1.44101670e-07  5.18265997e-07]
  [ 3.00129025e+00  3.00051933e+00  3.00125266e+00  3.00084719e+00
    3.00022198e+00  3.00317376e+00  3.00013071e+00  3.00091888e+00
    3.00025852e+00  3.00037532e+00]
  [-5.12882274e+00 -1.04028416e+01 -1.04028084e+01 -2.76589727e+00
   -1.04029047e+01 -1.04028426e+01 -1.04028145e+01 -1.04028123e+01
   -5.12882265e+00 -2.76589732e+00]]

 [[ 2.55644349e-07  1.64645359e-07  8.24905099e-08  4.18420622e-08
    1.16413086e-07  3.27849594e-08  3.18592031e-08  6.19303341e-08
    2.88612300e-07  1.26074553e-07]
  [ 3.00061743e+00  3.00041194e+00  3.00223477e+00  3.00174856e+00
    3.00249106e+00  3.00153257e+00  3.00209343e+00  3.00285674e+00
    3.00096103e+00  3.00021346e+00]
  [-5.12882278e+00 -1.04028534e+01 -1.04028561e+01 -2.76589730e+00
   -1.04028200e+01 -1.04028403e+01 -1.04028054e+01 -1.04028166e+01
   -5.08767171e+00 -5.08767173e+00]]

 [[ 2.95201657e-08  1.32906806e-07  1.47330371e-07  7.76379331e-08
    7.21287455e-08  1.07044344e-07  1.82440372e-08  6.78225635e-08
    3.75386324e-08  8.12210414e-08]
  [ 3.00012047e+00  3.00099923e+00  3.00134352e+00  3.00164824e+00
    3.00141381e+00  3.00080320e+00  3.00296455e+00  3.00088947e+00
    3.00205054e+00  3.00224975e+00]
  [-2.76589725e+00 -1.04028801e+01 -1.04028094e+01 -2.76589730e+00
   -1.04028145e+01 -1.04028770e+01 -1.04028029e+01 -2.76589726e+00
   -1.04028115e+01 -1.04029256e+01]]

 [[ 1.43966812e-07  3.99372631e-07  3.21368127e-07  2.08361132e-06
    9.24633739e-08  2.13755180e-06  1.35601175e-06  6.63867697e-07
    5.28279082e-07  5.86301430e-07]
  [ 3.00558073e+00  3.00862434e+00  3.01331477e+00  3.00408399e+00
    3.02796203e+00  3.00473270e+00  3.00083458e+00  3.02768935e+00
    3.02166117e+00  3.00383152e+00]
  [-1.04028636e+01 -1.04028672e+01 -1.04028640e+01 -1.04027968e+01
   -1.04028062e+01 -1.04028767e+01 -1.04028108e+01 -1.04028570e+01
   -1.04028622e+01 -5.08767061e+00]]

 [[ 6.92562505e-07  7.93365395e-07  1.22616486e-06  1.90019430e-06
    1.80519503e-06  7.36763740e-07  3.02507936e-07  1.54455270e-06
    2.88253093e-07  4.00921063e-07]
  [ 3.00592037e+00  3.00744511e+00  3.00219595e+00  3.00185033e+00
    3.01665640e+00  3.00118340e+00  3.00613080e+00  3.00671704e+00
    3.00186700e+00  3.00341092e+00]
  [-5.08767124e+00 -1.04028240e+01 -5.12882183e+00 -1.04028308e+01
   -1.04028338e+01 -5.12882046e+00 -1.04028011e+01 -1.04028112e+01
   -1.04024103e+01 -1.04028607e+01]]

 [[ 8.84485180e-07  5.05229086e-07  4.68401592e-07  1.71180831e-07
    2.81211623e-07  5.02608941e-07  2.24777044e-07  9.80409623e-07
    5.45543510e-07  9.40870880e-07]
  [ 3.00049973e+00  3.01070454e+00  3.00383613e+00  3.00458195e+00
    3.00278680e+00  3.00702759e+00  3.00999530e+00  3.02949590e+00
    3.02393583e+00  3.00327538e+00]
  [-1.04028873e+01 -1.04028048e+01 -1.04027576e+01 -1.04028574e+01
   -1.04028639e+01 -5.08767139e+00 -1.04028476e+01 -5.12882264e+00
   -1.04029134e+01 -1.04028084e+01]]

 [[ 2.94527428e-12  9.69621624e-12  5.46654247e-12  9.34776912e-13
    4.83553452e-12  5.62193722e-12  2.52012888e-12  2.90850176e-12
    4.48402180e-12  5.52043988e-12]
  [ 3.00000005e+00  3.00000011e+00  3.00000007e+00  3.00000001e+00
    3.00000003e+00  3.00000001e+00  3.00000002e+00  3.00000002e+00
    3.00000003e+00  3.00000008e+00]
  [-5.08767183e+00 -5.12882280e+00 -3.72430035e+00 -1.83759297e+00
   -2.76589733e+00 -1.04028592e+01 -2.76589733e+00 -1.04028053e+01
   -2.76589733e+00 -2.75193356e+00]]

 [[ 2.77439348e-12  3.22555387e-12  1.97846137e-12  2.92244098e-12
    2.39556284e-12  1.77309041e-12  3.58661208e-12  2.24322270e-12
    4.09036348e-12  1.18497791e-12]
  [ 3.00000002e+00  3.00000002e+00  3.00000002e+00  3.00000000e+00
    3.00000000e+00  3.00000001e+00  3.00000001e+00  3.00000002e+00
    3.00000005e+00  3.00000001e+00]
  [-3.72430035e+00 -3.72430035e+00 -1.83759297e+00 -3.72430035e+00
   -3.72430035e+00 -2.75193356e+00 -1.04028061e+01 -3.72430035e+00
   -3.72430035e+00 -2.75193356e+00]]]