[[[1.58e-10 1.59e+02 1.26e+01 2.88e+02 1.98e+02 1.04e+02 2.96e+02
   1.74e-10 3.26e+02 1.01e+00]
  [3.00e+00 3.00e+00 3.00e+00 3.00e+00 3.00e+00 3.00e+00 3.00e+00
   3.00e+00 3.00e+00 3.00e+00]
  [-1.04e+01 -2.77e+00 -5.13e+00 -1.04e+01 -5.09e+00 -5.09e+00 -5.13e+00
   -1.84e+00 -3.72e+00 -1.04e+01]]

 [[2.28e+02 2.36e-10 3.25e+01 6.00e+02 5.05e+02 3.25e+01 2.74e+01
   5.48e+02 1.16e-10 2.00e+02]
  [3.00e+00 3.00e+00 3.00e+00 3.00e+00 3.00e+01 3.00e+00 3.00e+00
   3.00e+00 3.00e+00 3.00e+00]
  [-5.13e+00 -5.09e+00 -2.77e+00 -1.04e+01 -2.77e+00 -1.04e+01 -1.04e+01
   -1.04e+01 -2.77e+00 -3.72e+00]]

 [[1.16e+02 2.00e-02 3.72e+02 4.90e+02 4.10e+02 6.68e+02 6.15e+02
   1.74e+02 4.39e+02 4.97e+01]
  [3.00e+00 3.00e+00 3.00e+00 3.00e+00 3.00e+00 3.00e+01 3.00e+00
   3.00e+00 3.00e+00 3.00e+00]
  [-1.04e+01 -1.84e+00 -2.77e+00 -5.09e+00 -5.13e+00 -3.72e+00 -1.84e+00
   -2.75e+00 -5.13e+00 -1.04e+01]]

 [[2.72e-08 2.16e-08 4.39e-08 3.78e-08 3.61e-08 8.68e-09 3.75e-09
   3.62e-08 4.06e-09 1.10e-08]
  [3.00e+00 3.00e+00 3.00e+00 3.00e+00 3.00e+00 3.00e+00 3.00e+01
   3.00e+00 3.00e+01 3.00e+00]
  [-2.77e+00 -2.75e+00 -3.72e+00 -2.77e+00 -3.72e+00 -1.04e+01 -3.72e+00
   -1.04e+01 -1.04e+01 -1.04e+01]]

 [[7.39e-09 2.89e-08 4.04e-08 6.14e-09 6.21e-09 1.08e-08 8.59e-09
   2.05e-08 1.36e-08 2.13e-08]
  [3.00e+00 3.00e+00 3.00e+00 3.00e+00 3.00e+00 3.00e+00 3.00e+00
   3.00e+00 3.00e+00 3.00e+01]
  [-2.77e+00 -2.75e+00 -3.72e+00 -5.13e+00 -1.04e+01 -2.75e+00 -2.77e+00
   -3.72e+00 -1.04e+01 -1.84e+00]]

 [[1.09e-08 1.46e-08 5.04e-09 2.57e-09 1.05e-08 1.05e-08 5.02e-08
   1.31e-08 7.55e-09 4.33e-09]
  [3.00e+00 3.00e+00 3.00e+00 3.00e+01 3.00e+00 3.00e+00 3.00e+00
   3.00e+00 3.00e+00 3.00e+00]
  [-2.77e+00 -2.75e+00 -5.09e+00 -3.72e+00 -1.04e+01 -5.09e+00 -5.13e+00
   -1.04e+01 -2.75e+00 -3.72e+00]]

 [[4.19e-08 3.70e-07 2.77e-08 1.19e-07 2.30e-07 1.13e-07 6.78e-08
   2.02e-07 2.42e-08 6.77e-08]
  [3.00e+00 3.00e+00 3.00e+00 3.00e+00 3.00e+00 3.00e+00 3.00e+00
   3.00e+00 3.00e+00 3.00e+00]
  [-1.04e+01 -5.13e+00 -2.75e+00 -5.13e+00 -3.72e+00 -3.72e+00 -5.09e+00
   -1.84e+00 -1.04e+01 -2.75e+00]]

 [[3.96e-08 1.38e-07 6.56e-08 1.82e-07 4.41e-08 1.43e-07 2.76e-08
   9.85e-08 2.47e-07 3.45e-07]
  [3.00e+00 3.00e+00 3.00e+00 3.00e+00 3.00e+00 3.00e+00 3.00e+00
   3.00e+00 3.00e+00 3.00e+00]
  [-5.09e+00 -2.75e+00 -1.84e+00 -1.04e+01 -5.09e+00 -1.04e+01 -5.09e+00
   -1.84e+00 -1.04e+01 -1.04e+01]]

 [[9.87e-08 9.49e-08 8.21e-08 4.06e-08 1.06e-08 1.10e-07 1.68e-07
   6.40e-08 4.75e-08 1.17e-07]
  [3.00e+00 3.00e+00 3.00e+00 3.00e+00 3.00e+00 3.00e+00 3.00e+00
   3.00e+00 3.00e+00 3.00e+00]
  [-5.13e+00 -1.04e+01 -2.75e+00 -3.72e+00 -2.77e+00 -5.09e+00 -1.04e+01
   -2.75e+00 -2.75e+00 -1.04e+01]]

 [[3.99e-07 5.27e-07 3.68e-08 1.93e-07 1.32e-07 1.70e-07 1.49e-07
   2.90e-07 1.99e-07 1.75e-07]
  [3.00e+00 3.00e+00 3.00e+00 3.00e+00 3.00e+00 3.00e+00 3.00e+00
   3.00e+00 3.00e+00 3.00e+00]
  [-2.77e+00 -2.77e+00 -3.72e+00 -3.72e+00 -2.77e+00 -5.13e+00 -1.04e+01
   -1.04e+01 -5.13e+00 -2.77e+00]]

 [[3.50e-07 1.66e-07 2.76e-07 5.76e-08 4.93e-07 4.12e-08 2.21e-07
   2.19e-07 1.52e-07 8.18e-08]
  [3.00e+00 3.00e+00 3.00e+00 3.00e+00 3.00e+00 3.00e+00 3.00e+00
   3.00e+00 3.00e+00 3.00e+00]
  [-1.04e+01 -1.84e+00 -1.04e+01 -2.75e+00 -5.09e+00 -3.72e+00 -1.04e+01
   -3.72e+00 -2.77e+00 -2.77e+00]]

 [[1.67e-07 2.17e-07 1.22e-07 7.53e-08 2.22e-07 8.91e-08 2.93e-07
   2.28e-07 6.80e-08 1.22e-07]
  [3.00e+00 3.00e+00 3.00e+00 3.00e+00 3.00e+00 3.00e+00 3.00e+00
   3.00e+00 3.00e+00 3.00e+00]
  [-5.13e+00 -5.09e+00 -3.72e+00 -2.75e+00 -2.77e+00 -2.75e+00 -2.75e+00
   -1.04e+01 -5.09e+00 -2.77e+00]]

 [[2.41e-07 5.95e-07 8.80e-07 1.14e-06 2.57e-07 7.06e-07 5.56e-07
   1.14e-06 9.99e-07 1.50e-06]
  [3.00e+00 3.00e+00 3.00e+00 3.00e+00 3.00e+00 3.00e+00 3.00e+00
   3.00e+00 3.00e+00 3.00e+00]
  [-2.77e+00 -1.04e+01 -1.04e+01 -1.84e+00 -2.77e+00 -3.72e+00 -2.77e+00
   -1.04e+01 -2.77e+00 -1.04e+01]]

 [[4.18e-07 4.27e-07 1.08e-06 3.59e-07 1.43e-06 1.13e-06 6.97e-07
   6.20e-07 3.41e-06 1.56e-06]
  [3.00e+00 3.00e+00 3.00e+00 3.00e+00 3.00e+00 3.00e+00 3.00e+00
   3.00e+00 3.00e+00 3.00e+00]
  [-2.75e+00 -1.04e+01 -1.84e+00 -5.09e+00 -2.77e+00 -5.13e+00 -1.04e+01
   -1.84e+00 -1.84e+00 -5.13e+00]]

 [[4.85e-07 1.46e-06 5.54e-07 5.52e-07 7.57e-07 1.36e-06 1.90e-07
   1.14e-06 1.66e-06 1.23e-06]
  [3.00e+00 3.00e+00 3.00e+00 3.00e+00 3.00e+00 3.00e+00 3.00e+00
   3.00e+00 3.00e+00 3.00e+00]
  [-2.75e+00 -2.77e+00 -3.72e+00 -2.75e+00 -2.77e+00 -1.04e+01 -3.72e+00
   -1.04e+01 -1.04e+01 -5.09e+00]]

 [[5.42e-06 8.51e-06 6.21e-06 3.63e-06 3.50e-06 3.04e-06 2.50e-06
   4.68e-06 3.74e-06 1.45e-05]
  [3.00e+00 3.00e+00 3.00e+00 3.00e+00 3.00e+00 3.00e+00 3.00e+00
   3.00e+00 3.00e+00 3.00e+00]
  [-1.04e+01 -1.04e+01 -5.13e+00 -3.72e+00 -2.75e+00 -3.72e+00 -1.04e+01
   -3.72e+00 -1.04e+01 -2.77e+00]]

 [[7.28e-06 1.93e-05 1.79e-06 3.02e-06 4.94e-06 4.48e-06 1.77e-06
   8.14e-06 4.21e-06 1.35e-05]
  [3.00e+00 3.00e+00 3.00e+00 3.00e+00 3.00e+00 3.00e+00 3.00e+00
   3.00e+00 3.00e+00 3.00e+00]
  [-1.04e+01 -1.04e+01 -2.77e+00 -3.72e+00 -3.72e+00 -2.77e+00 -2.77e+00
   -1.04e+01 -5.09e+00 -1.04e+01]]

 [[4.89e-06 5.76e-06 3.88e-06 4.30e-06 1.07e-05 8.88e-07 1.19e-06
   9.21e-06 1.70e-05 3.69e-06]
  [3.00e+00 3.00e+00 3.00e+00 3.00e+00 3.00e+00 3.00e+00 3.00e+00
   3.00e+00 3.00e+00 3.00e+00]
  [-3.72e+00 -5.13e+00 -3.72e+00 -2.77e+00 -2.77e+00 -2.75e+00 -1.04e+01
   -2.75e+00 -2.75e+00 -3.72e+00]]

 [[2.62e+00 5.54e+01 9.66e+01 1.93e+01 4.56e-11 6.04e-10 1.77e-10
   3.41e+01 1.25e-10 3.22e-11]
  [3.00e+00 3.00e+00 3.00e+01 3.00e+00 3.00e+00 3.00e+00 3.00e+00
   3.00e+00 3.00e+00 3.00e+00]
  [-1.04e+01 -1.04e+01 -2.75e+00 -3.72e+00 -2.77e+00 -3.72e+00 -3.72e+00
   -1.04e+01 -3.72e+00 -3.72e+00]]

 [[1.79e-10 1.99e-08 1.25e-09 5.21e-10 2.00e-10 3.88e+00 2.19e-10
   5.84e-01 2.61e-10 4.44e-10]
  [3.00e+00 3.00e+01 3.00e+00 3.00e+01 3.00e+00 3.00e+00 3.00e+00
   3.00e+00 3.00e+00 3.00e+00]
  [-5.09e+00 -2.77e+00 -3.72e+00 -2.75e+00 -3.72e+00 -1.04e+01 -2.75e+00
   -2.75e+00 -1.04e+01 -1.04e+01]]

 [[3.09e-10 9.38e+00 1.05e+00 3.34e+02 1.21e-10 9.80e-11 5.38e+00
   3.95e+01 4.27e-01 6.31e-11]
  [3.00e+00 3.00e+00 3.00e+00 3.00e+00 3.00e+00 3.00e+00 3.00e+01
   3.00e+00 3.00e+00 3.00e+00]
  [-3.72e+00 -3.72e+00 -2.75e+00 -5.13e+00 -2.75e+00 -1.84e+00 -2.75e+00
   -2.77e+00 -1.04e+01 -2.75e+00]]

 [[7.46e-09 2.05e-08 1.33e-08 6.59e-09 3.31e-09 6.07e-09 1.41e-08
   7.44e-09 1.15e-08 8.22e-09]
  [3.00e+00 3.00e+00 3.00e+00 3.00e+00 3.00e+00 3.00e+00 3.00e+00
   3.00e+00 3.00e+00 3.00e+00]
  [-3.72e+00 -5.09e+00 -3.72e+00 -1.04e+01 -1.04e+01 -1.04e+01 -2.75e+00
   -2.75e+00 -1.04e+01 -5.09e+00]]

 [[1.45e-08 2.41e-08 1.47e-08 7.90e-09 2.60e-08 2.96e-08 5.20e-08
   2.01e-08 3.29e-08 6.56e-09]
  [3.00e+00 3.00e+00 3.00e+00 3.00e+00 3.00e+00 3.00e+00 3.00e+00
   3.00e+00 3.00e+00 3.00e+00]
  [-1.04e+01 -5.09e+00 -5.13e+00 -1.04e+01 -1.84e+00 -1.04e+01 -3.72e+00
   -2.77e+00 -1.04e+01 -1.84e+00]]

 [[1.66e-08 2.55e-08 2.23e-08 1.91e-08 9.43e-09 1.32e-08 9.16e-09
   2.14e-08 1.13e-08 5.12e-08]
  [3.00e+00 3.00e+00 3.00e+00 3.00e+00 3.00e+00 3.00e+00 3.00e+00
   3.00e+00 3.00e+00 3.00e+00]
  [-2.75e+00 -3.72e+00 -2.77e+00 -5.09e+00 -1.84e+00 -5.13e+00 -5.13e+00
   -2.77e+00 -2.75e+00 -5.13e+00]]

 [[9.14e-08 3.27e-08 1.01e-07 4.98e-08 4.69e-08 1.66e-07 8.84e-08
   1.97e-08 1.12e-08 1.58e-07]
  [3.00e+00 3.00e+00 3.00e+00 3.00e+00 3.00e+00 3.00e+00 3.00e+00
   3.00e+00 3.00e+00 3.00e+00]
  [-2.75e+00 -3.72e+00 -1.04e+01 -3.72e+00 -1.04e+01 -3.72e+00 -2.77e+00
   -1.04e+01 -2.77e+00 -1.04e+01]]

 [[6.34e-08 2.66e-08 3.50e-08 6.95e-08 4.31e-08 4.03e-08 4.89e-08
   8.26e-08 2.75e-07 1.64e-08]
  [3.00e+00 3.00e+00 3.00e+00 3.00e+00 3.00e+00 3.00e+00 3.00e+00
   3.00e+00 3.00e+00 3.00e+00]
  [-1.04e+01 -5.09e+00 -3.72e+00 -3.72e+00 -3.72e+00 -1.04e+01 -1.04e+01
   -5.09e+00 -1.04e+01 -2.77e+00]]

 [[1.72e-07 4.49e-08 4.31e-08 1.31e-08 6.20e-08 2.80e-08 4.77e-08
   4.47e-08 1.04e-07 3.17e-08]
  [3.00e+00 3.00e+00 3.00e+00 3.00e+00 3.00e+00 3.00e+00 3.00e+00
   3.00e+00 3.00e+00 3.00e+00]
  [-3.72e+00 -3.72e+00 -2.77e+00 -1.04e+01 -1.04e+01 -1.04e+01 -1.04e+01
   -2.75e+00 -1.04e+01 -5.09e+00]]

 [[4.54e-08 2.04e-07 2.10e-07 4.86e-07 3.38e-07 1.98e-07 8.64e-08
   2.44e-07 1.78e-07 1.04e-07]
  [3.00e+00 3.00e+00 3.00e+00 3.00e+00 3.00e+00 3.00e+00 3.00e+00
   3.00e+00 3.00e+00 3.00e+00]
  [-1.04e+01 -5.13e+00 -2.75e+00 -3.72e+00 -3.72e+00 -2.75e+00 -5.13e+00
   -1.04e+01 -3.72e+00 -3.72e+00]]

 [[1.93e-07 1.36e-07 3.29e-08 1.41e-07 1.67e-07 1.02e-07 7.47e-08
   7.94e-08 4.08e-07 1.03e-07]
  [3.00e+00 3.00e+00 3.00e+00 3.00e+00 3.00e+00 3.00e+00 3.00e+00
   3.00e+00 3.00e+00 3.00e+00]
  [-5.13e+00 -5.13e+00 -1.04e+01 -1.04e+01 -1.04e+01 -3.72e+00 -5.13e+00
   -1.04e+01 -3.72e+00 -2.75e+00]]

 [[1.43e-07 2.55e-07 3.18e-07 2.19e-07 2.51e-07 3.31e-07 9.59e-08
   7.10e-08 2.43e-07 1.74e-07]
  [3.00e+00 3.00e+00 3.00e+00 3.00e+00 3.00e+00 3.00e+00 3.00e+00
   3.00e+00 3.00e+00 3.00e+00]
  [-3.72e+00 -3.72e+00 -2.77e+00 -1.04e+01 -2.77e+00 -2.75e+00 -1.04e+01
   -3.72e+00 -1.04e+01 -1.04e+01]]

 [[6.50e-07 4.06e-07 4.85e-07 7.17e-07 1.78e-07 5.50e-07 2.53e-06
   4.37e-07 1.17e-06 5.86e-07]
  [3.00e+00 3.00e+00 3.00e+00 3.00e+00 3.00e+00 3.00e+00 3.00e+00
   3.00e+00 3.00e+00 3.00e+00]
  [-3.72e+00 -2.75e+00 -2.75e+00 -1.04e+01 -1.04e+01 -5.13e+00 -1.04e+01
   -5.13e+00 -1.04e+01 -2.77e+00]]

 [[2.69e-06 6.91e-07 9.11e-07 6.99e-07 1.73e-06 2.70e-07 9.50e-07
   6.93e-07 3.71e-07 7.42e-07]
  [3.00e+00 3.00e+00 3.00e+00 3.00e+00 3.00e+00 3.00e+00 3.00e+00
   3.00e+00 3.00e+00 3.00e+00]
  [-5.09e+00 -3.72e+00 -2.77e+00 -1.04e+01 -3.72e+00 -1.04e+01 -2.77e+00
   -2.75e+00 -1.04e+01 -2.77e+00]]

 [[1.03e-06 2.81e-07 4.95e-07 6.11e-07 7.36e-07 5.65e-07 1.32e-06
   1.15e-06 2.68e-07 8.07e-07]
  [3.00e+00 3.00e+00 3.00e+00 3.00e+00 3.00e+00 3.00e+00 3.00e+00
   3.00e+00 3.00e+00 3.00e+00]
  [-3.72e+00 -1.04e+01 -1.84e+00 -1.04e+01 -3.72e+00 -2.77e+00 -5.09e+00
   -5.09e+00 -5.13e+00 -2.75e+00]]

 [[6.57e-06 8.25e-06 2.86e-06 8.63e-06 5.00e-06 8.75e-06 5.82e-06
   1.90e-05 9.67e-06 4.82e-06]
  [3.00e+00 3.00e+00 3.00e+00 3.00e+00 3.00e+00 3.00e+00 3.00e+00
   3.00e+00 3.00e+00 3.00e+00]
  [-3.72e+00 -2.75e+00 -2.77e+00 -5.09e+00 -1.04e+01 -5.09e+00 -3.72e+00
   -1.04e+01 -5.13e+00 -2.77e+00]]

 [[8.96e-06 4.68e-06 2.75e-06 3.27e-06 4.59e-06 3.33e-06 4.33e-06
   1.51e-06 1.37e-05 1.49e-06]
  [3.00e+00 3.00e+00 3.00e+00 3.00e+00 3.00e+00 3.00e+00 3.00e+00
   3.00e+00 3.00e+00 3.00e+00]
  [-2.77e+00 -3.72e+00 -2.77e+00 -5.09e+00 -2.75e+00 -1.04e+01 -1.04e+01
   -5.09e+00 -1.04e+01 -1.04e+01]]

 [[1.74e-05 4.07e-06 8.10e-06 1.23e-05 2.47e-06 1.29e-06 6.56e-06
   5.57e-06 1.22e-05 2.86e-06]
  [3.00e+00 3.00e+00 3.00e+00 3.00e+00 3.00e+00 3.00e+00 3.00e+00
   3.00e+00 3.00e+00 3.00e+00]
  [-3.72e+00 -3.72e+00 -5.13e+00 -5.09e+00 -5.09e+00 -2.77e+00 -3.72e+00
   -2.75e+00 -5.13e+00 -5.13e+00]]

 [[1.29e-10 2.09e+01 3.48e-10 5.98e+00 7.11e-11 6.05e+01 1.45e-10
   7.08e-11 4.73e-11 2.09e+00]
  [3.00e+00 3.00e+00 3.00e+00 3.00e+00 3.00e+00 3.00e+00 3.00e+00
   3.00e+00 3.00e+00 3.00e+00]
  [-1.04e+01 -1.04e+01 -2.75e+00 -1.04e+01 -3.72e+00 -5.09e+00 -5.13e+00
   -2.75e+00 -1.04e+01 -2.75e+00]]

 [[1.27e-11 3.94e-11 9.27e-11 6.94e-11 1.84e+01 4.85e+01 1.21e-10
   1.68e-11 5.50e-11 4.43e-01]
  [3.00e+00 3.00e+00 3.00e+01 3.00e+00 3.00e+00 3.00e+00 3.00e+00
   3.00e+00 3.00e+00 3.00e+01]
  [-1.84e+00 -2.77e+00 -3.72e+00 -1.84e+00 -1.04e+01 -3.72e+00 -1.04e+01
   -1.84e+00 -2.77e+00 -3.72e+00]]

 [[3.88e-11 5.80e-11 1.84e-11 5.31e-11 4.68e-11 1.67e-11 7.71e-11
   1.10e+01 2.69e-09 4.99e-11]
  [3.00e+00 3.00e+00 3.00e+00 3.00e+00 3.00e+00 3.00e+00 3.00e+00
   3.00e+00 3.00e+00 3.00e+00]
  [-1.04e+01 -1.04e+01 -3.72e+00 -3.72e+00 -3.72e+00 -2.77e+00 -2.77e+00
   -2.75e+00 -1.04e+01 -5.13e+00]]

 [[4.02e-09 5.52e-09 6.19e-09 2.78e-09 4.18e-09 7.66e-09 4.63e-09
   2.47e-09 8.32e-09 1.72e-08]
  [3.00e+00 3.00e+01 3.00e+00 3.00e+00 3.00e+01 3.00e+00 3.00e+00
   3.00e+00 3.00e+00 3.00e+00]
  [-1.04e+01 -3.72e+00 -5.09e+00 -1.04e+01 -1.04e+01 -2.77e+00 -3.72e+00
   -1.04e+01 -1.04e+01 -5.09e+00]]

 [[6.03e-09 4.22e-09 2.23e-09 2.12e-08 9.02e-09 7.74e-09 1.96e-09
   4.23e-09 5.48e-09 1.84e-09]
  [3.00e+00 3.00e+00 3.00e+00 3.00e+00 3.00e+00 3.00e+00 3.00e+00
   3.00e+00 3.00e+00 3.00e+00]
  [-2.77e+00 -1.04e+01 -5.13e+00 -3.72e+00 -2.75e+00 -1.84e+00 -3.72e+00
   -1.84e+00 -5.09e+00 -1.04e+01]]

 [[3.71e-09 1.40e-08 4.63e-09 4.72e-09 6.97e-09 6.23e-09 2.93e-09
   3.70e-09 3.07e-09 2.10e-09]
  [3.00e+00 3.00e+00 3.00e+00 3.00e+00 3.00e+00 3.00e+00 3.00e+00
   3.00e+01 3.00e+00 3.00e+00]
  [-3.72e+00 -1.04e+01 -1.04e+01 -3.72e+00 -2.77e+00 -1.04e+01 -5.09e+00
   -2.75e+00 -1.84e+00 -3.72e+00]]

 [[2.28e-08 1.98e-08 5.11e-08 7.27e-09 2.86e-08 5.19e-08 2.81e-08
   1.48e-08 1.95e-08 1.47e-08]
  [3.00e+00 3.00e+00 3.00e+00 3.00e+00 3.00e+00 3.00e+00 3.00e+00
   3.00e+00 3.00e+00 3.00e+00]
  [-2.75e+00 -1.04e+01 -3.72e+00 -1.04e+01 -3.72e+00 -2.77e+00 -3.72e+00
   -3.72e+00 -1.04e+01 -1.84e+00]]

 [[2.92e-08 7.80e-09 4.40e-08 1.71e-08 4.85e-09 6.18e-09 6.11e-08
   3.68e-08 4.88e-08 2.96e-08]
  [3.00e+00 3.00e+00 3.00e+00 3.00e+00 3.00e+00 3.00e+00 3.00e+00
   3.00e+00 3.00e+00 3.00e+00]
  [-1.04e+01 -1.04e+01 -2.77e+00 -5.09e+00 -2.75e+00 -2.77e+00 -3.72e+00
   -2.77e+00 -1.04e+01 -1.84e+00]]

 [[2.23e-08 4.38e-09 1.46e-08 2.78e-08 3.27e-08 2.23e-08 7.18e-09
   9.00e-09 2.49e-08 3.61e-08]
  [3.00e+00 3.00e+00 3.00e+00 3.00e+00 3.00e+00 3.00e+00 3.00e+00
   3.00e+00 3.00e+00 3.00e+00]
  [-3.72e+00 -5.09e+00 -2.75e+00 -1.04e+01 -1.84e+00 -2.77e+00 -1.04e+01
   -2.75e+00 -2.77e+00 -5.09e+00]]

 [[1.69e-08 1.05e-07 1.40e-07 6.24e-08 6.54e-08 6.58e-08 1.04e-07
   4.18e-08 4.08e-08 3.20e-07]
  [3.00e+00 3.00e+00 3.00e+00 3.00e+00 3.00e+00 3.00e+00 3.00e+00
   3.00e+00 3.00e+00 3.00e+00]
  [-5.09e+00 -2.77e+00 -3.72e+00 -3.72e+00 -1.04e+01 -3.72e+00 -2.77e+00
   -1.04e+01 -1.04e+01 -5.13e+00]]

 [[1.14e-07 1.08e-07 5.22e-08 4.34e-08 9.08e-08 7.04e-08 3.86e-08
   3.05e-08 4.27e-08 2.98e-08]
  [3.00e+00 3.00e+00 3.00e+00 3.00e+00 3.00e+00 3.00e+00 3.00e+00
   3.00e+00 3.00e+00 3.00e+00]
  [-3.72e+00 -1.04e+01 -2.75e+00 -2.75e+00 -3.72e+00 -1.04e+01 -1.04e+01
   -1.04e+01 -1.04e+01 -3.72e+00]]

 [[1.13e-08 2.22e-08 2.64e-08 4.28e-08 1.14e-07 1.32e-07 1.79e-07
   4.05e-08 1.97e-08 6.44e-08]
  [3.00e+00 3.00e+00 3.00e+00 3.00e+00 3.00e+00 3.00e+00 3.00e+00
   3.00e+00 3.00e+00 3.00e+00]
  [-3.72e+00 -2.75e+00 -5.13e+00 -1.04e+01 -5.09e+00 -3.72e+00 -1.04e+01
   -1.04e+01 -1.04e+01 -1.04e+01]]

 [[3.66e-07 1.83e-07 4.96e-07 5.93e-07 9.88e-08 2.94e-07 1.49e-07
   5.87e-07 1.24e-07 1.14e-06]
  [3.00e+00 3.00e+00 3.00e+00 3.00e+00 3.00e+00 3.00e+00 3.00e+00
   3.00e+00 3.00e+00 3.00e+00]
  [-1.04e+01 -2.77e+00 -2.75e+00 -2.77e+00 -5.13e+00 -5.13e+00 -5.09e+00
   -5.09e+00 -5.13e+00 -2.75e+00]]

 [[4.34e-07 2.41e-07 3.13e-07 1.76e-07 2.93e-07 2.43e-07 3.14e-07
   3.39e-07 1.16e-07 1.90e-07]
  [3.00e+00 3.00e+00 3.00e+00 3.00e+00 3.00e+00 3.00e+00 3.00e+00
   3.00e+00 3.00e+00 3.00e+00]
  [-2.77e+00 -2.75e+00 -1.04e+01 -2.75e+00 -2.75e+00 -3.72e+00 -1.04e+01
   -3.72e+00 -1.04e+01 -1.04e+01]]

 [[3.32e-07 5.48e-07 2.02e-07 1.39e-07 8.22e-07 3.17e-07 3.84e-07
   5.80e-07 2.24e-07 3.30e-07]
  [3.00e+00 3.00e+00 3.00e+00 3.00e+00 3.00e+00 3.00e+00 3.00e+00
   3.00e+00 3.00e+00 3.00e+00]
  [-1.04e+01 -5.09e+00 -1.04e+01 -2.77e+00 -5.09e+00 -2.77e+00 -1.04e+01
   -5.09e+00 -3.72e+00 -1.04e+01]]

 [[2.55e-06 2.68e-06 1.72e-06 3.03e-06 2.35e-06 2.42e-06 2.23e-06
   2.31e-06 1.97e-06 1.93e-06]
  [3.00e+00 3.00e+00 3.00e+00 3.00e+00 3.00e+00 3.00e+00 3.00e+00
   3.00e+00 3.00e+00 3.00e+00]
  [-1.04e+01 -1.84e+00 -3.72e+00 -2.75e+00 -2.77e+00 -2.75e+00 -5.09e+00
   -5.13e+00 -2.75e+00 -1.04e+01]]

 [[2.65e-06 2.30e-06 2.09e-06 6.83e-06 7.46e-07 1.76e-06 2.68e-06
   1.31e-06 3.70e-06 3.46e-07]
  [3.00e+00 3.00e+00 3.00e+00 3.00e+00 3.00e+00 3.00e+00 3.00e+00
   3.00e+00 3.00e+00 3.00e+00]
  [-2.75e+00 -2.77e+00 -1.84e+00 -5.09e+00 -1.04e+01 -1.04e+01 -2.75e+00
   -5.13e+00 -5.13e+00 -1.04e+01]]

 [[2.65e-06 1.27e-06 2.33e-06 2.37e-06 5.26e-06 1.29e-06 4.84e-06
   2.83e-06 2.09e-06 2.32e-06]
  [3.00e+00 3.00e+00 3.00e+00 3.00e+00 3.00e+00 3.00e+00 3.00e+00
   3.00e+00 3.00e+00 3.00e+00]
  [-1.04e+01 -5.13e+00 -2.77e+00 -1.84e+00 -1.04e+01 -3.72e+00 -2.77e+00
   -3.72e+00 -1.04e+01 -5.09e+00]]

 [[5.94e-11 1.55e-11 1.24e-10 1.43e-10 2.51e-10 8.00e-11 3.04e-11
   8.24e-11 2.93e-10 4.18e-11]
  [3.00e+00 3.00e+00 3.00e+00 3.00e+00 3.00e+00 3.00e+00 3.00e+00
   3.00e+00 3.00e+00 3.00e+00]
  [-1.04e+01 -2.75e+00 -1.04e+01 -2.77e+00 -5.09e+00 -3.72e+00 -3.72e+00
   -3.72e+00 -5.09e+00 -1.04e+01]]

 [[1.56e-10 2.43e-11 4.06e-11 4.13e-11 1.28e-10 7.27e-11 8.49e-11
   3.32e-11 3.55e-11 1.09e-10]
  [3.00e+00 3.00e+00 3.00e+00 3.00e+00 3.00e+00 3.00e+00 3.00e+00
   3.00e+00 3.00e+00 3.00e+00]
  [-3.72e+00 -3.72e+00 -1.04e+01 -1.84e+00 -1.04e+01 -5.13e+00 -5.09e+00
   -1.04e+01 -1.04e+01 -2.77e+00]]

 [[2.10e-11 3.51e-11 5.65e-12 3.64e-11 1.59e-11 3.68e-11 1.10e-10
   2.93e-11 1.16e-10 2.28e-11]
  [3.00e+00 3.00e+00 3.00e+00 3.00e+00 3.00e+00 3.00e+00 3.00e+00
   3.00e+00 3.00e+00 3.00e+00]
  [-5.09e+00 -1.04e+01 -1.04e+01 -1.04e+01 -3.72e+00 -2.77e+00 -1.04e+01
   -5.13e+00 -5.13e+00 -2.77e+00]]

 [[6.98e-09 8.72e-09 7.74e-09 8.32e-09 3.90e-09 2.64e-09 3.57e-09
   1.13e-09 5.22e-09 4.20e-10]
  [3.00e+00 3.00e+00 3.00e+00 3.00e+00 3.00e+00 3.00e+00 3.00e+00
   3.00e+00 3.00e+00 3.00e+00]
  [-2.75e+00 -2.77e+00 -1.84e+00 -5.13e+00 -2.75e+00 -5.13e+00 -1.84e+00
   -3.72e+00 -5.09e+00 -2.75e+00]]

 [[1.31e-09 2.19e-09 1.85e-08 1.08e-08 1.86e-09 6.06e-09 5.84e-09
   1.35e-08 2.44e-09 2.19e-09]
  [3.00e+00 3.00e+00 3.00e+00 3.00e+00 3.00e+00 3.00e+00 3.00e+00
   3.00e+01 3.00e+01 3.00e+00]
  [-2.75e+00 -2.75e+00 -2.75e+00 -1.04e+01 -1.04e+01 -2.77e+00 -1.04e+01
   -3.72e+00 -3.72e+00 -1.04e+01]]

 [[9.10e-09 1.84e-09 2.64e-09 1.31e-08 3.87e-09 2.26e-09 5.48e-09
   3.57e-09 5.90e-09 4.50e-09]
  [3.00e+00 3.00e+00 3.00e+00 3.00e+00 3.00e+00 3.00e+00 3.00e+00
   3.00e+00 3.00e+00 3.00e+00]
  [-2.75e+00 -1.04e+01 -3.72e+00 -3.72e+00 -2.77e+00 -3.72e+00 -2.75e+00
   -2.75e+00 -2.77e+00 -1.04e+01]]

 [[6.44e-08 2.78e-08 2.23e-08 3.67e-08 1.66e-08 2.29e-08 2.30e-08
   1.18e-08 1.00e-08 6.18e-09]
  [3.00e+00 3.00e+00 3.00e+00 3.00e+00 3.00e+00 3.00e+00 3.00e+00
   3.00e+00 3.00e+00 3.00e+00]
  [-2.77e+00 -3.72e+00 -1.84e+00 -2.75e+00 -3.72e+00 -2.75e+00 -3.72e+00
   -2.77e+00 -5.09e+00 -3.72e+00]]

 [[2.78e-08 5.97e-09 3.42e-08 5.15e-08 1.56e-08 2.38e-08 1.79e-08
   8.16e-08 1.22e-08 2.36e-08]
  [3.00e+00 3.00e+00 3.00e+00 3.00e+00 3.00e+00 3.00e+00 3.00e+00
   3.00e+00 3.00e+00 3.00e+00]
  [-2.75e+00 -1.04e+01 -5.13e+00 -5.09e+00 -5.13e+00 -2.77e+00 -5.09e+00
   -1.04e+01 -1.84e+00 -3.72e+00]]

 [[3.70e-08 1.82e-08 1.49e-08 3.60e-08 2.02e-08 1.39e-08 1.42e-08
   2.26e-08 1.52e-08 4.17e-08]
  [3.00e+00 3.00e+00 3.00e+00 3.00e+00 3.00e+00 3.00e+00 3.00e+00
   3.00e+00 3.00e+00 3.00e+00]
  [-2.75e+00 -1.04e+01 -3.72e+00 -1.84e+00 -2.75e+00 -2.77e+00 -2.77e+00
   -2.77e+00 -3.72e+00 -1.84e+00]]

 [[1.17e-07 7.29e-08 3.09e-08 3.96e-08 3.91e-08 1.37e-07 4.62e-08
   6.52e-08 1.74e-07 1.90e-08]
  [3.00e+00 3.00e+00 3.00e+00 3.00e+00 3.00e+00 3.00e+00 3.00e+00
   3.00e+00 3.00e+00 3.00e+00]
  [-2.75e+00 -2.77e+00 -3.72e+00 -5.09e+00 -2.75e+00 -1.04e+01 -5.13e+00
   -3.72e+00 -1.84e+00 -3.72e+00]]

 [[2.00e-08 2.15e-08 1.06e-07 7.13e-08 2.65e-08 2.91e-08 4.69e-08
   1.84e-08 5.29e-08 1.05e-07]
  [3.00e+00 3.00e+00 3.00e+00 3.00e+00 3.00e+00 3.00e+00 3.00e+00
   3.00e+00 3.00e+00 3.00e+00]
  [-5.09e+00 -5.13e+00 -2.75e+00 -3.72e+00 -1.04e+01 -1.84e+00 -2.75e+00
   -1.04e+01 -5.13e+00 -5.13e+00]]

 [[1.45e-08 4.85e-08 3.79e-08 1.11e-07 3.22e-08 7.09e-08 8.35e-09
   1.24e-07 4.40e-08 2.70e-08]
  [3.00e+00 3.00e+00 3.00e+00 3.00e+00 3.00e+00 3.00e+00 3.00e+00
   3.00e+00 3.00e+00 3.00e+00]
  [-3.72e+00 -2.75e+00 -2.75e+00 -2.77e+00 -1.84e+00 -2.77e+00 -3.72e+00
   -2.77e+00 -3.72e+00 -3.72e+00]]

 [[1.95e-07 2.48e-07 1.36e-07 5.09e-07 1.79e-07 3.08e-07 3.54e-07
   1.74e-07 4.75e-07 9.11e-08]
  [3.00e+00 3.00e+00 3.00e+00 3.00e+00 3.00e+00 3.00e+00 3.00e+00
   3.00e+00 3.00e+00 3.00e+00]
  [-1.04e+01 -1.04e+01 -3.72e+00 -1.04e+01 -5.13e+00 -3.72e+00 -1.04e+01
   -1.04e+01 -5.13e+00 -3.72e+00]]

 [[1.29e-07 1.19e-06 3.01e-07 2.02e-07 5.02e-07 2.71e-07 1.18e-07
   3.50e-07 4.21e-07 5.82e-07]
  [3.00e+00 3.00e+00 3.00e+00 3.00e+00 3.00e+00 3.00e+00 3.00e+00
   3.00e+00 3.00e+00 3.00e+00]
  [-1.04e+01 -5.13e+00 -2.77e+00 -2.77e+00 -5.13e+00 -5.13e+00 -5.13e+00
   -1.04e+01 -5.09e+00 -1.04e+01]]

 [[7.11e-07 1.38e-07 1.53e-07 2.81e-07 2.63e-07 9.49e-08 5.91e-07
   5.41e-07 1.60e-07 6.27e-07]
  [3.00e+00 3.00e+00 3.00e+00 3.00e+00 3.00e+00 3.00e+00 3.00e+00
   3.00e+00 3.00e+00 3.00e+00]
  [-3.72e+00 -5.13e+00 -3.72e+00 -2.75e+00 -1.04e+01 -2.75e+00 -2.77e+00
   -2.77e+00 -2.77e+00 -2.77e+00]]

 [[1.55e-06 9.97e-07 2.65e-06 2.26e-06 1.20e-06 1.41e-06 1.20e-06
   6.82e-06 6.92e-06 1.13e-06]
  [3.00e+00 3.00e+00 3.00e+00 3.00e+00 3.00e+00 3.00e+00 3.00e+00
   3.00e+00 3.00e+00 3.00e+00]
  [-2.75e+00 -2.77e+00 -1.04e+01 -1.04e+01 -2.75e+00 -5.13e+00 -1.04e+01
   -3.72e+00 -5.13e+00 -5.13e+00]]

 [[3.33e-06 2.97e-06 2.66e-06 1.74e-06 3.39e-06 2.11e-06 9.71e-07
   4.03e-07 4.49e-06 7.86e-07]
  [3.00e+00 3.00e+00 3.00e+00 3.00e+00 3.00e+00 3.00e+00 3.00e+00
   3.00e+00 3.00e+00 3.00e+00]
  [-1.04e+01 -5.13e+00 -2.75e+00 -2.75e+00 -5.13e+00 -1.04e+01 -1.04e+01
   -1.04e+01 -2.77e+00 -5.09e+00]]

 [[1.71e-06 3.05e-06 2.28e-06 7.71e-07 2.90e-06 2.04e-06 1.90e-06
   6.54e-07 2.09e-06 2.09e-06]
  [3.00e+00 3.00e+00 3.00e+00 3.00e+00 3.00e+00 3.00e+00 3.00e+00
   3.00e+00 3.00e+00 3.00e+00]
  [-3.72e+00 -3.72e+00 -1.04e+01 -5.13e+00 -1.04e+01 -1.84e+00 -1.04e+01
   -1.04e+01 -5.13e+00 -2.75e+00]]

 [[1.93e-10 4.43e-11 1.52e-10 3.80e-12 1.01e-10 2.29e+01 2.47e-09
   2.82e-10 1.21e+02 2.21e-10]
  [3.00e+00 3.00e+00 3.00e+00 3.00e+00 3.00e+00 3.00e+00 3.00e+00
   3.00e+00 3.00e+00 3.00e+01]
  [-5.13e+00 -2.75e+00 -3.72e+00 -3.72e+00 -1.04e+01 -2.77e+00 -1.04e+01
   -1.04e+01 -1.04e+01 -2.77e+00]]

 [[3.37e-11 2.46e-11 2.39e-11 7.57e-12 4.21e-11 1.24e+02 1.73e-11
   8.35e-12 1.95e-11 1.26e-11]
  [3.00e+00 3.00e+00 3.00e+00 3.00e+01 3.00e+00 3.00e+00 3.00e+00
   3.00e+00 3.00e+00 3.00e+00]
  [-2.75e+00 -5.13e+00 -3.72e+00 -1.84e+00 -1.04e+01 -1.04e+01 -1.04e+01
   -1.04e+01 -1.04e+01 -5.09e+00]]

 [[4.53e-11 8.78e-08 5.85e-11 7.98e-12 7.99e-12 1.45e-11 1.99e-11
   1.47e-10 3.56e-11 5.57e-12]
  [3.00e+00 3.00e+00 3.00e+00 3.00e+00 3.00e+00 3.00e+00 3.00e+00
   3.00e+00 3.00e+01 3.00e+00]
  [-3.72e+00 -3.72e+00 -2.77e+00 -3.72e+00 -5.13e+00 -2.75e+00 -5.13e+00
   -2.75e+00 -1.04e+01 -1.04e+01]]

 [[4.62e-09 5.25e-09 2.38e-09 2.14e-09 3.72e-09 5.62e-09 3.49e-09
   1.23e-08 9.16e-09 4.02e-09]
  [3.00e+00 3.00e+00 3.00e+00 3.00e+00 3.00e+00 3.00e+00 3.00e+00
   3.00e+00 3.00e+00 3.00e+00]
  [-1.84e+00 -5.09e+00 -1.04e+01 -2.75e+00 -2.75e+00 -5.13e+00 -1.04e+01
   -2.77e+00 -1.84e+00 -2.77e+00]]

 [[8.66e-10 4.16e-09 3.19e-09 3.59e-09 8.47e-09 2.53e-09 1.57e-09
   1.41e-08 1.00e-08 4.79e-09]
  [3.00e+00 3.00e+00 3.00e+00 3.00e+01 3.00e+00 3.00e+00 3.00e+00
   3.00e+00 3.00e+00 3.00e+00]
  [-2.75e+00 -3.72e+00 -1.04e+01 -3.72e+00 -2.77e+00 -2.77e+00 -1.04e+01
   -5.13e+00 -2.77e+00 -1.04e+01]]

 [[1.15e-08 3.31e-09 6.83e-09 3.22e-09 3.19e-09 2.74e-09 3.37e-09
   5.23e-09 4.14e-09 4.07e-09]
  [3.00e+00 3.00e+00 3.00e+00 3.00e+01 3.00e+00 3.00e+00 3.00e+00
   3.00e+00 3.00e+00 3.00e+00]
  [-1.04e+01 -1.84e+00 -5.13e+00 -2.75e+00 -1.04e+01 -1.04e+01 -1.04e+01
   -3.72e+00 -3.72e+00 -2.75e+00]]

 [[2.83e-08 4.19e-08 3.48e-08 2.76e-08 1.76e-08 1.70e-08 2.71e-08
   8.35e-09 3.83e-09 2.35e-08]
  [3.00e+00 3.00e+00 3.00e+00 3.00e+00 3.00e+00 3.00e+00 3.00e+00
   3.00e+00 3.00e+00 3.00e+00]
  [-1.84e+00 -1.04e+01 -1.04e+01 -2.77e+00 -1.04e+01 -3.72e+00 -2.77e+00
   -3.72e+00 -1.84e+00 -2.77e+00]]

 [[2.97e-08 4.59e-08 1.78e-08 2.05e-08 1.92e-08 2.83e-08 2.97e-08
   9.79e-09 5.69e-09 4.01e-08]
  [3.00e+00 3.00e+00 3.00e+00 3.00e+00 3.00e+00 3.00e+00 3.00e+00
   3.00e+00 3.00e+00 3.00e+00]
  [-3.72e+00 -2.75e+00 -1.04e+01 -2.75e+00 -1.84e+00 -1.84e+00 -3.72e+00
   -1.04e+01 -2.77e+00 -2.75e+00]]

 [[1.45e-08 2.86e-08 1.56e-08 3.39e-08 1.11e-08 9.33e-09 1.01e-08
   2.53e-08 3.41e-08 7.09e-09]
  [3.00e+00 3.00e+00 3.00e+00 3.00e+00 3.00e+00 3.00e+00 3.00e+00
   3.00e+00 3.00e+00 3.00e+00]
  [-1.04e+01 -1.04e+01 -1.04e+01 -3.72e+00 -3.72e+00 -2.75e+00 -1.04e+01
   -5.09e+00 -2.77e+00 -2.77e+00]]

 [[2.76e-08 2.32e-08 2.25e-08 3.00e-08 1.67e-08 8.84e-08 1.76e-07
   6.16e-08 8.47e-08 9.38e-09]
  [3.00e+00 3.00e+00 3.00e+00 3.00e+00 3.00e+00 3.00e+00 3.00e+00
   3.00e+00 3.00e+00 3.00e+00]
  [-5.09e+00 -1.04e+01 -2.75e+00 -2.75e+00 -1.84e+00 -1.04e+01 -1.04e+01
   -2.77e+00 -5.13e+00 -1.04e+01]]

 [[4.50e-08 6.27e-08 1.02e-07 8.25e-08 7.04e-08 1.71e-07 1.23e-07
   7.34e-08 2.46e-08 6.47e-08]
  [3.00e+00 3.00e+00 3.00e+00 3.00e+00 3.00e+00 3.00e+00 3.00e+00
   3.00e+00 3.00e+00 3.00e+00]
  [-2.75e+00 -2.77e+00 -2.75e+00 -5.13e+00 -1.04e+01 -2.77e+00 -1.04e+01
   -2.77e+00 -3.72e+00 -5.13e+00]]

 [[9.58e-08 1.75e-07 6.13e-08 3.39e-08 7.30e-08 7.32e-08 4.69e-08
   1.10e-07 1.36e-08 4.84e-08]
  [3.00e+00 3.00e+00 3.00e+00 3.00e+00 3.00e+00 3.00e+00 3.00e+00
   3.00e+00 3.00e+00 3.00e+00]
  [-1.04e+01 -5.13e+00 -2.75e+00 -1.84e+00 -2.75e+00 -2.75e+00 -5.09e+00
   -2.77e+00 -3.72e+00 -3.72e+00]]

 [[1.96e-07 4.89e-07 2.59e-07 1.84e-07 5.47e-07 1.28e-07 7.17e-07
   2.95e-07 1.48e-07 1.69e-07]
  [3.00e+00 3.00e+00 3.00e+00 3.00e+00 3.00e+00 3.00e+00 3.00e+00
   3.00e+00 3.00e+00 3.00e+00]
  [-1.04e+01 -3.72e+00 -1.04e+01 -3.72e+00 -5.13e+00 -2.75e+00 -2.75e+00
   -3.72e+00 -2.75e+00 -1.84e+00]]

 [[3.42e-07 2.33e-07 1.02e-07 4.08e-07 2.81e-07 3.42e-07 2.77e-07
   1.79e-07 1.82e-07 2.55e-07]
  [3.00e+00 3.00e+00 3.00e+00 3.00e+00 3.00e+00 3.00e+00 3.00e+00
   3.00e+00 3.00e+00 3.00e+00]
  [-5.09e+00 -5.13e+00 -5.09e+00 -3.72e+00 -1.04e+01 -2.75e+00 -5.13e+00
   -1.04e+01 -2.77e+00 -3.72e+00]]

 [[2.49e-07 1.00e-06 2.54e-07 3.17e-07 1.96e-07 1.54e-07 1.83e-07
   9.54e-08 5.82e-08 1.04e-06]
  [3.00e+00 3.00e+00 3.00e+00 3.00e+00 3.00e+00 3.00e+00 3.00e+00
   3.00e+00 3.00e+00 3.00e+00]
  [-3.72e+00 -2.77e+00 -1.04e+01 -2.77e+00 -3.72e+00 -5.09e+00 -3.72e+00
   -2.77e+00 -1.04e+01 -3.72e+00]]

 [[2.67e-06 1.17e-06 1.17e-06 7.92e-07 4.10e-07 3.76e-06 7.84e-06
   2.38e-06 1.05e-06 9.97e-07]
  [3.00e+00 3.00e+00 3.00e+00 3.00e+00 3.00e+00 3.00e+00 3.00e+00
   3.00e+00 3.00e+00 3.00e+00]
  [-1.04e+01 -2.75e+00 -1.84e+00 -3.72e+00 -3.72e+00 -2.77e+00 -2.75e+00
   -3.72e+00 -2.75e+00 -1.04e+01]]

 [[1.11e-06 1.32e-06 3.76e-06 1.34e-06 1.16e-06 3.38e-06 1.04e-06
   1.44e-06 2.78e-06 1.19e-06]
  [3.00e+00 3.00e+00 3.00e+00 3.00e+00 3.00e+00 3.00e+00 3.00e+00
   3.00e+00 3.00e+00 3.00e+00]
  [-1.04e+01 -3.72e+00 -3.72e+00 -5.09e+00 -3.72e+00 -2.75e+00 -1.04e+01
   -1.04e+01 -1.04e+01 -2.75e+00]]

 [[2.09e-07 7.68e-07 2.60e-06 1.85e-06 4.46e-06 3.29e-06 1.10e-06
   2.99e-06 2.69e-06 1.53e-06]
  [3.00e+00 3.00e+00 3.00e+00 3.00e+00 3.00e+00 3.00e+00 3.00e+00
   3.00e+00 3.00e+00 3.00e+00]
  [-2.77e+00 -1.04e+01 -3.72e+00 -3.72e+00 -2.77e+00 -1.04e+01 -1.04e+01
   -3.72e+00 -1.04e+01 -1.84e+00]]

 [[1.91e-11 2.80e-11 1.28e-11 4.55e-11 1.69e-10 3.55e-11 5.64e-11
   2.35e-11 5.26e-11 6.35e-11]
  [3.00e+00 3.00e+00 3.00e+01 3.00e+00 3.00e+00 3.00e+00 3.00e+00
   3.00e+00 3.00e+00 3.00e+00]
  [-3.72e+00 -1.04e+01 -5.09e+00 -5.13e+00 -3.72e+00 -3.72e+00 -1.84e+00
   -1.04e+01 -3.72e+00 -1.04e+01]]

 [[4.51e-09 6.32e-11 5.61e-11 1.61e-11 7.72e-11 3.95e-11 4.83e-11
   1.71e-11 2.69e-12 9.16e-11]
  [3.00e+00 3.00e+00 3.00e+00 3.00e+00 3.00e+00 3.00e+00 3.00e+00
   3.00e+00 3.00e+00 3.00e+00]
  [-1.84e+00 -2.77e+00 -3.72e+00 -3.72e+00 -5.09e+00 -3.72e+00 -1.84e+00
   -1.04e+01 -1.04e+01 -2.77e+00]]

 [[3.07e-11 8.12e-12 4.60e-11 1.60e-11 4.54e-12 3.57e-11 1.26e-11
   1.16e-11 4.34e-12 5.76e-12]
  [3.00e+00 3.00e+00 3.00e+00 3.00e+00 3.00e+00 3.00e+00 3.00e+00
   3.00e+00 3.00e+00 3.00e+00]
  [-1.04e+01 -3.72e+00 -2.77e+00 -1.84e+00 -1.04e+01 -5.09e+00 -1.04e+01
   -1.04e+01 -5.13e+00 -2.75e+00]]

 [[8.15e-10 7.53e-09 7.48e-09 1.48e-09 2.81e-09 4.11e-09 6.91e-09
   1.04e-08 1.11e-09 6.90e-09]
  [3.00e+00 3.00e+00 3.00e+00 3.00e+00 3.00e+00 3.00e+00 3.00e+00
   3.00e+00 3.00e+00 3.00e+00]
  [-3.72e+00 -2.77e+00 -3.72e+00 -1.04e+01 -5.09e+00 -1.04e+01 -3.72e+00
   -5.09e+00 -1.04e+01 -1.04e+01]]

 [[1.72e-09 3.15e-09 8.31e-09 6.13e-09 7.08e-09 1.08e-09 4.43e-09
   1.35e-08 1.86e-09 3.78e-09]
  [3.00e+00 3.00e+00 3.00e+00 3.00e+00 3.00e+00 3.00e+00 3.00e+00
   3.00e+00 3.00e+00 3.00e+00]
  [-2.77e+00 -2.75e+00 -1.04e+01 -5.13e+00 -5.13e+00 -3.72e+00 -2.77e+00
   -5.13e+00 -3.72e+00 -5.09e+00]]

 [[4.34e-09 8.71e-09 4.28e-09 2.97e-09 6.07e-09 2.79e-09 1.14e-08
   4.54e-09 7.09e-09 1.06e-09]
  [3.00e+00 3.00e+00 3.00e+00 3.00e+00 3.00e+00 3.00e+00 3.00e+00
   3.00e+00 3.00e+00 3.00e+00]
  [-3.72e+00 -1.04e+01 -2.77e+00 -1.04e+01 -3.72e+00 -1.04e+01 -1.04e+01
   -1.84e+00 -3.72e+00 -5.09e+00]]

 [[4.02e-08 2.49e-08 8.80e-09 3.36e-08 2.43e-08 1.89e-08 2.02e-08
   4.80e-08 5.51e-09 1.19e-08]
  [3.00e+00 3.00e+00 3.00e+00 3.00e+00 3.00e+00 3.00e+00 3.00e+00
   3.00e+00 3.00e+00 3.00e+00]
  [-5.13e+00 -2.77e+00 -1.04e+01 -5.09e+00 -3.72e+00 -1.04e+01 -3.72e+00
   -5.13e+00 -1.84e+00 -3.72e+00]]

 [[3.39e-08 1.91e-08 1.36e-08 1.51e-08 3.53e-08 4.55e-08 1.26e-08
   6.44e-09 4.96e-08 1.34e-08]
  [3.00e+00 3.00e+00 3.00e+00 3.00e+00 3.00e+00 3.00e+00 3.00e+00
   3.00e+00 3.00e+00 3.00e+00]
  [-2.75e+00 -3.72e+00 -5.13e+00 -2.75e+00 -2.77e+00 -2.77e+00 -1.04e+01
   -5.09e+00 -3.72e+00 -2.77e+00]]

 [[5.57e-09 3.61e-08 1.53e-08 7.90e-08 3.45e-08 5.10e-09 1.09e-08
   8.18e-09 9.83e-09 3.72e-08]
  [3.00e+00 3.00e+00 3.00e+00 3.00e+00 3.00e+00 3.00e+00 3.00e+00
   3.00e+00 3.00e+00 3.00e+00]
  [-1.04e+01 -2.77e+00 -5.09e+00 -1.84e+00 -5.09e+00 -3.72e+00 -1.04e+01
   -2.77e+00 -1.04e+01 -1.84e+00]]

 [[7.76e-08 4.27e-08 1.14e-07 7.81e-08 1.12e-07 5.07e-08 1.73e-08
   9.71e-08 2.91e-08 5.29e-08]
  [3.00e+00 3.00e+00 3.00e+00 3.00e+00 3.00e+00 3.00e+00 3.00e+00
   3.00e+00 3.00e+00 3.00e+00]
  [-3.72e+00 -5.09e+00 -3.72e+00 -5.09e+00 -5.09e+00 -1.04e+01 -1.84e+00
   -2.77e+00 -3.72e+00 -3.72e+00]]]