[[[ 1.92067770e-08  4.56243715e-08  7.21763202e-08  1.87092478e-08
    1.37066183e-08  4.27341600e-08  2.40667084e-08  6.63915852e-09
    1.49856226e+03  6.45441975e-08]
  [ 3.08413892e-10  2.61315374e-10  2.53922087e-10  4.46156901e-10
    9.77830142e-11  1.20036800e-09  1.98509292e-10  1.34840829e-10
    1.41664375e-10  5.64206064e-08]
  [-9.04280549e-04 -3.95622561e-04 -6.40836758e-04  2.14245762e+00
    3.22621771e+00 -7.96270205e-04 -1.82043291e-04 -1.17986534e-03
    2.54360820e+00 -3.07577417e-03]]

 [[ 3.06629067e+03  8.90554545e-09  1.13976359e-08  1.60815117e-08
    4.33457379e-09  8.25078447e-09  2.66818137e-08  3.66385278e-08
    9.32642209e-09  4.57333253e+03]
  [ 7.44106920e-10  9.52052548e-10  6.49565300e-11  2.83079628e-10
    1.77780301e-10  8.92536020e-10  7.68876212e-11  1.24558687e-10
    2.37827644e-10  1.04928859e-10]
  [-6.81504967e-04  1.09016405e+00  7.76801077e-01 -1.93502828e-03
   -3.26658912e-05 -1.11759332e-03 -3.83046270e-05  6.86973879e-01
    1.32339940e-01  1.45956904e-03]]

 [[ 2.13903859e-08  1.43499165e-08  5.57934060e-08  1.13189167e-08
    3.35870847e-08  1.13908348e-08  2.91484596e-08  8.75498046e-09
    2.19898252e-07  3.81641547e-08]
  [ 9.58591935e+00  4.22195187e+02  7.94585669e-10  1.99057650e+01
    1.02340226e-09  9.29420184e-10  8.44093101e-11  1.83085109e-10
    2.55076499e-10  4.64783017e-10]
  [ 2.37143548e+00  5.25802371e-01  2.36598988e+00 -1.32298230e-03
   -1.61960121e-03 -1.15920351e-04  2.52568965e+00 -1.83924296e-04
   -3.33498382e-04 -5.74714543e-04]]

 [[ 2.43564909e-06  9.91904167e-06  2.76681958e-06  1.99397476e-06
    2.33835633e-06  2.79137937e-06  6.65076708e-06  6.02313309e-06
    1.16842746e-05  2.94267585e-06]
  [ 6.96350095e-08  5.24204041e-07  1.61972991e-07  8.18070423e-08
    1.07058052e-07  1.27596853e-07  1.26330631e-08  4.47387518e-08
    1.01252641e-07  1.26534332e-07]
  [-1.27138484e-02 -2.41802722e-02  6.96548836e-01 -1.30550413e-02
    1.10840468e-02  9.50210237e-01 -7.46944700e-03 -3.53282608e-02
   -1.15866071e-02 -3.18304630e-02]]

 [[ 2.77521488e-06  1.82100496e-05  2.13111106e-06  3.84403508e-06
    6.27220682e-06  5.46642387e-06  1.56458818e-06  7.20492893e-06
    4.77676739e-06  5.86066768e-06]
  [ 3.85255626e-08  2.83373956e-07  9.26630569e-09  1.13016120e-07
    1.68889223e-07  7.14765654e-08  1.25669984e-07  1.20581522e-07
    2.72302564e-08  6.63629878e-08]
  [ 7.37561097e-02 -1.12735865e-03  5.08848512e-01  8.91618397e-03
    3.18765144e-01  2.56133902e+00 -7.20185889e-02 -3.99805383e-02
    3.35610283e-03 -5.07518325e-03]]

 [[ 2.26578097e-06  4.53979378e-06  1.62906476e-06  8.89491726e-06
    1.53181043e-05  4.12518849e-06  4.11394693e-06  7.77645869e-06
    3.71663534e-06  8.46580707e-06]
  [ 1.37223453e-07  1.88497557e-08  4.88895919e-08  1.83721062e-07
    6.81466455e-08  6.86371994e-08  4.30109727e-08  1.80631203e-07
    1.12321841e-08  6.86023667e-08]
  [-2.30200410e-02  9.04077085e-01  7.60284635e-01  8.25823483e-01
   -6.77139778e-03 -2.43921607e-02 -6.52142494e-03 -6.89469732e-03
   -8.19455243e-03  1.32167936e+00]]

 [[ 4.57021723e-05  2.26830528e-05  1.53610392e-05  6.21766528e-06
    2.48980067e-05  4.78066657e-05  3.47289653e-05  1.11436667e-05
    4.39488123e-06  4.48366701e-05]
  [ 5.09839787e-07  6.13306948e-07  4.91709033e-07  4.37048028e-07
    1.60579579e-07  2.34654451e-07  6.94744263e-08  2.87452099e-07
    7.51687027e-07  6.69375202e-07]
  [-3.11772842e-02 -5.77937625e-03 -2.10910864e-02 -1.26812749e-02
   -8.81166949e-03 -9.08906183e-02 -2.95852209e-01 -1.55772574e-02
   -1.57114658e-01  7.46981758e-03]]

 [[ 2.36456985e-05  1.46635607e-05  4.21512802e-05  1.35660605e-05
    2.82496604e-05  5.72541593e-06  9.13924750e-05  2.19738809e-05
    2.15368516e-05  1.39475674e-05]
  [ 1.42108411e-06  3.89527356e-07  2.88720368e-07  3.29071950e-07
    4.85172241e-07  1.36106660e-07  1.26181854e-07  2.25507585e-07
    6.43798156e-07  4.76013592e-07]
  [-6.46328449e-02 -1.50312323e-01 -7.04557207e-04 -8.36820421e-02
   -3.66927605e-02 -7.50828108e-02 -7.05941054e-03 -8.87426090e-02
   -8.47626886e-03 -2.57340858e-02]]

 [[ 2.90544384e-05  3.39833561e-05  1.61873269e-05  4.76206243e-06
    3.95633211e-05  2.77010637e-05  5.38880735e-05  3.01062085e-05
    7.40739733e-05  1.54171814e-05]
  [ 4.35299548e-07  2.33084889e-07  4.58787446e-07  5.37210636e-07
    1.18155911e-07  5.51268276e-07  6.35340864e-07  4.39274388e-07
    6.04177038e-07  1.24685434e-07]
  [-4.57274441e-02 -2.27263007e-02 -8.29265017e-03 -7.45851567e-02
   -1.73779865e-01 -7.06177503e-03 -1.17344660e-02 -4.58469321e-02
   -2.64468688e-02 -1.86608549e-03]]

 [[ 8.53833302e-05  8.76962017e-05  7.72490547e-05  3.49017096e-05
    9.88362924e-05  3.47134519e-05  8.73865563e-05  1.03884780e-04
    9.51688444e-05  1.13834288e-04]
  [ 4.70478399e-07  7.71135954e-07  1.38653120e-06  1.38201388e-06
    1.25674130e-06  2.95148326e-06  2.01466963e-06  1.07394348e-06
    1.32028626e-06  4.40789806e-07]
  [-7.51094703e-02 -7.42245016e-03 -2.06155829e-02 -3.51567619e-01
   -1.30090086e-03 -5.81350086e-02 -1.71692847e-01 -5.62432885e-03
   -2.46610242e-02 -1.06983571e-01]]

 [[ 1.97920948e-05  1.65080575e-04  1.26414996e-05  3.20176983e-05
    9.43123621e-05  1.32095627e-04  4.76874616e-05  3.73809525e-05
    1.06670709e-04  7.10678148e-05]
  [ 1.70366621e-06  1.60749683e-06  7.75380274e-07  1.93187891e-06
    1.64834986e-07  8.85340952e-07  1.32797008e-06  1.67229556e-06
    2.89993659e-06  1.36159797e-06]
  [-3.36950471e-06 -7.57421812e-02 -2.87412163e-02 -4.30884018e-02
   -1.06186494e-02 -3.81313298e-03 -1.64615968e-01 -3.11788504e-04
   -4.50251738e-03 -3.36857995e-02]]

 [[ 6.81182241e-05  2.48920227e-05  1.11121287e-04  1.45335729e-04
    1.38976238e-04  5.96815826e-05  1.34285838e-04  2.85994100e-05
    4.60513894e-05  4.40154094e-05]
  [ 1.26098229e-06  5.66725858e-07  1.57703004e-06  1.12859780e-06
    2.76467638e-06  1.66140447e-06  6.07358497e-07  3.04213635e-07
    1.71773991e-06  1.50513827e-06]
  [-3.86302095e-02 -3.71481319e-03 -3.35367820e-02 -6.83764391e-02
   -3.51657996e-02 -1.74193204e-02 -6.29541340e-02 -8.53922936e-02
   -2.96902449e-01 -5.44265038e-02]]

 [[ 2.60343828e-04  9.98074965e-05  3.17755187e-04  4.40450464e-04
    4.68444053e-04  3.14911164e-04  9.62371869e-05  2.53775349e-04
    6.94008830e-04  3.00742669e-04]
  [ 4.74495171e-06  3.74058054e-06  3.59546125e-06  3.80545938e-06
    6.34414680e-06  1.00718913e-05  5.23440254e-06  1.28522802e-05
    1.65956917e-05  5.90709722e-06]
  [-1.23249158e-01 -5.28126421e-02 -9.63611429e-02 -1.56850690e-01
   -1.26558902e-02 -5.96709145e-03 -1.47704560e-01 -3.33565293e-03
   -6.87663393e-02 -1.27027642e-01]]

 [[ 1.48333583e-04  7.91969991e-04  5.53821015e-04  4.14662586e-04
    4.69402722e-04  1.14728291e-04  1.41605198e-04  3.35406547e-04
    3.76479277e-04  2.13066879e-04]
  [ 6.75007218e-06  3.52310320e-06  6.32831442e-06  6.10717113e-06
    5.14982171e-06  1.08246539e-05  2.96319596e-06  3.06329600e-06
    5.30283117e-06  4.92564109e-06]
  [-1.43571409e-01 -3.30826274e-03 -1.31585551e-01 -3.19282412e-02
   -2.19488019e-01 -5.94071576e-02 -3.63811540e-01 -5.70553564e-02
   -2.49143657e-01 -1.05453973e-01]]

 [[ 2.55403086e-04  1.26360060e-04  8.38715549e-04  4.21110164e-04
    1.33979046e-03  6.36367817e-04  1.08798058e-04  2.24416632e-04
    4.17021959e-04  5.42109124e-04]
  [ 8.60818513e-06  8.79528086e-06  3.78475577e-06  9.00558401e-06
    9.77395091e-06  4.38395622e-06  4.31597313e-06  5.00457731e-06
    1.09814300e-05  4.15834717e-06]
  [-4.98485159e-01 -3.85045006e-02 -2.68675389e-01 -5.53638544e-03
   -2.67834784e-01 -1.41398491e-01 -2.27885024e-01 -1.20757129e-02
   -9.89228531e-02 -1.00502945e-01]]

 [[ 2.21590608e-03  1.22318258e-03  2.33808162e-03  2.27434385e-03
    1.16531944e-03  1.40984856e-03  3.50001828e-03  8.48739558e-03
    3.09690694e-03  1.37566268e-03]
  [ 6.39012119e-05  5.93041602e-05  3.01229600e-05  3.10392129e-05
    4.67830212e-05  7.00547819e-05  4.34710543e-05  5.16610915e-05
    3.71178575e-05  3.40004185e-05]
  [-2.15927729e-01 -1.36042028e-01 -5.64753576e-03 -9.42627130e-06
   -1.42790096e-01 -7.94786858e-02 -6.57618878e-02 -1.83537855e-01
   -1.09106545e-02 -2.36341287e-02]]

 [[ 3.46953993e-03  1.57940560e-03  9.67861839e-04  1.93903453e-03
    7.58896691e-04  1.44508720e-03  1.32079037e-03  4.81147727e-03
    5.94217577e-04  6.88072036e-04]
  [ 2.57447653e-05  7.00488394e-05  7.57007307e-05  4.52358004e-05
    2.83220702e-05  1.00082523e-04  2.12856008e-05  6.65286480e-05
    4.20033551e-05  3.99118249e-05]
  [-3.44459705e-01 -6.40069872e-02 -2.01231624e-01 -2.16356276e-01
   -9.63064837e-02 -1.21481018e-01 -2.56320177e-01 -1.18297598e-01
   -3.42420810e-01 -2.32211105e-01]]

 [[ 1.42302778e-03  3.10517724e-03  7.58477724e-04  1.89114470e-03
    1.82307867e-03  3.11578207e-03  1.87760687e-03  3.64017735e-03
    2.14264816e-03  6.53335743e-04]
  [ 4.52905315e-05  4.61041515e-05  2.29473281e-05  1.09537546e-04
    2.02328169e-05  3.10790707e-05  6.66970656e-05  7.36278676e-05
    2.97646333e-05  2.34965829e-05]
  [-1.88691862e-01 -4.02767001e-01 -8.95354443e-02 -2.26207738e-01
   -1.05941174e-01 -1.89054528e-02 -6.65242410e-02 -1.50028998e-02
   -5.47928429e-02 -6.06377863e-01]]

 [[ 1.08871191e-08  1.21613151e-08  2.91142991e-08  1.68635056e-07
    2.20768544e-08  1.47260587e-08  6.08295682e-08  7.99306009e-09
    2.49005803e-07  1.69236397e-08]
  [ 2.68694547e-10  1.49855984e-09  3.02360535e-10  4.10372294e-10
    1.21629993e-09  5.32488016e-10  7.23590691e-10  4.16648474e-10
    2.82454529e-11  8.46066895e-10]
  [-1.67891465e-05 -6.70981122e-04 -1.20558288e-03  3.21346407e+00
   -7.32403911e-04 -1.43419184e-03 -6.52293820e-05  1.29656940e+00
    7.58344774e-01 -1.60754194e-04]]

 [[ 4.89112426e-08  2.27715607e-08  4.70431075e-09  2.20468077e-08
    1.16389411e-08  8.48655050e-09  4.52284437e-08  1.76958939e-08
    8.75186222e-09  5.13585680e-09]
  [ 9.25352222e-10  1.15646090e-10  3.40230933e-10  2.99986396e-10
    2.95769646e-10  3.47812381e-10  1.76490661e-10  1.54917321e-10
    7.13155605e-10  4.30135857e-10]
  [-1.48091976e-03 -9.26380819e-04 -2.81036594e-03 -3.68790416e-04
   -8.97228892e-04  1.19907521e+00 -4.76692551e-05 -3.04590207e-04
   -1.06984054e-03 -3.93195706e-04]]

 [[ 2.74549892e-09  5.75408835e-09  2.48395605e-08  1.28147445e-08
    9.64501629e-09  1.68535635e-08  1.36940773e-08  1.97617539e-08
    6.56485289e-09  6.32246348e-08]
  [ 1.19442905e-10  1.47677079e-10  2.31887243e-10  1.46772424e-10
    1.58642585e-10  1.30959404e-10  3.55486197e-10  8.57672704e-10
    1.07207539e-10  5.87392028e-10]
  [-2.55665288e-04 -2.13450477e-04 -1.13146715e-03 -2.53033643e-04
   -3.88947969e-03 -3.50406702e-04 -3.84829096e-04 -1.86771543e-04
    1.22299271e+00 -1.08714087e-03]]

 [[ 2.12563332e-06  7.14337430e-06  4.89792935e-06  6.61238088e-06
    1.67936728e-05  5.44448087e-06  7.45301322e-06  2.82585067e-06
    4.13409750e-06  5.01056425e-06]
  [ 1.21828359e-07  1.48828121e-07  2.03264628e-07  3.05518523e-08
    6.35616231e-08  1.23969188e-07  1.46823963e-07  1.47965435e-07
    5.74184416e-08  3.52465848e-08]
  [-2.19513182e-01  1.26453005e+00 -5.64458338e-03 -8.12330663e-03
    3.18931949e-01 -1.29916734e-03 -2.78156408e-04 -7.20163329e-04
   -7.13802984e-03  2.58159599e-01]]

 [[ 3.65213308e-06  4.29836686e-06  2.68040481e-06  3.74025338e-06
    5.45430089e-06  7.60971950e-06  7.15094243e-06  1.14275818e-06
    3.05781359e-06  1.04295972e-05]
  [ 1.77106904e-07  4.51671983e-08  1.10877811e-07  2.44217535e-08
    4.58100155e-08  5.37691182e-08  3.68413470e-08  2.88023823e-08
    2.10342795e-08  1.30731764e-07]
  [ 1.35954366e-01 -3.18702949e-04  2.17156060e+00  1.34018137e-01
   -1.55994918e-02  5.86764582e-03 -1.38291785e-03  3.18765197e-01
   -1.22839774e-03  3.18931902e-01]]

 [[ 2.24885014e-06  1.19849648e-05  6.99044577e-06  1.22549998e-06
    1.32529303e-05  2.30153833e-06  7.30736934e-06  3.70626844e-06
    2.60097011e-06  2.69281375e-05]
  [ 9.87832748e-08  6.26079627e-08  2.40865106e-07  4.91631699e-08
    8.40911345e-08  1.27619265e-08  6.79164590e-08  1.09132339e-07
    1.13384480e-07  8.94429340e-08]
  [-4.47373968e-03 -1.46618478e-03 -2.54943746e-02 -4.27900535e-02
   -6.89195970e-02 -2.86010971e-03 -1.91401045e-01 -4.48140892e-02
   -2.53639460e-02 -2.88628035e-02]]

 [[ 1.57664312e-05  1.21950499e-05  1.33375128e-05  2.56740024e-05
    3.71413265e-05  1.90065474e-05  3.54469671e-05  3.50991930e-05
    7.53275291e-06  5.46465073e-05]
  [ 1.93814755e-06  1.43218433e-06  7.54715825e-07  7.13237952e-07
    5.86289959e-07  2.14321260e-07  1.98313364e-07  6.17158598e-07
    1.24987227e-06  2.08003392e-07]
  [-4.29748634e-02 -2.42697990e-03 -3.95207180e-02 -1.39079108e-03
   -8.88327823e-03 -7.61500062e-03 -2.05370742e-02 -2.37341199e-02
   -1.24773365e-02 -2.40290196e-02]]

 [[ 1.25712649e-05  3.88992796e-05  2.40239027e-05  7.11622963e-06
    2.18373311e-05  4.50155940e-05  5.33765956e-05  3.20835068e-05
    2.57604947e-05  6.96261362e-06]
  [ 5.27324882e-07  5.93873519e-07  2.84929836e-07  2.25576769e-07
    3.88961062e-07  2.81442595e-07  3.85605877e-07  4.50907968e-07
    1.41740707e-07  2.16972700e-07]
  [-7.24654824e-02 -9.04412478e-02 -9.41599103e-02 -3.55112104e-02
   -6.61165810e-03 -1.10701312e-01 -9.19663799e-03 -7.55774754e-03
   -6.46336654e-02 -1.04078366e-01]]

 [[ 7.04099089e-05  2.51019521e-05  4.21228937e-05  2.22552486e-05
    1.85259560e-05  2.44352703e-05  3.27576446e-05  4.06718753e-05
    1.61420340e-05  1.13678848e-05]
  [ 5.41876523e-07  1.11171405e-06  1.17519787e-06  1.02989155e-06
    1.60311773e-06  2.77826244e-07  2.69532853e-07  1.24839259e-07
    4.11865591e-07  8.15152374e-07]
  [-4.15151405e-02 -1.05558690e-02 -7.99259037e-04 -1.04252217e-01
   -5.27756225e-02 -2.46566089e-03 -9.72417044e-02 -2.70147532e-01
   -2.04452303e-02 -1.87634976e-02]]

 [[ 1.34333583e-04  9.73739518e-05  6.20157647e-05  6.41298951e-05
    8.02163739e-05  2.90957731e-05  2.00771512e-05  1.06357318e-04
    1.06928805e-04  4.24109763e-05]
  [ 1.34968543e-06  3.57298461e-07  3.11510048e-06  8.22631168e-07
    2.00601555e-06  1.57387051e-06  3.01126453e-06  1.20575798e-06
    1.35211279e-06  9.62255492e-07]
  [-1.16012866e-03 -8.70516557e-02 -1.15389583e-02 -2.05011640e-01
   -6.79395461e-03 -4.32596183e-03 -1.13511460e-01 -4.96143447e-04
   -2.65078489e-02 -2.50230074e-02]]

 [[ 4.20049514e-05  9.72123682e-05  6.78658641e-05  1.98147524e-05
    5.34871772e-05  1.07951659e-04  5.92112350e-05  2.36669290e-04
    2.17431209e-05  7.28751765e-05]
  [ 1.39014531e-06  9.98414924e-07  6.80347424e-07  1.38598315e-06
    1.12190335e-06  7.19651793e-07  1.44263483e-06  2.56017937e-06
    7.50435831e-07  3.91053420e-07]
  [-1.82889043e-02 -7.83999699e-03 -1.50399712e-02 -3.21404808e-02
   -3.53851377e-02 -1.20800307e-01 -7.76510038e-04 -1.11178504e-01
   -8.10135165e-02 -3.31318044e-02]]

 [[ 4.17425953e-05  8.83079358e-05  2.37127795e-05  8.49525966e-05
    1.70263084e-04  2.83513492e-05  8.94782822e-05  3.82338545e-05
    5.97243920e-05  3.24028916e-04]
  [ 7.45829649e-07  1.51050880e-06  1.78972558e-06  8.64555624e-07
    1.31040702e-06  3.71020895e-06  1.21529734e-06  2.85601889e-06
    4.26383364e-06  1.75666678e-06]
  [-2.97391117e-03 -7.63160564e-02 -5.43060748e-01 -1.61569928e-01
   -4.58761182e-02 -2.27828203e-01 -4.32812545e-02 -1.85925454e-01
   -1.40239188e-01 -3.62625932e-03]]

 [[ 4.89084080e-04  4.88199159e-04  1.33706204e-04  1.81307323e-04
    4.49280448e-04  4.74067874e-04  2.97337444e-04  1.02748777e-03
    4.11182795e-04  5.00125764e-04]
  [ 2.43872563e-06  6.69930018e-06  9.96414269e-07  5.97941198e-06
    8.89787085e-06  4.04833384e-06  1.40434311e-06  4.48599641e-06
    3.56049632e-06  8.29255374e-06]
  [-2.25459043e-01 -3.27751220e-01 -9.10810469e-03 -8.61606522e-03
   -2.74440674e-02 -7.93193597e-03 -8.44839004e-02 -7.24711897e-03
   -3.55209977e-02 -2.51027556e-03]]

 [[ 5.96210208e-04  3.34691633e-04  9.04244273e-04  2.50562768e-04
    4.64715521e-04  8.65835141e-04  3.72918062e-04  9.89123832e-04
    2.41923645e-04  2.10985375e-04]
  [ 1.53017289e-06  5.97214204e-06  5.68470038e-06  1.12232271e-05
    1.04722355e-05  2.26050549e-05  2.43996819e-06  3.01479020e-06
    1.16964099e-05  6.92294591e-06]
  [-7.37930387e-04 -4.78171904e-01 -9.08936848e-02 -1.77155792e-01
   -4.77367215e-02 -2.38220120e-01 -1.00745696e-01 -2.94904370e-01
   -2.09332290e-02 -1.90208909e-02]]

 [[ 2.27660175e-04  8.13119107e-04  5.10258066e-04  9.31728363e-04
    5.96507274e-04  1.74220692e-05  4.71042803e-04  1.13310912e-04
    4.98746940e-04  1.69347658e-04]
  [ 1.73176232e-05  1.84324033e-06  2.60231585e-05  3.66048403e-06
    4.80667682e-06  7.58209456e-06  1.48642562e-05  3.06777357e-06
    6.33793584e-06  5.81613633e-06]
  [-1.06625758e-01 -6.26005671e-02 -3.24378472e-02 -1.69034947e-01
   -3.04599731e-02 -3.95478364e-01 -1.23713239e-01 -2.19892911e-02
   -2.74928565e-02 -5.73258416e-02]]

 [[ 3.81637902e-03  9.87459413e-04  2.14386966e-03  1.15571753e-03
    4.91919968e-03  1.37502468e-03  1.36812335e-03  4.07237048e-03
    4.61444135e-03  2.25388658e-03]
  [ 2.99147371e-05  5.75072829e-05  7.78978700e-05  1.07223451e-04
    8.12523138e-05  6.72401136e-05  3.40664050e-05  3.90062630e-05
    2.86776769e-05  8.45327598e-05]
  [-3.29945739e-02 -1.04503414e-01 -5.32462586e-02 -1.87816061e-03
   -2.53631530e-02 -2.60090891e-02 -9.80174241e-02 -1.30635015e-01
   -4.61129603e-03 -4.58924601e-02]]

 [[ 2.46297438e-03  1.62681816e-03  1.81100741e-03  1.80068709e-03
    9.86890774e-04  1.88399012e-03  1.07473069e-03  1.09707498e-03
    1.38248503e-03  9.19025408e-04]
  [ 8.35360082e-05  1.55802345e-05  3.24351601e-05  5.50760205e-05
    5.56597559e-06  1.68124893e-05  7.95329854e-05  1.94124031e-05
    2.48068187e-05  3.15825840e-05]
  [-1.01237636e-01 -9.21591533e-02 -9.02979663e-02 -2.06903877e-03
   -2.52631413e-03 -1.80015820e-01 -1.73985817e-01 -1.79314175e-01
   -3.36880521e-02 -6.91958212e-02]]

 [[ 3.50047374e-03  1.16517907e-03  8.89941810e-04  1.20427126e-03
    1.46584198e-03  3.49809391e-03  2.05626775e-03  2.74688622e-03
    6.59243428e-04  1.76812237e-03]
  [ 2.61479492e-05  3.68034925e-05  4.76765121e-05  5.13264002e-05
    3.43124689e-05  1.45793103e-05  6.62428230e-05  1.57894591e-05
    3.73476218e-05  1.18733042e-05]
  [-2.21860222e-01 -1.61256553e-02 -2.25106931e-01 -1.75263666e-02
   -5.60653999e-03 -3.66443039e-01 -1.08628756e-02 -1.91586799e-01
   -1.52067140e-01 -1.46018453e-02]]

 [[ 4.03397933e-09  3.88374210e-09  1.54571023e-09  1.09663144e-08
    3.58329178e-09  8.89821085e-09  7.77254330e-02  3.47861737e-09
    4.93373971e-09  2.46104042e-08]
  [ 4.69283407e-11  8.08746758e-11  2.55611865e-11  2.68964449e-10
    4.18506911e-11  2.26570574e-11  2.17458787e-11  8.14973469e-11
    2.51813021e-10  5.19826821e-11]
  [-3.47449167e-03 -3.69853414e-05 -3.85976208e-04  1.63453596e+00
    2.07481213e+00 -2.92523415e-04  5.40256965e+00  3.76992508e+00
   -5.79779565e-03 -2.28269423e-04]]

 [[ 3.09732119e-09  2.00454651e-08  1.08071102e-08  3.59298976e-09
    2.19471550e-09  3.44917268e-09  7.75855402e-09  7.43968702e-09
    7.11115073e-09  3.66933275e-09]
  [ 8.04621923e-11  4.31874908e-11  1.09667456e-10  6.43355229e-11
    6.16712655e-11  1.63719341e-10  2.97022362e-10  3.31923142e-11
    7.81883477e-11  1.38234336e-10]
  [ 1.89947980e-01 -3.96982183e-04  2.17142245e+00 -2.08795973e-04
    1.33093095e+00  1.00417396e+00 -1.91245443e-03 -7.33549177e-03
    7.46916026e-03 -2.45777827e-04]]

 [[ 2.38868931e-09  3.85888187e-09  6.85329248e-09  2.64529355e-09
    4.85824769e-09  3.02396030e-09  7.76310892e-09  1.34809112e-09
    3.98076186e-09  2.68023556e-09]
  [ 4.26409425e-11  4.29325123e-11  7.51621016e-11  3.69680792e-11
    1.28022448e-10  4.29875839e-11  7.10709745e-11  5.37667362e-11
    4.37551346e-11  1.30476960e-10]
  [ 7.01417220e-02 -1.88474690e-03 -3.19205246e-04  2.59267221e-01
   -8.92365148e-04 -8.77593200e-04 -1.03201976e-03 -1.03476399e-03
    5.65538759e-01 -2.31479569e-04]]

 [[ 2.13504065e-06  6.39215247e-07  8.93297884e-07  4.04574872e-06
    2.44290840e-06  1.16429203e-06  2.45158328e-06  2.25940099e-06
    2.35847817e-06  2.01952700e-06]
  [ 6.15206574e-08  2.76047703e-08  3.02195247e-08  5.38291398e-08
    2.98669741e-08  2.70732423e-08  2.56900481e-08  4.37148409e-08
    3.02580766e-08  2.95984920e-08]
  [ 1.45279842e+00 -1.38681914e-01 -1.41258869e-02 -1.40623334e-02
    9.49178141e-01  3.83318894e-01 -3.15823796e-03 -7.43518802e-03
    1.34018016e-01  3.20378433e-01]]

 [[ 3.67133607e-06  5.93921298e-07  2.62548781e-06  2.07752926e-06
    3.23569033e-06  1.55938015e-06  3.78163765e-06  1.11958457e-06
    3.08026407e-06  2.81497635e-06]
  [ 2.23320123e-08  2.21766033e-08  2.50050453e-08  1.25133220e-08
    3.13021905e-08  7.08557267e-08  1.96033391e-08  8.23060101e-08
    2.65130744e-08  3.45967582e-08]
  [-1.95172043e-02 -5.38040494e-01  3.24445225e-01  5.73235371e-01
    2.01410806e+00  7.59220420e-01  3.20831685e-01 -2.17941040e-02
   -1.24181947e-02 -6.59861133e-03]]

 [[ 5.83989395e-07  9.16296693e-06  2.63725309e-06  1.73292797e-06
    5.45232840e-07  6.51616028e-07  6.06370361e-07  4.37670381e-07
    2.24379456e-06  7.11566659e-07]
  [ 1.65557396e-08  3.35587129e-08  4.05718993e-08  7.82670679e-08
    6.32370782e-08  4.34128944e-08  3.22424894e-08  5.30014537e-08
    6.82987156e-08  1.71282328e-08]
  [-4.33120093e-03 -2.73626678e-02 -2.23387219e-02 -4.56091600e-02
   -2.53899647e-03 -2.15897931e-02 -4.60944024e-03  2.30062477e+00
   -3.81770883e-03  5.86747044e-03]]

 [[ 8.67041533e-06  7.20118770e-06  1.29621895e-05  1.37683728e-05
    6.47482016e-06  3.25467291e-06  1.85817147e-05  5.15256641e-06
    9.63671688e-06  1.00086567e-05]
  [ 7.00168814e-08  1.50871899e-07  2.68716715e-07  1.64266718e-07
    1.46706026e-07  1.64873949e-07  2.19149832e-08  2.63375752e-07
    5.98038088e-07  9.16067996e-07]
  [-1.03857014e-02 -1.55224086e-02 -3.12648868e-01 -8.79175503e-03
   -9.45688842e-02 -1.22803781e-02 -4.59933013e-02 -9.50844769e-02
   -9.19692660e-02 -1.32433931e-01]]

 [[ 8.28602115e-06  7.97387130e-06  3.56209894e-06  1.08411079e-05
    2.04038817e-05  4.17104040e-06  1.22856328e-05  1.48067394e-05
    1.47055415e-06  7.51657839e-06]
  [ 3.15985287e-07  2.51865348e-07  1.86648342e-07  1.24815223e-07
    3.20923944e-07  1.51197141e-08  2.68621192e-07  7.87331278e-08
    9.60133144e-08  2.73882897e-07]
  [-6.55774443e-02 -5.33618424e-01 -4.23619004e-02 -1.14253722e-01
   -5.77355680e-03 -3.94882002e-02 -1.17317800e-02 -6.78191514e-02
   -7.01592060e-02 -9.42580721e-02]]

 [[ 7.51548321e-06  1.21094101e-05  1.76475046e-05  1.28652754e-05
    2.04141276e-05  5.29008318e-06  2.02433888e-05  3.45108177e-06
    1.19826747e-05  9.40352751e-06]
  [ 4.32528915e-08  4.92535487e-08  1.70963450e-07  3.39969581e-08
    3.09055239e-07  1.49945506e-07  6.74361734e-08  3.00542899e-07
    1.39365269e-07  6.07177183e-08]
  [-5.02258296e-02 -2.11509916e-03 -1.25649616e-02 -1.01033482e-01
   -7.62616461e-02 -1.07496191e-02 -3.98643753e-02 -4.60047943e-03
   -4.83889348e-02 -1.09768872e-01]]

 [[ 1.71772673e-05  2.03577001e-05  6.73370274e-06  2.01627279e-05
    4.30048984e-05  2.06920601e-05  1.61641372e-05  3.72101170e-05
    5.13937133e-06  5.00562949e-05]
  [ 6.25539121e-07  9.11042748e-07  4.87077476e-07  4.51027538e-07
    3.77232904e-07  4.44859827e-07  4.77982837e-07  5.46557123e-07
    5.70551467e-07  4.03508077e-07]
  [-1.48122288e-01 -5.60051086e-02 -1.79160318e-02 -4.16034812e-03
   -6.32080876e-02 -1.03199971e-01 -1.49890095e-01 -1.63178630e-01
   -3.83925922e-02 -2.67117574e-01]]

 [[ 2.89181571e-05  2.05483193e-05  4.24925435e-06  5.23172179e-05
    6.56221722e-06  4.27484614e-05  2.44471164e-05  1.39569118e-05
    7.61789166e-06  2.02727682e-05]
  [ 4.95777363e-07  4.37757469e-07  2.40860348e-07  2.00151002e-07
    2.86525595e-07  2.70501208e-07  5.06275226e-07  1.60446748e-07
    6.92388816e-07  9.25049410e-07]
  [-7.89754637e-02 -3.12713344e-02 -3.62581882e-02 -4.68037833e-01
   -2.25297717e-02 -6.80134709e-02 -2.08105865e-02 -3.44900859e-02
   -5.36558147e-02 -1.43641397e-02]]

 [[ 1.13752330e-05  9.36760939e-06  5.64607253e-06  2.05231366e-05
    2.77453712e-05  4.50503061e-05  3.20483989e-05  6.20583815e-05
    1.26560926e-05  2.56790393e-05]
  [ 4.35437505e-07  1.01452441e-06  4.44450091e-07  1.96272310e-07
    3.81614740e-07  6.37392570e-07  3.59723329e-07  5.85693102e-07
    1.10214595e-06  2.48458832e-07]
  [-1.00608514e-01 -4.62985184e-02 -1.17911601e-01 -1.07075221e-01
   -8.83663665e-02 -2.21719614e-03 -3.62106597e-02 -3.20114144e-02
   -5.76646710e-03 -1.38588647e-01]]

 [[ 1.22265368e-04  1.77523751e-04  1.80232666e-04  4.79314117e-05
    1.09453955e-04  2.91255328e-05  1.17357671e-04  1.33669544e-04
    1.17184052e-04  1.08390594e-04]
  [ 2.02707225e-06  1.29695644e-06  1.29567023e-06  2.07250231e-06
    8.05142476e-07  2.84811922e-06  1.58099572e-06  1.23898659e-06
    2.35387821e-06  1.43248088e-06]
  [-8.61923490e-03 -1.89410650e-02 -1.27410922e-01 -7.97333952e-02
   -6.63948348e-02 -2.14861960e-02 -1.04999469e-02 -4.33349284e-02
   -9.02064826e-03 -3.38601030e-02]]

 [[ 2.31994440e-04  1.04412109e-04  8.07780517e-05  2.57157679e-04
    1.59344376e-04  3.10632863e-04  1.11496146e-04  6.34284340e-05
    3.32186672e-04  1.57256588e-04]
  [ 7.30631915e-06  1.65246993e-06  3.57068787e-06  1.54676953e-06
    1.52950637e-06  4.15776838e-06  2.64003055e-06  3.22504912e-06
    4.87956884e-06  1.17908404e-06]
  [-8.34555699e-02 -9.15181307e-02 -1.04376409e-02 -3.46012954e-01
   -1.66464462e-01 -1.11984682e-01 -2.89993981e-01 -2.39853874e-02
   -7.79394117e-02 -8.01278393e-02]]

 [[ 5.79382710e-05  7.25354553e-05  1.15290681e-04  1.08767991e-04
    2.05084078e-04  1.30636353e-04  2.03614014e-04  1.21122406e-04
    2.15675078e-04  1.28928671e-04]
  [ 1.84797667e-06  1.21609512e-06  4.00168347e-06  3.01815638e-06
    1.24892507e-06  1.96859335e-06  1.76948765e-06  1.08351244e-06
    2.72470577e-06  1.92648463e-06]
  [-4.00126964e-03 -6.93587465e-02 -2.15699253e-01 -3.22625995e-02
   -5.90732858e-02 -3.61030480e-02 -9.91596526e-02 -1.03253237e-01
   -2.24312536e-02 -4.48131865e-02]]

 [[ 7.36536541e-04  8.98966604e-04  5.76447649e-04  2.03056702e-03
    3.02596100e-04  9.19355837e-04  6.98028933e-04  5.12015182e-04
    7.19778274e-04  9.74121437e-04]
  [ 6.46793397e-06  2.33694361e-05  6.87708805e-06  1.17740814e-05
    9.96627948e-06  2.25892721e-05  5.45805025e-06  7.41849002e-06
    1.45442839e-05  1.03210781e-05]
  [-2.44845324e-03 -6.78146935e-02 -2.11756992e-01 -1.28962542e-01
   -9.69555370e-02 -1.02863125e-01 -6.19226418e-02 -2.11348724e-01
   -1.61782460e-02 -1.06141805e-01]]

 [[ 5.14324860e-04  8.71014322e-04  4.95190524e-04  7.43161407e-04
    7.53160654e-04  2.52421545e-04  2.83513743e-03  2.68057835e-04
    1.24616303e-03  2.06651254e-04]
  [ 5.88901726e-06  3.95564422e-06  1.92992402e-05  1.47521956e-05
    9.87419617e-06  5.28121939e-06  1.90631478e-05  5.63227895e-06
    6.10813323e-06  1.71738255e-05]
  [-6.92064141e-02 -1.94534454e-02 -1.05421775e-02 -1.71313895e-01
   -1.17859482e-02 -2.65263567e-02 -2.01832073e-02 -2.22035009e-01
   -1.60002277e-01 -1.54880126e-01]]

 [[ 1.15845035e-03  2.05741540e-03  4.35850633e-04  1.66525432e-03
    7.95508997e-04  2.00550076e-03  2.32058680e-03  3.14443990e-04
    5.18797750e-04  5.79415035e-04]
  [ 8.55530306e-06  1.05283408e-05  2.01119685e-05  1.23014653e-05
    1.43697779e-05  1.75823945e-05  2.32653607e-05  4.36601643e-06
    2.67269691e-05  8.88144662e-06]
  [-2.48568975e-02 -3.34882937e-01 -1.70744032e-01 -1.64898414e-01
   -3.18109001e-02 -1.50547788e-01 -3.43564759e-02 -2.06621197e-01
   -2.72758246e-01 -1.90768223e-01]]

 [[ 8.11608085e-09  5.27484197e-09  2.08123834e-09  1.28637260e-09
    1.55841058e-08  7.22599095e-09  1.94820783e-08  9.37624585e-09
    5.08532958e-09  5.42627712e-09]
  [ 2.25756825e-11  2.79236482e-10  1.89935813e-10  5.20848128e-11
    1.05662290e-10  5.62712263e-12  5.02008135e-11  7.83431933e-11
    2.42097423e-10  5.76129102e-11]
  [-4.15038100e-04  8.75221557e-01 -4.42943987e-03 -4.56583940e-04
    1.86646063e+00  7.46916026e-03 -8.55929867e-05 -3.53676737e-04
   -4.13498342e-03 -1.28916661e-04]]

 [[ 1.99615628e-09  2.32642830e-09  4.29431714e-09  3.32429015e-09
    3.52503551e-09  2.45347682e-09  6.97659113e-09  6.86575850e-09
    1.75748484e-09  1.10172188e-08]
  [ 1.35938596e-10  7.69353335e-11  5.80355793e-11  9.67574956e-11
    2.05849137e-10  5.94689030e-11  4.46128992e-11  9.52676598e-11
    2.49894951e-11  4.10944971e-10]
  [-2.54530142e-03  7.46916027e-03  2.05627087e+00  1.45336420e+00
    3.22538437e-01 -1.39813428e-03  4.27512826e+00  6.25725543e-01
    5.07605986e-01 -1.35817495e-03]]

 [[ 1.43781701e-09  1.05786960e-09  9.33887659e-09  2.63648110e-09
    2.44926754e-09  4.47013722e-09  7.84768592e-09  2.52860042e-09
    3.92258979e-09  1.78845748e-09]
  [ 5.87086669e-11  2.26927207e-11  6.80384733e-11  4.07151028e-11
    1.32202039e-10  1.18406044e-10  1.05841993e-10  6.09604084e-11
    2.54726344e-11  9.02824022e-11]
  [-1.73608931e-03 -1.97366705e-05 -4.99703059e-04 -1.72633328e-04
   -8.52710697e-04  3.04795410e-01 -1.45616502e-03  7.37561053e-02
   -1.83302982e-03 -1.09555091e-03]]

 [[ 1.45384527e-06  3.22778853e-06  1.51896968e-06  6.02111176e-06
    5.93717971e-06  3.03149075e-06  5.46658611e-07  3.48354944e-06
    1.71113806e-06  1.56256337e-06]
  [ 2.12499265e-08  3.03709514e-08  2.90306483e-08  3.00735491e-08
    7.24318131e-08  1.59398895e-08  3.89811067e-08  2.20127112e-08
    4.07427105e-08  3.73769891e-08]
  [ 4.47978555e-01  4.42139649e+00 -2.84069266e-02  1.32339953e-01
   -9.71052088e-03 -1.84867824e-02 -1.31693749e-02  3.20831676e-01
    1.61545883e+00  3.23808534e+00]]

 [[ 4.52103741e-06  3.01456957e-06  1.82965158e-06  1.39666959e-06
    5.46277520e-07  8.73742859e-07  1.59380161e-06  2.72824052e-06
    1.17191636e-06  1.72789167e-06]
  [ 8.58578962e-09  4.74205181e-08  3.36190094e-08  1.52160946e-08
    2.26099164e-08  5.49103427e-08  1.10931474e-08  2.46376707e-08
    2.92104003e-08  3.56323600e-08]
  [-1.24313457e-02 -2.07423861e-02  2.54617405e-01 -6.06693289e-03
    1.30241383e-01 -1.57451069e-03 -6.44124063e-02  8.59588680e-03
    4.41673866e-01 -3.83839918e-02]]

 [[ 1.34607785e-06  2.48278059e-06  1.82368997e-06  2.08867893e-06
    2.02140214e-06  1.95297051e-06  1.06062246e-06  1.45139232e-06
    1.30908911e-06  2.93532801e-06]
  [ 5.93678657e-08  1.97300936e-08  6.90321644e-08  1.10804487e-08
    4.90994660e-08  1.56956953e-08  4.31717409e-08  4.78053746e-08
    5.72442317e-08  8.77680577e-08]
  [-1.04322162e-02  2.05208778e+00 -4.44914211e-03 -2.34450166e-03
   -4.36239197e-03  7.48179616e-03 -1.76523584e-02  9.42005293e-01
   -5.09602507e-02 -2.55782608e-02]]

 [[ 1.10780088e-05  8.73003198e-06  1.18135608e-05  1.18142396e-05
    1.10682848e-05  1.85175227e-05  1.56848349e-05  5.07580346e-06
    1.82691660e-05  1.16499664e-05]
  [ 7.69350507e-07  1.03169423e-07  6.02517675e-07  1.46780455e-07
    5.13548112e-08  4.33487400e-08  3.36845312e-07  6.33301851e-08
    2.01851271e-07  1.20696800e-07]
  [-3.46349646e-03 -1.64213517e-02 -3.78845398e-02 -7.22824096e-02
   -3.60799582e-02 -1.01702688e-02 -5.31328231e-02 -2.90591788e-02
   -1.85470213e-02 -1.20670848e-01]]

 [[ 2.77916148e-06  1.49368494e-05  5.30273023e-06  1.25058451e-05
    2.72770126e-05  1.40748265e-05  7.06077363e-06  7.24665503e-06
    5.36256639e-06  1.44819334e-05]
  [ 4.35901801e-07  6.30437368e-08  1.29954710e-07  8.43738976e-08
    3.89475885e-07  7.44675422e-08  3.14568738e-07  1.28996529e-07
    6.40690888e-07  2.04436451e-07]
  [-1.72689767e-01 -1.99016612e-01 -6.20761226e-02 -2.08447119e-02
   -5.60621962e-03 -1.75886032e-02 -5.70764159e-02 -5.60797136e-02
   -5.72092835e-02 -1.37093701e-02]]

 [[ 2.08462071e-06  3.49725051e-06  1.19275697e-05  2.30669090e-06
    1.43467257e-05  3.65521642e-05  1.01235470e-05  1.05604851e-05
    1.29135834e-05  1.16151232e-05]
  [ 5.25102728e-07  1.49993897e-07  9.79953422e-08  8.23003349e-08
    4.32908850e-07  2.80715906e-08  1.60470020e-07  6.10443785e-08
    9.09810688e-08  9.27012070e-08]
  [-8.87743636e-02 -8.01377881e-03 -1.21132830e-02 -2.07402041e-02
   -2.00167918e-03 -5.72980535e-02 -6.13997835e-02 -1.29845538e-02
   -1.12784105e-01 -1.68078593e-02]]

 [[ 3.34759627e-05  6.15313376e-05  8.79707591e-05  4.25164707e-05
    2.51286393e-05  2.12986090e-05  1.21841789e-05  6.51776470e-05
    3.56847075e-05  1.68014568e-05]
  [ 1.65185917e-07  7.92745471e-07  7.57396665e-07  3.70469749e-07
    9.14565234e-07  5.38473075e-07  1.21612299e-06  2.70852452e-07
    8.18641189e-07  8.79522474e-07]
  [-2.07857053e-02 -3.00957782e-01 -8.16982597e-02 -1.80019243e-02
   -1.45765797e-02 -2.31694880e-02 -1.27901713e-01 -4.64777282e-03
   -7.66369882e-02 -1.31412155e-01]]

 [[ 1.94556661e-05  3.75006109e-05  3.09764971e-05  2.92191158e-05
    1.90818754e-05  2.52405917e-05  1.65690657e-05  1.60346181e-05
    3.72727550e-05  1.78938895e-05]
  [ 5.13793616e-07  3.71873183e-07  2.84685773e-07  7.94288987e-07
    2.14351581e-07  9.74959546e-08  1.97004909e-07  1.28213117e-06
    2.98476482e-07  6.83744103e-07]
  [-1.66252514e-03 -8.45871298e-02 -1.09106371e-01 -5.46675399e-02
   -2.89578117e-01 -5.24113314e-02 -8.76685215e-03 -2.38782850e-02
   -3.04558808e-02 -1.18168387e-02]]

 [[ 1.04205041e-04  7.78299929e-05  2.18320071e-05  2.90274965e-05
    5.61559354e-05  8.57428597e-06  3.72161542e-05  1.96173303e-05
    3.70032906e-05  6.68267848e-05]
  [ 3.62219471e-07  4.78201573e-07  1.97035825e-07  1.19159785e-07
    2.35094532e-07  3.88384568e-07  6.34992119e-07  3.98336223e-07
    4.54456758e-07  3.79112019e-07]
  [-3.83337100e-02 -4.37165101e-04 -1.66173934e-02 -6.75481336e-02
   -2.72597079e-02 -1.55204046e-01 -4.25167515e-02 -3.21139266e-01
   -7.70280943e-03 -7.34863422e-02]]

 [[ 2.58819523e-04  5.81898886e-05  1.20527137e-04  2.38307081e-04
    3.26121948e-05  8.66271293e-05  6.63720333e-05  6.88849192e-05
    6.70504566e-05  6.55635584e-05]
  [ 2.29113056e-06  1.09442914e-06  2.98991640e-06  1.53827256e-06
    1.74290206e-06  1.14577579e-06  2.42579751e-06  3.20550265e-06
    1.58841622e-06  3.72876441e-06]
  [-1.25777113e-01 -4.05313680e-03 -3.46523819e-02 -6.61548313e-02
   -1.28567651e-01 -1.78266437e-02 -1.60336392e-02 -8.65303825e-02
   -1.02770095e-01 -5.75542316e-02]]

 [[ 2.28281483e-04  9.45691241e-05  4.84807139e-05  6.43238890e-05
    6.43871079e-05  2.38779581e-04  2.36370005e-05  9.75144225e-05
    4.94679426e-05  3.94643062e-05]
  [ 9.78526968e-07  2.95904834e-06  1.73306180e-06  6.71327658e-06
    8.49157595e-07  9.24608864e-07  2.40893585e-06  1.83112070e-06
    3.70486095e-06  1.32895587e-06]
  [-3.01752355e-02 -1.81773618e-02 -1.71258504e-02 -2.49025478e-01
   -1.70614203e-01 -1.79710202e-01 -2.63338574e-03 -4.21301215e-01
   -1.01205943e-01 -7.41632913e-02]]

 [[ 8.10852245e-05  6.05550481e-05  9.62738756e-05  3.47306198e-04
    3.72240163e-05  2.63865957e-04  7.37348377e-05  1.18396744e-04
    3.00285126e-04  9.90993193e-05]
  [ 8.49700990e-07  1.03154748e-06  1.05512574e-06  1.98085115e-06
    2.15463780e-06  2.25546530e-06  1.26756300e-05  8.57837347e-07
    2.37602314e-06  1.28418510e-06]
  [-6.48640710e-02 -6.83629493e-02 -1.62234651e-02 -2.59054058e-02
   -7.78988893e-03 -1.21286497e-01 -9.64298252e-02 -4.00110281e-02
   -2.76815166e-01 -4.92080425e-02]]

 [[ 1.01073286e-03  2.43144786e-03  1.95709663e-03  5.53320406e-04
    3.58475004e-04  1.30411481e-03  1.86394772e-04  3.79493553e-04
    5.16561873e-04  8.56883821e-04]
  [ 1.41290960e-05  1.80953173e-05  3.34345556e-06  1.13226037e-05
    5.10649543e-06  4.17949917e-06  7.31160705e-06  2.95697433e-06
    7.76032941e-06  2.20682966e-05]
  [-1.44922296e-01 -6.44261932e-02 -3.45894844e-02 -1.37954066e-01
   -2.43991280e-02 -3.11511930e-01 -1.67039025e-01 -2.34381153e-01
   -5.80327048e-02 -1.05214825e-01]]

 [[ 6.64053156e-04  4.96711292e-04  6.01052002e-04  4.64422660e-04
    6.02670530e-04  6.39535319e-04  2.04426183e-03  2.30053982e-04
    1.56170526e-03  1.95131051e-04]
  [ 6.70630196e-06  7.28557707e-06  1.17624711e-05  3.22974900e-06
    5.32305888e-06  2.47839422e-05  3.69231277e-05  2.04157410e-05
    2.14454449e-05  1.51568172e-05]
  [-1.16178845e-01 -3.66183103e-03 -7.78713364e-02 -5.95688049e-02
   -8.03512388e-02 -1.97333130e-01 -1.42196786e-02 -1.32306474e-01
   -2.13033169e-02 -1.55770806e-01]]

 [[ 7.02292298e-04  1.11706368e-03  6.51599421e-04  1.77908795e-04
    4.03883530e-04  1.36406787e-03  2.98609110e-03  1.12398948e-03
    7.19476307e-04  5.81200384e-04]
  [ 1.19652806e-05  1.16593287e-05  1.47193464e-05  3.92989874e-05
    1.73087296e-05  6.02700977e-06  1.00184208e-05  6.43365828e-06
    8.91496457e-06  1.45733167e-05]
  [-5.75863294e-02 -2.45394845e-02 -2.86862470e-02 -1.57296583e-01
   -2.67566658e-02 -7.48440604e-02 -2.81723716e-01 -2.19779698e-01
   -4.53770282e-02 -1.96634571e-02]]

 [[ 6.30379308e-09  3.76976348e-09  1.71871644e-08  5.95406351e-09
    4.10537708e-09  6.86313852e-09  3.29200523e-09  1.48336880e-09
    4.32721738e-09  3.56497801e-09]
  [ 2.92509554e-11  1.40360295e-11  2.92637854e-11  7.60299213e-11
    4.14385276e-11  6.94999348e-11  2.84350568e-11  2.80973128e-11
    2.48347531e-11  7.99701541e-11]
  [-3.49686311e-04  5.86385021e+00  1.30546537e+01  1.44443876e+00
    1.32339940e-01  1.29656940e+00 -3.35906999e-03 -8.06782352e-04
   -1.72873673e-03 -1.54512601e-03]]

 [[ 3.66203402e-09  3.73943064e-09  6.68517389e-09  9.35073455e-09
    3.77985581e-09  1.73986795e-09  3.36162230e-09  3.95774636e-09
    5.50221918e-09  2.66202081e-09]
  [ 1.07411535e-10  1.61931638e-11  7.82478040e-11  7.03882176e-11
    8.05104753e-11  5.29082597e-11  2.94630769e-11  8.87674955e-11
    2.73881134e-11  3.68666252e-11]
  [ 6.95774394e+00  2.88052011e+00 -3.50972343e-04 -1.54719744e-04
    3.77604712e-01 -9.67457946e-06 -8.78929767e-03  7.76801077e-01
   -1.54659990e-04  4.39038844e-01]]

 [[ 2.30654218e-09  2.94580693e-09  3.83902885e-09  4.95621142e-09
    6.52142593e-09  1.50305267e-09  3.07965388e-09  3.29291770e-09
    1.11967526e-08  5.91748404e-09]
  [ 4.33570712e-11  7.89458986e-11  9.61275508e-11  4.85078202e-11
    2.44888235e-11  2.89358029e-11  1.71691660e-11  6.36532535e-11
    3.59877045e-11  1.94326095e-10]
  [ 1.07460377e+00  1.23381918e+00 -7.90357058e-03  2.58159365e-01
    5.75389611e-01 -1.26777505e-03 -3.03681904e-03 -1.23581247e-03
   -4.54265085e-04  1.86646063e+00]]

 [[ 1.33677857e-06  1.50470724e-06  2.21576455e-06  1.86781442e-06
    1.03365273e-06  3.02735975e-06  1.10307998e-06  1.43380492e-06
    4.17943302e-06  3.07135794e-06]
  [ 3.24536263e-08  2.27031679e-08  1.16677337e-08  3.87349815e-08
    8.15123972e-09  2.65674299e-08  8.11837224e-08  8.60254336e-09
    2.85523172e-08  6.49601547e-08]
  [ 2.61772928e-01 -4.23459377e-03  2.30898459e+00 -3.68796141e-02
   -4.60748680e-02  1.34528962e-01 -2.67430539e-02 -3.00910464e-03
   -1.06330484e-02  7.35517945e-03]]

 [[ 1.25420217e-06  1.58915426e-06  2.75437520e-06  6.35978245e-07
    2.66762504e-06  5.54950368e-06  1.08540437e-06  9.22437610e-07
    2.47475217e-06  7.80702253e-07]
  [ 9.00321890e-08  1.01093842e-08  1.76055825e-07  1.53699257e-08
    1.89296486e-08  2.03791340e-08  7.69623752e-08  2.06153201e-08
    1.25662420e-08  1.43614817e-08]
  [ 3.81722747e-01  4.43709472e-01 -5.09358741e-03  4.43278453e-01
   -2.20604672e-02 -1.93516566e-03  8.86083311e-01 -1.25392716e-01
   -1.99068004e-02  3.85639530e+00]]

 [[ 1.65073498e-06  1.67145139e-06  1.51802407e-06  7.08020914e-07
    3.39284355e-06  2.61621788e-06  2.68325733e-06  2.09033320e-06
    1.36764021e-06  2.46941049e-06]
  [ 2.69658531e-08  8.74509433e-08  3.72734858e-08  7.72845678e-09
    8.94030766e-09  1.50885250e-08  3.88821753e-08  3.16642690e-08
    7.18779536e-08  6.91100169e-09]
  [ 1.31728429e-01 -2.71877583e-03 -3.31294016e-03  1.93314688e+00
   -1.98619980e-01 -1.99015562e-03  5.64111296e-01 -1.82135580e-01
    2.54617390e-01 -1.53178642e-01]]

 [[ 7.26609413e-06  6.02210846e-06  2.35801659e-05  2.90259283e-06
    6.14211588e-06  1.23228474e-05  2.52977475e-05  4.99177731e-06
    1.64070032e-05  1.03304203e-05]
  [ 7.34538647e-08  6.63601805e-08  1.09798532e-07  5.80636928e-08
    1.11673632e-07  1.79725483e-07  5.69470727e-08  7.38948637e-08
    1.13116438e-07  1.41409882e-07]
  [-3.40788480e-04 -4.62821060e-04 -4.89867688e-02 -3.14836172e-02
   -1.63383712e-02 -2.09547490e-02 -2.52341439e-03 -4.20029043e-02
   -2.53431827e-02 -7.97659207e-03]]

 [[ 4.00750791e-06  3.17120570e-06  8.18305902e-06  7.42084719e-06
    1.11051018e-05  1.04768906e-05  6.46530800e-06  3.52252082e-06
    4.95317944e-06  7.38001089e-06]
  [ 5.68293413e-07  2.47553759e-07  2.15910947e-08  3.84354600e-08
    4.84244084e-08  1.09492963e-07  4.58844274e-08  1.19136057e-07
    3.47311161e-08  1.24887899e-07]
  [-7.44976934e-03 -1.94291136e-02 -1.79164713e-02 -3.52275435e-03
   -2.69091141e-02 -3.75216829e-02 -9.81173677e-03 -7.21447287e-04
   -8.12719272e-02  7.37562221e-02]]

 [[ 2.27593803e-05  1.97356200e-05  2.90423281e-06  8.12581284e-06
    4.11379572e-06  1.06282281e-05  9.61689656e-06  6.38128235e-06
    1.52571394e-06  8.87431000e-06]
  [ 1.76281128e-07  1.96522176e-07  4.61060421e-08  1.07381386e-07
    3.29283784e-07  6.69682729e-08  6.06927736e-08  2.55289405e-07
    3.09256187e-07  3.06575622e-07]
  [-7.89692237e-02 -9.07150606e-03 -1.31899000e-01 -4.35170510e-03
   -1.67761552e-02 -2.58202511e-03 -1.60827633e-02 -9.73176092e-02
   -1.74546687e-02 -3.21961934e-02]]

 [[ 3.40022755e-05  1.80612179e-05  2.40066169e-05  4.59734214e-05
    1.54802294e-05  2.77180100e-05  3.81564352e-05  3.52381397e-06
    5.84751060e-06  8.45055264e-06]
  [ 5.64608031e-07  7.13129992e-07  2.52237311e-07  5.88951305e-07
    1.68157915e-07  8.07801424e-08  4.05630160e-07  4.14432768e-07
    4.80692378e-07  2.24895780e-07]
  [-5.49371771e-02 -2.72514691e-02 -5.27433149e-01 -2.62858849e-02
   -1.64478482e-02 -5.06195140e-02 -1.60608109e-02 -1.28581525e-01
   -1.24868707e-01 -1.50421938e-01]]

 [[ 5.15209337e-06  1.18086045e-05  5.19792891e-05  3.22873887e-05
    4.02878120e-05  3.67355076e-06  2.10196585e-05  1.81761393e-05
    1.80027857e-05  6.34470196e-05]
  [ 3.82329352e-07  8.89184212e-08  4.48998894e-07  1.43717267e-07
    3.19234123e-07  8.50947712e-07  2.87129110e-07  4.84308807e-07
    8.60370367e-08  6.16744213e-07]
  [-1.19765884e-01 -2.48549647e-03 -1.38270602e-02 -1.25665816e-01
   -8.54503776e-02 -4.90924026e-02 -9.38638151e-02 -9.65966168e-02
   -9.76079571e-02 -1.82545040e-01]]

 [[ 5.55721581e-06  1.29839545e-05  4.81789352e-05  2.93041697e-05
    2.00730842e-05  1.49791430e-05  1.96726871e-05  9.37246358e-06
    2.74409012e-05  1.51612612e-05]
  [ 4.86606795e-07  2.23961564e-07  2.79330417e-07  1.47533814e-07
    1.39730342e-06  3.79980837e-07  3.38493493e-07  3.76280339e-07
    1.49551301e-07  4.49651179e-07]
  [-1.41959067e-01 -1.28127107e-02 -3.99042141e-02 -1.95947486e-01
   -4.40554438e-02 -1.83740929e-02 -1.68955274e-01 -3.69337598e-03
   -2.56567789e-02 -6.21675750e-02]]

 [[ 3.90566842e-05  1.61158905e-04  2.34513942e-04  1.29832865e-04
    2.79316691e-04  4.70669048e-05  4.31141049e-05  2.18676948e-04
    9.91122610e-05  2.61285620e-04]
  [ 1.06798670e-06  3.69404874e-06  1.28185771e-06  2.21648068e-06
    4.72736431e-07  9.37973597e-06  5.53691186e-06  2.83192033e-06
    2.65899198e-06  9.29419104e-07]
  [-6.62465521e-02 -5.88788490e-02 -9.96260569e-02 -1.86678904e-01
   -1.29675249e-01 -7.46622187e-02 -7.15534236e-02 -1.76766302e-01
   -1.33752474e-02 -2.02759023e-01]]

 [[ 1.75696640e-04  1.28215338e-04  1.86717604e-04  1.16662657e-04
    1.26487855e-04  9.08518969e-05  1.51219916e-04  4.91675576e-05
    6.77311976e-05  1.56333378e-04]
  [ 7.06077644e-07  5.52193794e-07  8.57568848e-07  4.25688940e-07
    1.40448449e-06  1.13928787e-06  3.34519751e-06  9.66446714e-07
    3.02775561e-06  1.84672186e-06]
  [-2.57326015e-02 -4.81319475e-02 -9.22084031e-02 -1.40926178e-01
   -3.20502805e-03 -3.26662202e-03 -1.03412232e-03 -2.13885344e-02
   -7.67605539e-02 -1.39713395e-01]]

 [[ 8.27837715e-05  1.00022797e-04  2.06326972e-04  9.33566289e-05
    1.01264211e-04  8.36837748e-05  2.21611798e-04  5.61623712e-05
    3.47853424e-05  3.15672651e-05]
  [ 2.31127396e-06  2.04982963e-06  3.97284104e-06  7.26926060e-07
    1.87448868e-06  2.00687980e-06  7.44354149e-07  3.21379081e-07
    9.89303105e-07  1.57282236e-06]
  [-2.98932277e-02 -1.21708418e-02 -3.00383613e-01 -4.82673446e-03
   -6.81597591e-03 -3.64526817e-03 -8.73633411e-02 -1.26775035e-01
   -1.59581362e-02 -4.13063601e-02]]

 [[ 5.12839588e-04  7.35199014e-04  2.73520646e-04  5.19369712e-04
    3.28851876e-04  1.20759170e-03  6.53292844e-04  1.79102885e-04
    1.77213552e-04  8.92666502e-04]
  [ 1.21412093e-05  1.57384030e-05  3.86346296e-06  8.84301889e-06
    3.83731412e-05  6.28373090e-06  4.59150585e-06  7.82344864e-06
    3.90205815e-06  8.99895713e-06]
  [-8.28592262e-02 -4.34694938e-02 -5.31260354e-02 -2.53638486e-01
   -2.94837343e-02 -1.28330514e-02 -3.50870760e-02 -2.77387904e-01
   -1.59671054e-01 -8.21995672e-03]]

 [[ 4.76862452e-03  8.56605635e-04  4.16867559e-04  2.31279672e-04
    6.97898696e-04  1.04793618e-03  9.28784877e-04  1.67478626e-03
    4.00337114e-04  7.41675855e-04]
  [ 2.14698128e-05  2.87767865e-05  7.78829630e-06  9.10200392e-06
    5.11755253e-05  8.65785210e-06  9.68976170e-06  1.96309950e-05
    4.48552325e-06  1.59667144e-05]
  [-5.42262324e-02 -4.38241184e-02 -1.85087677e-01 -7.18874750e-02
   -2.19851140e-01 -7.17494536e-02 -7.87358920e-03 -9.16243738e-02
   -1.98463969e-01 -1.78661958e-01]]

 [[ 4.42673121e-04  1.86574909e-04  5.71401098e-04  6.15282727e-04
    3.89586305e-04  6.02137702e-04  2.28750082e-04  1.38431697e-03
    1.10000436e-03  4.32276077e-04]
  [ 7.71557329e-06  1.29584657e-05  9.62847826e-06  5.59247530e-06
    1.45664190e-05  1.90462128e-05  2.46713247e-05  4.21028044e-05
    4.82087084e-06  4.18250180e-06]
  [-3.62030711e-01 -1.12169605e-01 -1.60366074e-01 -1.03613686e-01
   -1.82959193e-02 -5.64439025e-02 -1.89586834e-01 -4.86134767e-02
   -1.07590444e-01 -2.91837789e-01]]

 [[ 4.64382092e-09  2.74615302e-09  4.25660621e-09  2.76734189e-09
    2.50984470e-09  1.02197735e-08  1.20657668e-08  2.96317650e-09
    2.83774339e-09  2.41962862e-09]
  [ 1.76343898e-10  2.94672778e-10  3.44775515e-11  1.10034555e-10
    5.26287051e-11  1.93662718e-11  3.38055632e-11  4.89064891e-11
    4.17216167e-10  1.39822123e-10]
  [-4.31535438e-04 -1.28075333e-03  1.99133153e+00  5.25802371e-01
   -1.62834823e-05 -7.14952602e-07  5.69454159e-01 -8.65149253e-04
    5.01214351e-01  1.19075471e+00]]

 [[ 2.58659307e-09  4.28562565e-09  3.93857084e-09  2.79440690e-09
    8.42558966e-09  1.16958536e-08  4.42826043e-09  7.52545563e-10
    3.45562002e-09  1.12096642e-09]
  [ 6.72549335e-11  1.57864820e-11  6.58817308e-11  5.05478163e-11
    6.57663092e-11  5.85593371e-11  9.62458327e-11  2.67049242e-11
    6.49597968e-11  3.74538175e-11]
  [-7.84774559e-04  3.83029867e-01 -6.06256178e-04 -3.01547632e-03
    4.47414236e-01 -3.33666830e-04 -1.14870276e-04 -8.84235804e-04
   -1.64323159e-04 -2.01312128e-04]]

 [[ 3.39137444e-09  1.09520012e-08  1.64703249e-09  8.45450955e-09
    3.59292004e-09  1.72468043e-09  3.17122240e-09  7.57000192e-09
    5.07331011e-09  6.47078269e-09]
  [ 7.30194164e-11  2.56337934e-11  6.35648981e-11  5.77731132e-11
    5.44899100e-11  5.41014929e-11  1.10359742e-10  8.74047287e-11
    7.62176001e-12  1.81121408e-11]
  [ 3.17296994e-01 -1.45885391e-03 -1.09964447e-03 -6.21026822e-04
   -1.85425146e-03  3.18931868e-01 -4.29095347e-04  9.46557605e-01
    1.82980304e+00 -4.39026242e-03]]

 [[ 1.82926142e-06  1.86422740e-06  1.45752284e-06  7.40370231e-07
    1.46403278e-06  9.07572959e-07  4.10237864e-07  3.80464953e-07
    2.55382802e-06  9.43142205e-07]
  [ 1.81640308e-08  6.13533542e-08  1.80161273e-08  3.26457217e-08
    1.58688891e-08  5.52088897e-08  7.73670759e-08  8.92888213e-08
    3.51416794e-08  6.72761405e-09]
  [-1.66440367e-03 -8.33094336e-04 -1.09430665e-01  2.58166013e-01
   -3.88680264e-03  8.25823520e-01  3.18765116e-01 -2.63523144e-03
   -7.91640906e-02 -3.55544134e-02]]

 [[ 4.39370378e-07  7.68195933e-07  4.40404551e-06  1.10419620e-06
    5.65370551e-07  3.57892583e-07  1.36993917e-06  2.36454287e-06
    1.43312117e-06  6.85690513e-07]
  [ 7.07383882e-08  3.50712161e-08  1.05019305e-08  4.04738076e-08
    2.11382662e-08  1.05546231e-08  2.03880837e-08  4.63745520e-08
    2.12308370e-08  3.45919251e-08]
  [-1.33495865e-02 -7.17944025e-02 -3.21596905e-03  5.88552085e-01
   -4.21308436e-02  7.60655733e-01 -1.03510310e-02 -2.18767047e-02
   -1.39419377e-02  5.71791192e-01]]

 [[ 7.07585355e-07  1.59279803e-06  3.04647019e-06  2.54283904e-06
    2.77245777e-06  7.01028595e-07  8.05294118e-07  4.74978934e-06
    1.32970103e-06  1.43253118e-06]
  [ 2.08714370e-08  5.31802536e-08  1.76806604e-08  4.82229655e-08
    6.25745664e-08  3.06090767e-08  4.02613607e-08  1.16719122e-08
    7.08781075e-08  4.14520653e-08]
  [ 1.34912558e-01 -3.30479494e-02 -4.46907394e-02 -6.97697839e-03
   -1.61870061e-02 -8.91986177e-02 -4.52506889e-03 -1.86132233e-02
   -6.97110001e-03 -1.59907053e-02]]

 [[ 1.34404317e-05  7.58671119e-06  1.65690078e-05  1.84554914e-06
    1.66337032e-05  3.02590490e-06  1.63170786e-06  5.06366184e-06
    5.98870423e-06  4.00967511e-06]
  [ 1.00546497e-07  1.68982989e-07  9.10965668e-08  5.00285679e-07
    1.41780813e-07  2.58111055e-07  1.61329329e-07  1.94722502e-08
    2.32580685e-07  1.72181861e-07]
  [-6.50206922e-03 -5.78717763e-02 -1.65951296e-03 -5.16750550e-03
   -4.62004994e-02 -1.61844524e-02 -5.34488353e-03 -3.99213402e-02
   -1.87269293e-02 -4.59997505e-03]]

 [[ 5.69401706e-06  8.42834055e-06  3.80924196e-06  8.54396355e-06
    7.31276163e-06  3.54721669e-06  1.42419648e-05  1.25036116e-06
    2.34551497e-06  1.08395746e-05]
  [ 1.94068079e-07  2.54298166e-07  9.68699324e-08  9.36485242e-08
    1.16812412e-07  2.96174467e-08  1.66073790e-07  1.47689125e-07
    5.90724609e-08  2.51318061e-07]
  [-6.66365828e-02 -1.82867279e-02 -2.82242526e-03 -2.09816550e-02
   -7.20971156e-02 -5.32471617e-02 -1.09593960e-03 -7.98692569e-03
   -8.79034162e-03 -4.08040299e-03]]

 [[ 7.23025475e-06  4.67896123e-06  1.15947567e-05  5.38646714e-06
    9.33801207e-06  2.69812488e-06  8.56010325e-06  4.30374612e-06
    8.52648159e-06  3.17079800e-06]
  [ 2.64126100e-07  1.64139245e-07  6.06413957e-08  1.69028220e-07
    4.99808655e-08  1.10556104e-07  1.05053606e-07  5.05312656e-08
    7.38840917e-08  8.15675615e-08]
  [-1.61535494e-01 -1.05609274e-01 -5.44841493e-03 -3.46606257e-02
   -2.32054619e-02 -1.02977786e-01  7.46918221e-03 -7.65325956e-02
   -9.33006393e-03 -4.47372233e-03]]

 [[ 1.81137621e-05  3.29241140e-05  3.43788019e-05  2.48331385e-05
    6.54213517e-06  1.30566161e-05  3.64188900e-05  1.66406134e-05
    4.25476657e-05  2.15722952e-05]
  [ 2.02787382e-07  1.06594485e-06  5.45975240e-07  1.91339615e-07
    1.79231929e-07  8.08238058e-07  8.78470455e-07  4.84513738e-07
    1.77459719e-07  5.28076195e-08]
  [-6.38286006e-02 -2.95786891e-02 -9.08663947e-02 -1.74495329e-02
   -1.20478057e-02 -1.68576624e-02 -3.72839335e-02 -3.41167805e-02
   -2.59979966e-02 -4.98798108e-02]]]