[[[9.79e-06 1.68e-05 1.03e-05 3.53e-06 4.87e-05 2.26e-05 3.62e-05
   2.26e-05 1.45e-05 2.65e-05]
  [3.17e-07 2.42e-07 1.28e-07 3.83e-07 6.25e-07 4.34e-07 1.02e-06
   3.82e-07 2.66e-07 2.99e-07]
  [-8.66e-03 -1.25e-01 -2.42e-02 -5.97e-02 -3.42e-02 -1.12e-02 -7.61e-03
   -6.24e-02 -2.86e-03 -3.05e-02]]

 [[2.52e-05 1.97e-05 1.16e-05 4.60e-05 5.05e-05 7.25e-06 1.06e-05
   1.50e-05 1.74e-05 3.76e-05]
  [8.03e-08 5.72e-07 8.37e-07 7.49e-07 1.04e-06 2.26e-07 2.46e-07
   1.52e-07 4.99e-07 8.28e-08]
  [-6.97e-02 -6.46e-02 -3.30e-03 -2.71e-02 -2.02e-02 -1.61e-02 -1.51e-02
   -3.04e-03 -1.17e-01 -8.01e-03]]

 [[4.89e-05 1.33e-04 6.58e-05 5.50e-05 1.06e-04 4.75e-05 2.52e-04
   3.70e-05 1.50e-04 1.12e-04]
  [4.58e-06 4.92e-07 1.40e-06 7.22e-07 3.97e-07 5.67e-07 1.65e-06
   4.92e-06 3.33e-06 3.10e-06]
  [-6.87e-04 -6.96e-02 -1.40e-03 -3.93e-01 -1.94e-02 -1.19e-02 -3.82e-02
   -5.62e-02 -1.22e-01 -9.71e-02]]

 [[7.28e-05 4.70e-05 1.67e-04 1.94e-04 1.29e-04 2.88e-05 8.02e-05
   5.36e-05 1.53e-04 2.30e-04]
  [1.07e-06 1.22e-06 7.63e-07 1.11e-06 8.61e-07 9.33e-07 2.32e-06
   1.42e-06 8.26e-07 2.16e-06]
  [-6.96e-02 -5.09e-02 -6.28e-02 -1.66e-01 -1.41e-01 -2.98e-01 -8.79e-02
   -1.29e-01 -9.60e-02 -2.68e-02]]

 [[7.51e-05 2.17e-04 1.81e-04 1.64e-04 6.66e-05 1.21e-04 4.08e-05
   4.63e-05 7.80e-05 2.83e-04]
  [7.44e-07 1.16e-06 1.84e-06 1.08e-06 1.38e-06 1.69e-06 3.53e-06
   1.42e-06 3.35e-06 4.62e-06]
  [-3.30e-02 -2.28e-02 -2.25e-01 -5.05e-02 -9.47e-04 -9.09e-02 -2.19e-01
   -7.33e-02 -2.41e-01 -1.21e-01]]

 [[3.24e-04 1.26e-03 4.41e-04 2.80e-04 8.24e-04 5.43e-04 1.88e-04
   5.72e-04 4.17e-04 4.20e-04]
  [9.90e-06 2.88e-06 1.04e-05 1.44e-05 2.29e-05 1.24e-05 1.39e-05
   1.48e-05 1.82e-05 3.38e-06]
  [-5.93e-02 -3.04e-01 -9.54e-02 -1.46e-01 -1.13e-02 -8.37e-03 -2.83e-01
   -1.95e-01 -5.82e-02 -3.66e-01]]

 [[1.18e-03 4.86e-04 8.57e-04 4.97e-04 4.07e-04 5.60e-04 4.49e-04
   6.39e-04 6.30e-04 5.78e-04]
  [1.44e-05 4.18e-06 1.38e-05 1.62e-05 1.49e-05 5.80e-06 4.75e-06
   1.20e-05 6.56e-06 7.86e-06]
  [-1.12e-01 -1.13e-01 -2.12e-01 -5.97e-03 -1.15e-01 -8.22e-02 -7.97e-02
   -2.80e-01 -5.79e-02 -2.36e-02]]

 [[1.24e-03 8.49e-04 3.06e-04 2.63e-04 8.96e-04 6.99e-04 2.66e-04
   6.35e-04 8.77e-04 8.82e-05]
  [1.63e-05 4.62e-06 1.73e-05 6.04e-06 1.16e-05 1.09e-05 1.65e-05
   6.00e-06 2.66e-05 8.25e-06]
  [-2.68e-01 -1.16e-02 -1.07e-01 -3.62e-02 -5.43e-02 -1.69e-01 -7.73e-02
   -9.72e-02 -3.08e-01 -1.50e-02]]

 [[1.43e-09 2.21e-09 1.32e-09 4.77e-10 1.40e-09 5.20e-10 5.34e-10
   1.24e-09 1.67e-09 1.20e-09]
  [1.19e-11 8.51e-12 2.11e-11 9.62e-12 1.33e-11 1.63e-11 1.15e-11
   3.17e-11 2.93e-11 1.59e-11]
  [3.14e+00 -8.49e-04 -5.61e-04 4.40e-01 -1.79e-04 -3.99e-04 1.80e+00
   -1.03e-03 1.56e+00 2.89e+00]]

 [[1.08e-09 4.16e-10 6.14e-10 3.31e-09 7.86e-10 1.11e-09 1.07e-09
   1.16e-09 4.31e-10 3.82e-09]
  [2.00e-11 6.05e-12 2.21e-11 1.16e-11 5.12e-12 1.43e-11 3.35e-12
   2.88e-11 8.17e-12 1.34e-11]
  [1.76e+00 8.22e-01 -2.33e-04 -8.46e-04 -6.87e-03 -3.08e-04 -4.43e-04
   4.24e+00 1.41e+00 -4.30e-04]]

 [[3.33e-10 1.03e-09 1.72e-09 5.58e-10 7.87e-10 7.45e-10 5.82e-10
   1.06e-09 1.05e-09 2.87e-10]
  [1.13e-11 1.48e-11 1.53e-11 9.24e-12 6.96e-12 2.29e-11 3.36e-11
   1.47e-11 2.23e-12 2.51e-12]
  [-1.07e-03 -9.91e-04 -2.56e-03 -1.57e-04 7.19e-02 -2.57e-04 1.89e-01
   1.11e-02 1.93e+00 -1.01e-01]]

 [[2.67e-08 4.65e-07 3.93e-07 3.61e-07 3.76e-07 3.95e-07 5.24e-07
   8.85e-07 9.61e-07 7.24e-07]
  [3.14e-09 5.19e-09 8.11e-09 4.89e-09 7.28e-09 9.62e-09 5.73e-09
   6.12e-09 5.36e-09 2.94e-09]
  [-1.11e-02 -8.35e-03 -1.53e-03 -1.05e-02 -3.94e-02 7.11e-02 -1.10e-02
   8.20e-01 1.34e-01 3.12e+00]]

 [[3.53e-07 3.93e-07 6.52e-07 1.87e-07 7.26e-07 4.81e-07 4.19e-07
   7.40e-07 1.67e-07 1.79e-07]
  [9.25e-09 1.66e-09 2.36e-09 2.43e-08 1.03e-08 8.61e-09 8.68e-09
   1.01e-08 7.26e-09 4.67e-09]
  [7.59e-01 2.76e+00 -7.93e-02 -2.36e-04 5.10e-01 2.58e-01 -4.52e-02
   5.09e-01 2.51e+00 -3.43e-01]]

 [[5.19e-07 3.56e-07 1.14e-06 2.31e-07 6.30e-07 4.99e-07 1.64e-07
   3.15e-07 4.76e-07 6.09e-07]
  [2.14e-08 6.06e-09 1.67e-08 1.54e-08 1.26e-08 3.02e-09 2.32e-09
   8.12e-09 1.05e-08 2.34e-09]
  [-5.40e-03 9.47e-01 -8.69e-03 3.23e-01 7.63e-01 9.49e-01 3.19e-01
   -1.70e-02 6.32e-01 7.47e-03]]

 [[2.25e-06 1.56e-06 4.02e-06 5.88e-07 2.78e-06 8.30e-06 1.39e-06
   7.08e-07 1.02e-06 2.61e-06]
  [5.96e-08 6.44e-08 4.50e-08 1.00e-08 1.15e-08 4.50e-08 3.49e-08
   3.75e-08 5.08e-08 3.62e-08]
  [-2.20e-03 -5.19e-02 -3.24e-02 -2.46e-02 -5.38e-02 -2.51e-02 -2.55e-03
   -8.83e-02 -8.81e-03 -9.81e-02]]

 [[2.51e-06 1.00e-06 3.21e-06 2.84e-06 2.05e-06 6.27e-06 3.06e-06
   1.74e-06 7.90e-07 1.35e-06]
  [3.07e-09 2.83e-08 5.82e-08 6.60e-08 3.79e-08 5.08e-08 2.89e-08
   2.33e-08 5.76e-08 5.00e-08]
  [-2.92e-02 -3.99e-02 -7.86e-02 -6.54e-03 -1.27e-02 -4.44e-02 -1.40e-02
   -2.86e-03 -1.73e-02 -3.09e-02]]

 [[1.23e-06 3.29e-07 1.00e-05 3.68e-06 4.35e-06 2.11e-06 1.66e-06
   1.94e-06 1.16e-06 1.59e-06]
  [1.09e-07 2.33e-08 2.53e-08 4.23e-08 2.82e-08 9.17e-09 3.80e-08
   4.83e-08 4.39e-09 5.22e-08]
  [-1.38e-01 -1.59e-02 -1.44e-01 -9.85e-02 -1.21e-01 -1.01e-01 -1.31e-01
   -2.69e-03 -1.74e-01 -1.98e-01]]

 [[6.53e-06 7.00e-06 1.04e-05 1.00e-05 5.27e-06 9.81e-06 5.89e-06
   4.16e-06 8.51e-06 2.56e-05]
  [3.50e-08 5.94e-08 1.01e-07 4.20e-08 3.62e-08 1.07e-07 9.70e-08
   6.61e-08 6.24e-08 8.51e-08]
  [-3.85e-02 -2.88e-02 -2.01e-02 -1.25e-01 -4.41e-02 -9.59e-03 -1.09e-02
   -1.96e-01 -4.42e-02 -2.27e-02]]

 [[1.38e-05 2.73e-06 2.34e-06 1.51e-05 2.98e-06 3.58e-06 6.80e-06
   7.40e-06 9.07e-06 3.97e-06]
  [6.76e-08 4.12e-08 8.86e-08 2.51e-07 1.32e-07 5.33e-08 2.05e-07
   1.01e-07 1.41e-07 5.30e-08]
  [-9.27e-03 -7.77e-03 -9.57e-02 -2.91e-02 -1.59e-03 -7.59e-02 -4.55e-02
   -1.22e-01 -6.56e-03 -6.39e-03]]

 [[8.36e-06 9.26e-06 4.46e-06 3.77e-06 4.13e-06 6.68e-06 5.59e-06
   3.76e-06 5.24e-06 1.04e-05]
  [2.12e-07 1.16e-07 1.41e-07 8.26e-08 2.23e-07 4.38e-08 1.40e-07
   1.04e-07 1.58e-07 3.97e-08]
  [-4.51e-02 -1.34e-02 -6.47e-02 -6.88e-02 -8.13e-02 -1.37e-01 -8.92e-02
   -1.71e-01 -1.10e-02 -4.14e-03]]

 [[2.31e-05 3.25e-05 2.70e-05 3.10e-05 2.15e-05 3.51e-05 4.76e-05
   3.34e-05 3.36e-05 1.78e-05]
  [2.84e-07 4.14e-07 4.28e-07 3.20e-07 1.55e-06 3.62e-07 7.63e-07
   4.15e-07 5.68e-07 2.21e-06]
  [-4.67e-02 -1.15e-02 -1.44e-01 -1.79e-02 -6.70e-02 -3.43e-02 -4.46e-03
   -2.82e-02 -3.58e-01 -1.22e-01]]

 [[5.06e-05 4.96e-05 7.53e-05 3.54e-05 3.19e-05 1.21e-05 5.17e-05
   2.09e-05 2.95e-06 2.21e-05]
  [4.26e-07 6.77e-07 5.46e-07 7.49e-07 6.35e-07 2.70e-07 1.54e-07
   4.31e-07 7.69e-07 4.14e-07]
  [-2.14e-01 -7.43e-02 -2.00e-02 -3.07e-01 -1.16e-02 -9.97e-02 -7.89e-02
   -9.74e-03 -5.58e-03 -1.56e-02]]

 [[1.33e-05 1.71e-05 1.06e-04 1.29e-05 7.75e-06 4.44e-05 2.35e-05
   2.17e-05 1.79e-05 4.78e-05]
  [4.25e-08 6.03e-07 8.09e-07 2.47e-07 2.79e-07 2.98e-07 6.77e-07
   4.49e-07 3.65e-07 1.93e-07]
  [-2.14e-02 -1.42e-02 -3.52e-02 -1.73e-02 -1.87e-03 -9.15e-02 -1.33e-01
   -1.37e-01 -6.70e-02 -1.42e-01]]

 [[1.06e-04 2.26e-04 1.53e-04 2.48e-04 1.53e-04 4.82e-05 1.16e-04
   3.51e-04 6.58e-04 1.36e-04]
  [1.92e-06 3.36e-06 6.44e-06 1.44e-06 1.44e-06 3.40e-06 1.70e-06
   5.93e-06 2.72e-06 2.58e-06]
  [-1.90e-01 -1.18e-01 -1.73e-01 -1.18e-01 -7.94e-02 -1.60e-02 -1.97e-02
   -1.00e-01 -1.06e-02 -2.09e-01]]

 [[2.82e-04 3.75e-04 2.19e-04 1.92e-04 9.62e-05 1.30e-04 8.48e-05
   1.02e-04 3.27e-04 7.11e-04]
  [4.10e-06 2.17e-06 3.08e-06 2.39e-06 5.60e-07 1.30e-06 1.84e-06
   7.45e-06 4.78e-06 1.42e-06]
  [-1.34e-01 -1.01e-01 -6.11e-02 -4.22e-01 -3.38e-02 -4.01e-02 -1.80e-02
   -2.65e-02 -1.12e-01 -7.76e-02]]

 [[1.32e-04 9.04e-05 4.95e-04 1.06e-04 5.23e-05 2.30e-04 4.13e-05
   8.29e-05 1.80e-04 1.95e-04]
  [1.40e-06 8.00e-07 1.56e-06 2.80e-06 2.82e-06 5.85e-06 4.07e-06
   8.76e-07 6.36e-07 1.07e-06]
  [-5.44e-02 -9.87e-02 -6.01e-03 -2.94e-02 -1.30e-01 -9.32e-02 -5.35e-02
   -1.60e-01 -6.03e-02 -5.40e-03]]

 [[4.46e-10 5.22e-10 6.80e-10 8.50e-10 2.58e-09 5.22e-10 1.50e-09
   1.74e-09 1.13e-09 2.20e-09]
  [9.69e-12 1.55e-11 6.31e-12 2.90e-11 3.25e-11 7.93e-12 3.61e-11
   7.67e-12 1.75e-11 2.17e-11]
  [-3.42e-04 3.19e-01 -1.57e-04 7.11e-02 -7.01e-04 -1.13e-03 7.47e-03
   -7.65e-05 -2.25e-03 -4.21e-04]]

 [[9.21e-10 9.15e-10 1.35e-09 3.59e-09 8.03e-10 8.69e-10 1.01e-09
   4.73e-10 1.38e-10 1.16e-09]
  [8.18e-12 2.86e-11 1.69e-11 2.58e-11 6.91e-12 9.77e-12 1.44e-11
   1.31e-11 1.54e-11 1.23e-11]
  [3.28e+00 -3.57e-06 -1.23e-04 9.35e-01 -5.01e-04 -7.41e-04 -3.10e-04
   1.13e+00 6.30e-01 -6.00e-04]]

 [[5.94e-10 6.16e-10 3.71e-10 2.41e-09 3.39e-09 2.99e-09 9.14e-10
   9.47e-10 7.89e-10 4.79e-10]
  [1.04e-11 5.55e-12 1.20e-11 5.23e-11 2.66e-11 2.26e-11 6.51e-12
   1.32e-11 1.75e-12 1.61e-11]
  [1.01e+00 -3.52e-04 -5.51e-05 7.38e-02 7.01e-02 -6.52e-04 -2.79e-05
   2.51e-01 1.11e-02 -4.49e-04]]

 [[1.70e-07 3.07e-07 1.07e-06 1.56e-07 6.34e-07 7.92e-07 5.43e-07
   4.18e-07 5.90e-07 5.22e-07]
  [6.20e-09 7.13e-09 1.41e-08 7.85e-08 7.53e-09 8.16e-09 3.72e-09
   7.83e-09 1.16e-08 4.91e-10]
  [-2.77e-03 -2.52e-02 -1.05e-02 -1.71e-02 -7.09e-04 -8.28e-03 -3.32e-02
   -5.29e-03 -4.91e-03 -2.69e-02]]

 [[6.17e-07 3.81e-07 6.54e-07 7.39e-07 7.59e-07 4.30e-07 3.00e-07
   4.16e-07 1.59e-06 8.79e-07]
  [4.96e-09 1.43e-08 6.85e-09 6.37e-09 7.98e-09 5.27e-09 5.99e-09
   4.30e-09 1.61e-09 1.04e-08]
  [3.19e-01 -1.42e-02 -4.77e-04 -2.71e-05 -1.49e-02 8.59e-03 2.76e+00
   5.71e-01 -2.11e-02 -2.06e-03]]

 [[5.69e-07 8.54e-07 6.66e-07 7.91e-07 2.58e-07 2.58e-07 1.04e-06
   1.01e-06 2.77e-07 2.26e-07]
  [1.11e-08 2.69e-09 2.20e-09 3.29e-09 1.86e-08 4.74e-09 5.59e-09
   3.19e-09 6.14e-09 9.55e-09]
  [-2.45e-04 -1.16e-02 -1.27e-02 2.59e-01 -1.83e-02 -1.58e-02 -2.85e-02
   1.89e-01 8.81e-01 -2.13e-04]]

 [[1.63e-06 2.49e-06 8.81e-07 4.03e-06 2.72e-06 2.56e-06 1.97e-06
   3.58e-06 7.58e-07 4.83e-06]
  [5.92e-08 1.81e-08 1.40e-08 1.16e-08 4.83e-08 2.82e-08 5.85e-09
   1.50e-08 1.97e-08 4.30e-08]
  [-1.61e-01 -8.55e-02 -5.39e-02 -9.97e-02 -5.21e-03 -1.59e-02 -3.10e-02
   -4.19e-02 -1.37e-02 -1.12e-02]]

 [[1.97e-06 1.84e-06 1.33e-06 3.81e-06 1.87e-06 1.97e-06 1.27e-06
   5.89e-06 4.38e-06 1.75e-06]
  [3.72e-08 2.22e-08 5.92e-09 1.74e-08 1.65e-08 1.17e-08 4.09e-08
   1.42e-08 1.21e-08 2.14e-08]
  [-4.56e-02 -1.11e-02 -6.27e-02 -4.97e-02 -8.41e-03 -4.43e-02 -4.98e-02
   -7.56e-02 -1.35e-02 -7.01e-03]]

 [[2.35e-06 1.17e-06 2.16e-06 1.47e-06 2.52e-06 2.81e-06 6.86e-07
   2.21e-06 4.79e-06 1.19e-06]
  [6.96e-08 1.48e-07 4.87e-09 3.51e-08 2.68e-08 1.47e-08 1.51e-08
   5.12e-08 6.84e-08 6.27e-08]
  [-6.23e-03 -3.48e-02 -3.14e-02 -3.14e-02 -6.82e-03 -6.99e-02 -2.94e-02
   -9.63e-02 -1.06e-01 -1.04e-02]]

 [[2.03e-05 2.91e-06 4.28e-06 6.31e-06 3.28e-06 6.72e-06 1.85e-05
   1.04e-05 1.49e-05 3.68e-06]
  [1.24e-07 1.72e-07 8.90e-08 5.08e-08 1.01e-07 5.30e-08 7.22e-08
   2.55e-07 9.53e-08 2.46e-07]
  [-6.66e-02 -1.09e-02 -1.85e-02 -1.92e-01 -5.96e-02 -1.20e-01 -2.11e-02
   -2.79e-03 -4.61e-02 -3.01e-02]]

 [[4.80e-06 5.24e-06 2.47e-06 7.29e-06 1.30e-05 1.34e-06 5.38e-06
   6.73e-06 3.45e-06 3.10e-06]
  [3.06e-07 6.30e-08 7.29e-08 6.47e-08 1.86e-07 1.48e-07 9.06e-09
   3.04e-08 1.56e-07 1.10e-07]
  [-4.24e-02 -1.47e-03 -1.77e-02 -5.56e-02 -2.58e-02 -1.07e-02 -1.05e-01
   -4.45e-03 -1.05e-01 -3.01e-02]]

 [[4.26e-06 1.95e-06 2.49e-06 7.07e-06 3.17e-06 2.42e-06 8.11e-06
   8.87e-06 4.59e-06 1.09e-05]
  [1.23e-08 3.57e-08 1.50e-07 9.57e-08 6.00e-08 6.31e-08 1.90e-07
   2.08e-07 2.38e-07 1.77e-07]
  [-8.07e-02 -3.53e-02 -4.99e-02 -1.27e-01 -9.19e-02 -4.20e-02 -2.27e-02
   -5.38e-02 -4.60e-02 -3.14e-02]]

 [[3.63e-05 2.56e-05 2.75e-05 3.40e-05 2.49e-05 2.00e-05 6.26e-06
   5.37e-05 2.48e-05 2.35e-05]
  [6.31e-07 3.81e-07 1.23e-06 3.27e-07 2.94e-07 1.85e-07 1.17e-06
   1.76e-07 3.30e-07 3.66e-07]
  [-9.25e-02 -1.68e-01 -4.21e-02 -4.24e-02 -8.10e-02 -6.05e-02 -1.47e-02
   -2.47e-01 -4.98e-02 -6.95e-04]]

 [[1.48e-05 1.74e-05 1.84e-05 5.28e-06 1.31e-05 6.88e-05 2.30e-05
   2.40e-06 3.96e-05 8.21e-06]
  [3.81e-07 8.98e-07 4.38e-07 7.10e-07 5.00e-07 1.57e-07 8.35e-08
   2.19e-07 7.73e-07 3.47e-07]
  [-1.25e-01 -5.91e-02 -5.31e-02 -5.78e-03 -6.37e-02 -2.98e-02 -2.84e-01
   -6.57e-02 -1.59e-01 -1.46e-01]]

 [[3.51e-05 2.07e-05 5.63e-06 1.79e-05 1.81e-05 2.37e-05 1.30e-05
   9.33e-05 7.43e-05 2.22e-05]
  [8.23e-07 3.21e-07 8.38e-07 2.50e-07 2.72e-07 1.58e-07 1.96e-07
   2.14e-07 1.14e-06 2.00e-07]
  [-6.22e-02 -6.26e-02 -2.69e-01 -2.85e-02 -4.87e-02 -2.33e-01 -7.33e-02
   -1.34e-02 -8.07e-02 -8.87e-02]]

 [[2.32e-04 1.68e-04 1.58e-04 1.96e-04 1.66e-04 4.28e-05 7.87e-05
   1.05e-04 9.08e-05 1.16e-04]
  [4.26e-06 4.27e-06 2.04e-06 1.93e-06 6.56e-06 2.71e-06 1.50e-06
   5.67e-07 1.48e-06 8.27e-07]
  [-9.95e-02 -2.55e-01 -6.77e-02 -1.25e-01 -5.67e-03 -2.69e-02 -1.96e-02
   -1.22e-01 -2.49e-02 -1.32e-01]]

 [[1.54e-04 7.59e-05 1.70e-04 1.08e-04 1.13e-04 5.35e-04 6.57e-04
   7.06e-05 7.16e-05 1.59e-04]
  [9.82e-07 6.39e-06 2.14e-06 5.87e-06 5.89e-06 3.03e-07 9.58e-07
   1.42e-06 7.13e-06 9.56e-06]
  [-4.66e-02 -2.09e-02 -1.85e-02 -7.64e-03 -3.80e-02 -2.65e-01 -1.08e-02
   -4.65e-02 -5.91e-02 -2.34e-02]]

 [[7.61e-05 8.97e-05 5.93e-04 2.52e-04 1.42e-04 3.39e-05 1.13e-04
   7.69e-05 7.11e-04 2.99e-04]
  [7.22e-07 2.07e-06 5.86e-06 4.19e-06 4.50e-06 7.90e-06 1.65e-06
   9.66e-07 3.53e-06 4.25e-06]
  [-7.75e-03 -2.44e-01 -9.94e-02 -3.70e-03 -7.20e-02 -5.00e-02 -1.18e-02
   -1.42e-01 -1.05e-01 -1.27e-02]]

 [[3.82e-10 2.08e-10 2.25e-10 5.82e-10 7.93e-10 1.74e-10 1.27e-09
   6.44e-10 2.23e-10 5.03e-10]
  [8.39e-12 2.45e-12 1.36e-11 2.64e-11 1.75e-12 1.43e-11 1.18e-11
   3.30e-12 1.24e-11 2.27e-11]
  [1.62e+00 -3.63e-04 1.75e+00 1.87e+00 6.81e-02 -1.79e-03 -5.94e-05
   1.74e+00 -5.43e-04 1.11e-02]]

 [[4.56e-10 1.04e-09 1.76e-09 2.27e-09 5.22e-10 9.31e-10 3.90e-09
   1.16e-09 1.91e-10 4.91e-10]
  [2.90e-12 5.38e-12 4.96e-12 1.21e-11 1.98e-11 7.21e-12 5.87e-12
   1.32e-11 4.29e-12 1.69e-11]
  [-1.54e-04 -4.38e-03 3.13e-01 -8.74e-04 7.58e+00 2.58e-01 -4.12e-04
   3.23e-01 5.89e-01 1.35e-01]]

 [[7.22e-10 1.28e-09 3.35e-10 2.62e-10 2.24e-10 7.51e-10 9.08e-10
   1.17e-09 1.75e-09 6.66e-10]
  [4.51e-12 6.33e-12 9.73e-12 6.67e-12 7.40e-12 9.07e-12 2.44e-11
   2.26e-11 4.26e-12 4.32e-12]
  [-5.75e-04 -1.36e-03 8.88e-01 1.11e-02 -1.39e-04 8.68e+00 3.21e-01
   -1.29e-03 -1.52e-03 1.99e+00]]

 [[2.97e-07 1.65e-07 2.39e-07 4.57e-08 1.62e-07 2.44e-07 5.45e-07
   3.13e-07 1.81e-07 6.72e-08]
  [3.76e-09 9.57e-09 1.37e-08 3.45e-09 1.16e-08 2.93e-09 4.56e-09
   2.06e-08 2.77e-09 3.15e-09]
  [6.34e-01 1.57e+00 -6.03e-02 -1.05e-03 -5.38e-03 -2.41e-02 -7.60e-03
   -1.14e-02 -6.27e-02 -3.57e-04]]

 [[5.31e-07 3.13e-07 6.14e-07 8.30e-08 2.36e-07 3.18e-07 2.79e-07
   4.48e-07 2.67e-07 1.24e-07]
  [1.31e-09 4.42e-09 2.68e-09 2.40e-09 4.99e-09 3.06e-09 4.74e-09
   8.24e-10 2.33e-09 1.79e-09]
  [2.41e+00 5.09e-01 1.01e+00 5.69e-01 2.51e+00 3.12e+00 7.22e-02
   -4.19e-03 -1.78e-03 -9.85e-04]]

 [[2.29e-07 2.63e-07 2.70e-07 3.71e-07 4.24e-07 2.51e-07 5.25e-07
   3.45e-07 4.23e-07 1.47e-07]
  [1.13e-09 3.64e-09 1.20e-08 5.61e-09 1.79e-08 8.17e-10 9.12e-09
   2.14e-09 2.20e-09 7.60e-09]
  [-2.98e-02 -1.89e-02 -2.91e-02 -1.10e-02 -8.34e-02 -2.95e-02 1.01e+00
   -1.25e-01 3.82e-01 -1.16e-03]]

 [[7.18e-07 1.07e-06 2.02e-06 1.44e-06 1.65e-06 1.17e-06 6.11e-06
   2.08e-06 1.94e-06 1.15e-06]
  [2.10e-08 1.05e-08 3.99e-09 6.22e-09 3.30e-08 1.08e-08 1.77e-08
   1.31e-08 8.90e-08 3.50e-08]
  [-3.67e-03 -3.79e-02 -2.42e-02 -8.93e-02 -8.79e-03 -1.38e-02 -6.81e-02
   -1.21e-02 -8.57e-05 -1.51e-02]]

 [[1.39e-06 2.49e-06 1.98e-06 1.51e-06 5.38e-07 5.30e-07 1.07e-06
   2.05e-06 7.07e-07 8.41e-07]
  [2.05e-08 4.76e-09 3.78e-08 2.04e-08 1.61e-08 1.34e-08 3.03e-08
   6.90e-09 1.30e-08 1.44e-08]
  [-5.77e-02 -2.22e-02 -2.62e-02 -8.70e-03 -7.32e-02 -2.47e-02 -2.79e-02
   -3.36e-02 -9.15e-03 -3.48e-02]]

 [[8.30e-07 4.42e-06 2.56e-06 2.62e-06 3.04e-07 1.34e-06 1.67e-06
   1.10e-06 1.34e-06 7.19e-07]
  [3.04e-08 1.89e-08 9.75e-09 2.32e-08 1.01e-08 1.62e-08 5.53e-08
   3.89e-08 1.87e-08 8.29e-09]
  [-4.75e-02 -7.38e-03 -7.85e-02 -3.17e-02 -7.16e-02 -7.95e-03 -3.45e-02
   -2.49e-02 -1.88e-02 -1.10e-02]]

 [[5.82e-06 4.93e-06 5.09e-06 2.81e-06 3.86e-06 2.70e-06 3.76e-06
   2.56e-06 1.35e-05 2.18e-06]
  [3.02e-08 3.05e-08 2.72e-08 1.35e-08 7.97e-09 6.73e-08 2.76e-08
   4.45e-08 8.64e-08 3.28e-08]
  [-4.86e-04 -1.09e-02 -1.76e-01 -4.06e-02 -3.96e-02 -5.06e-02 -5.04e-02
   -6.38e-03 -1.01e-01 -1.26e-01]]

 [[2.68e-06 4.91e-06 7.38e-06 4.65e-06 1.32e-05 2.65e-06 2.81e-06
   6.16e-07 1.54e-06 2.57e-06]
  [2.97e-08 7.28e-08 3.82e-08 4.27e-08 6.52e-08 3.66e-08 2.42e-08
   6.18e-08 6.93e-08 6.24e-08]
  [-2.56e-01 -2.62e-03 -4.73e-03 -3.20e-03 -5.36e-03 -4.48e-02 -1.69e-02
   -6.85e-02 -1.32e-01 -4.74e-03]]

 [[2.99e-06 6.86e-06 5.07e-06 4.05e-06 3.31e-06 4.32e-06 1.56e-05
   3.08e-06 1.21e-05 3.32e-06]
  [1.15e-07 3.15e-08 2.49e-08 5.10e-08 5.63e-08 5.06e-08 7.92e-08
   3.68e-08 2.21e-07 2.59e-08]
  [-5.52e-02 -1.01e-02 -2.48e-02 -5.21e-02 -1.69e-02 -1.30e-01 -4.32e-02
   -5.70e-02 -5.03e-03 -3.79e-02]]

 [[4.22e-06 1.54e-05 1.79e-05 6.44e-05 1.49e-05 2.82e-05 7.74e-05
   1.81e-05 2.35e-05 1.96e-05]
  [1.48e-07 2.18e-07 6.05e-07 2.54e-07 5.20e-07 6.31e-07 2.47e-07
   3.46e-07 1.21e-07 1.14e-07]
  [-9.77e-03 -9.93e-02 -1.80e-01 -1.49e-01 -2.58e-02 -1.80e-02 -9.70e-02
   -2.85e-02 -1.69e-02 -1.33e-01]]

 [[3.26e-05 2.65e-05 6.57e-06 1.33e-05 1.54e-05 2.38e-06 1.29e-05
   1.39e-05 2.38e-05 2.09e-05]
  [2.95e-07 9.67e-08 1.51e-07 2.80e-07 3.29e-07 4.20e-07 1.39e-07
   2.47e-07 2.77e-07 4.34e-07]
  [-5.52e-02 -1.56e-01 -8.28e-02 -1.00e-02 -2.14e-01 -1.87e-01 -6.45e-02
   -7.89e-02 -2.03e-01 -4.33e-03]]

 [[1.77e-05 2.40e-05 1.55e-05 1.36e-05 1.17e-05 3.10e-05 1.58e-05
   3.95e-05 5.14e-05 1.30e-05]
  [6.10e-07 1.06e-07 5.16e-07 7.48e-07 2.08e-07 7.64e-07 4.94e-07
   1.67e-07 4.31e-07 4.70e-07]
  [-2.08e-02 -1.09e-01 -4.75e-03 -1.95e-02 -4.76e-02 -4.75e-02 -2.70e-02
   -1.07e-01 -1.26e-02 -1.07e-01]]

 [[1.15e-04 2.12e-04 1.09e-04 3.15e-04 8.05e-05 1.23e-04 5.50e-05
   1.76e-04 2.13e-05 2.22e-04]
  [5.67e-07 3.20e-06 2.81e-06 1.45e-06 2.10e-06 9.61e-07 6.93e-07
   3.17e-06 1.72e-06 1.34e-06]
  [-2.83e-02 -1.19e-01 -1.30e-01 -1.79e-01 -5.40e-02 -2.08e-01 -1.16e-01
   -2.41e-02 -1.75e-01 -1.86e-02]]

 [[3.20e-04 4.82e-05 5.91e-05 5.97e-04 6.33e-05 1.35e-04 6.24e-04
   3.98e-05 5.86e-05 2.21e-04]
  [6.41e-07 1.53e-06 9.75e-07 1.62e-06 1.46e-06 3.42e-06 1.52e-06
   5.24e-07 5.97e-07 7.88e-06]
  [-2.72e-02 -1.33e-01 -5.49e-02 -1.21e-02 -2.04e-01 -1.35e-01 -8.40e-03
   -8.10e-02 -3.93e-01 -2.59e-01]]

 [[9.17e-05 3.45e-04 1.57e-04 5.48e-05 4.17e-05 3.55e-05 4.85e-05
   2.25e-04 3.35e-04 1.25e-04]
  [1.57e-06 2.52e-06 2.35e-06 1.19e-06 9.95e-07 1.09e-06 2.45e-07
   8.45e-07 2.21e-06 8.32e-07]
  [-1.71e-02 -2.89e-02 -2.49e-01 -1.49e-01 -2.94e-01 -5.04e-03 -3.49e-01
   -5.63e-02 -5.49e-02 -1.53e-01]]

 [[1.97e-09 9.32e-10 1.34e-09 4.08e-10 3.68e-10 6.55e-10 4.44e-10
   2.03e-09 2.27e-10 5.29e-10]
  [4.79e-12 2.30e-12 1.99e-11 9.56e-12 1.00e-11 6.42e-12 8.61e-12
   1.93e-11 1.65e-11 5.56e-12]
  [-6.35e-05 1.34e-01 -1.22e-03 1.19e+00 9.49e-01 5.71e-01 -6.31e-04
   -4.77e-04 -1.28e-02 -1.32e-05]]

 [[3.68e-10 1.76e-09 1.26e-09 6.10e-10 6.28e-10 9.43e-11 4.86e-10
   3.34e-10 7.26e-11 7.65e-10]
  [4.53e-11 3.08e-11 9.76e-12 6.16e-12 1.46e-11 8.02e-12 2.60e-12
   1.13e-11 1.57e-11 6.91e-12]
  [-4.69e-04 -6.45e-05 1.13e+00 -7.32e-03 1.33e+00 1.26e+00 -8.45e-05
   -1.83e-03 -4.87e-05 -2.58e-03]]

 [[8.44e-10 3.60e-10 1.47e-09 1.15e-09 1.03e-09 1.27e-09 2.37e-10
   1.13e-10 5.50e-10 8.99e-10]
  [1.60e-11 3.25e-12 4.05e-12 3.41e-12 9.85e-12 4.74e-12 1.42e-11
   9.67e-12 5.44e-12 1.28e-12]
  [-1.94e-03 -7.65e-04 -3.41e-04 -3.42e-04 -1.94e-04 -4.81e-04 -4.53e-04
   8.14e-01 -1.58e-03 -1.03e-03]]

 [[8.21e-08 2.27e-07 6.89e-07 1.07e-07 1.09e-06 5.65e-07 2.21e-07
   1.44e-07 7.94e-08 3.97e-07]
  [3.84e-09 5.69e-09 4.78e-09 1.16e-08 1.41e-09 3.71e-09 3.12e-09
   5.69e-09 7.38e-10 1.10e-09]
  [-2.21e-03 2.58e-01 -9.37e-03 -1.77e-02 1.35e-01 -9.52e-03 -5.08e-02
   -2.11e-02 -2.50e-03 1.97e-01]]

 [[2.56e-07 4.69e-08 5.66e-08 5.43e-07 2.81e-07 1.22e-07 1.91e-07
   4.63e-07 6.28e-07 1.03e-07]
  [6.78e-09 2.06e-09 9.84e-09 2.34e-09 3.33e-09 1.03e-08 4.21e-09
   3.22e-09 3.97e-09 9.34e-09]
  [8.18e-01 -1.39e-01 4.46e-01 1.01e+00 -1.03e-02 -1.19e-02 1.13e+00
   -3.39e-02 1.94e-01 -1.95e-03]]

 [[2.50e-07 1.46e-07 2.13e-07 2.68e-07 4.45e-07 2.12e-07 2.04e-07
   3.27e-07 4.81e-07 1.83e-07]
  [5.69e-09 2.15e-09 3.76e-09 2.13e-09 8.90e-09 2.07e-09 4.22e-09
   3.98e-09 4.15e-09 3.70e-09]
  [3.84e-01 -3.42e-02 3.17e-01 1.14e+00 -8.05e-03 -5.18e-03 4.45e-01
   -1.72e-02 -2.25e-02 -5.96e-04]]

 [[2.89e-06 7.91e-07 2.00e-06 3.10e-07 5.66e-06 2.38e-06 1.93e-06
   1.26e-06 4.11e-07 1.25e-06]
  [8.87e-09 2.15e-08 2.69e-08 1.95e-08 2.42e-08 8.17e-09 2.10e-08
   1.07e-08 3.01e-08 5.84e-09]
  [-5.95e-02 -1.19e-02 -9.29e-02 -1.84e-02 -7.35e-03 -2.33e-02 -3.76e-02
   -6.19e-02 -2.56e-04 -1.77e-01]]

 [[3.02e-06 1.12e-06 5.88e-07 2.87e-06 7.07e-07 1.42e-06 1.15e-06
   1.85e-06 6.24e-07 7.49e-07]
  [7.94e-09 1.55e-08 1.33e-08 2.16e-08 1.84e-08 1.57e-08 5.51e-08
   2.85e-08 1.66e-08 7.84e-09]
  [-2.38e-02 -2.42e-02 -5.38e-02 -4.07e-02 -2.66e-02 -1.30e-02 -8.83e-02
   -1.55e-02 -8.82e-03 -2.16e-02]]

 [[7.69e-07 5.64e-07 2.05e-06 1.25e-06 9.16e-07 1.45e-06 4.84e-07
   5.84e-07 3.36e-07 6.50e-07]
  [2.77e-08 3.43e-08 2.53e-08 2.20e-08 2.84e-08 1.15e-08 8.43e-09
   3.34e-08 2.21e-08 3.52e-08]
  [-2.64e-02 -3.56e-03 -2.56e-03 -3.74e-03 -2.27e-03 -4.36e-03 -2.51e-02
   -1.18e-02 -1.80e-01 -1.57e-02]]

 [[3.56e-06 8.54e-06 3.61e-06 8.54e-06 4.38e-06 2.29e-06 2.88e-06
   4.72e-06 2.35e-06 2.67e-06]
  [8.13e-09 2.36e-08 6.19e-08 5.44e-08 1.85e-08 7.71e-08 6.73e-08
   7.43e-08 1.41e-07 3.86e-08]
  [-3.71e-02 -9.26e-03 -6.17e-02 -4.50e-03 -1.28e-01 -3.85e-02 -7.07e-02
   -9.06e-03 -2.99e-03 -1.35e-02]]

 [[3.34e-06 4.33e-07 1.56e-06 5.19e-06 3.06e-06 1.12e-05 5.02e-06
   5.61e-06 7.75e-06 1.20e-06]
  [2.81e-08 1.37e-08 7.95e-08 1.90e-07 6.08e-08 2.05e-08 8.87e-08
   1.95e-08 1.79e-08 1.62e-08]
  [-9.69e-02 -3.75e-02 -4.33e-02 -6.26e-02 -1.89e-01 -2.44e-03 -8.96e-05
   -1.36e-02 -6.00e-03 -8.24e-02]]

 [[1.36e-05 4.19e-06 4.06e-06 5.01e-06 1.03e-06 6.28e-06 5.27e-06
   1.05e-06 1.78e-06 1.83e-06]
  [8.62e-09 6.29e-08 2.71e-08 2.69e-08 8.11e-09 3.31e-08 1.58e-08
   2.06e-07 2.72e-08 1.12e-07]
  [-2.45e-02 -1.39e-02 -1.56e-02 -1.14e-01 -3.61e-02 -2.00e-03 -1.38e-03
   -2.82e-02 -7.43e-02 -5.60e-02]]

 [[2.14e-05 5.91e-06 5.22e-05 2.27e-05 1.70e-05 1.58e-05 9.57e-06
   1.79e-05 6.05e-06 6.62e-06]
  [2.96e-07 2.63e-07 1.34e-07 6.55e-07 1.02e-06 3.26e-07 1.88e-07
   1.03e-06 1.49e-07 2.11e-07]
  [-1.25e-01 -2.10e-01 -3.79e-02 -1.06e-01 -9.92e-03 -1.40e-01 -3.63e-03
   -8.36e-02 -2.36e-01 -9.27e-02]]

 [[1.06e-05 2.31e-05 1.14e-05 3.28e-05 2.09e-05 8.58e-06 8.73e-06
   9.82e-06 1.60e-05 1.05e-05]
  [3.98e-08 2.94e-07 3.85e-07 1.52e-07 1.92e-07 9.48e-08 6.42e-08
   1.13e-07 7.71e-07 3.20e-07]
  [-2.29e-02 -4.40e-03 -9.28e-02 -2.63e-01 -9.45e-02 -6.72e-02 -1.92e-01
   -1.44e-01 -5.63e-02 -1.93e-01]]

 [[4.43e-05 1.73e-05 2.88e-05 2.95e-05 3.16e-05 1.72e-05 1.39e-05
   3.65e-05 1.27e-05 2.95e-05]
  [2.97e-07 2.30e-07 1.32e-07 4.32e-07 4.77e-07 3.41e-07 1.96e-07
   4.29e-07 4.63e-07 1.89e-07]
  [-1.41e-02 -2.65e-02 -1.25e-01 -5.00e-02 -1.30e-04 -2.45e-02 -4.72e-02
   -1.13e-01 -2.50e-02 -1.91e-02]]

 [[1.56e-04 3.25e-04 1.30e-04 2.54e-04 2.91e-05 5.89e-05 1.04e-04
   8.42e-05 2.49e-04 2.05e-04]
  [2.19e-06 1.59e-06 1.09e-06 8.06e-07 3.79e-07 1.43e-06 1.06e-06
   3.04e-06 1.64e-06 3.12e-07]
  [-1.73e-01 -1.61e-01 -1.22e-01 -3.33e-01 -9.79e-04 -6.91e-02 -1.59e-02
   -1.98e-02 -1.71e-01 -4.27e-02]]

 [[1.34e-04 1.16e-04 7.33e-05 1.61e-04 6.93e-05 9.85e-05 3.67e-05
   1.04e-04 1.20e-04 3.16e-04]
  [8.35e-07 7.72e-07 3.34e-06 4.32e-06 9.05e-07 8.46e-07 5.61e-07
   1.33e-06 4.31e-06 1.04e-06]
  [-2.07e-02 -1.92e-01 -6.29e-02 -1.14e-04 -1.30e-02 -2.34e-01 -1.79e-01
   -1.12e-01 -3.19e-01 -2.34e-01]]

 [[9.08e-05 1.07e-04 9.95e-05 9.87e-05 1.02e-04 7.10e-05 4.73e-04
   1.26e-04 5.41e-05 1.26e-04]
  [1.13e-06 2.54e-06 2.08e-07 2.21e-06 3.01e-06 1.36e-06 5.02e-07
   6.52e-07 1.01e-06 3.66e-06]
  [-6.64e-02 -3.04e-01 -1.55e-01 -4.40e-03 -1.30e-02 -5.41e-02 -6.34e-02
   -6.14e-02 -1.70e-01 -1.38e-02]]

 [[1.72e-10 1.98e-09 2.66e-09 5.41e-10 1.72e-09 1.09e-09 8.67e-10
   7.02e-10 6.19e-10 1.73e-09]
  [5.90e-12 1.43e-11 1.67e-11 1.73e-11 1.49e-12 9.37e-12 1.93e-11
   2.55e-11 5.56e-12 6.39e-12]
  [-4.39e-07 -2.28e-03 -3.40e-03 -1.40e-03 -1.55e-05 -5.36e-04 3.84e+00
   -8.50e-04 1.26e+00 -2.51e-04]]

 [[2.58e-09 3.74e-09 9.73e-10 5.68e-10 6.18e-10 2.41e-09 1.36e-09
   2.40e-09 2.19e-09 1.94e-09]
  [4.72e-12 8.83e-12 1.83e-11 5.21e-12 1.06e-11 5.56e-12 1.03e-11
   3.71e-11 1.63e-11 1.92e-11]
  [-5.23e-04 1.11e-02 -3.45e-04 1.76e+00 -7.60e-04 -6.08e-04 1.62e+00
   -8.20e-04 -7.58e-04 9.02e+00]]

 [[5.06e-10 1.45e-09 4.01e-10 3.10e-09 6.20e-10 3.59e-09 2.00e-09
   6.46e-10 1.80e-09 8.86e-10]
  [1.23e-11 6.71e-12 6.07e-12 2.72e-11 1.35e-11 4.23e-11 1.22e-11
   1.51e-11 1.84e-11 1.26e-11]
  [-2.75e-03 2.75e+00 -1.11e-03 -1.23e-04 4.07e+00 1.68e+01 6.41e-01
   1.11e-02 1.95e+00 -1.44e-03]]

 [[1.35e-06 5.57e-07 8.25e-07 6.94e-07 1.97e-06 5.08e-07 4.14e-07
   1.02e-06 1.50e-06 6.43e-07]
  [7.39e-09 3.59e-09 7.57e-09 3.70e-09 6.17e-09 3.71e-09 3.90e-09
   6.54e-09 1.22e-08 1.76e-08]
  [-4.91e-03 -3.81e-03 -1.92e-03 7.38e-03 1.14e+00 7.47e-03 -4.31e-02
   9.47e-01 8.24e-01 1.38e+00]]

 [[1.02e-06 1.66e-06 3.65e-07 3.53e-07 7.90e-07 7.71e-07 1.16e-07
   5.08e-07 2.22e-07 8.23e-07]
  [1.99e-09 3.56e-09 5.78e-09 3.73e-09 1.94e-09 2.22e-08 1.22e-08
   1.12e-08 1.32e-08 4.73e-09]
  [-1.55e-03 -4.18e-02 7.47e-03 3.23e-01 7.47e-03 2.77e+00 -5.83e-04
   1.14e+00 8.17e-01 3.22e-01]]

 [[4.25e-07 6.18e-07 1.21e-06 9.20e-07 6.89e-07 3.61e-07 3.20e-07
   4.51e-07 6.72e-07 1.90e-06]
  [1.31e-08 1.01e-08 1.37e-08 1.24e-08 1.93e-08 3.85e-09 1.06e-08
   1.15e-08 8.45e-09 7.84e-09]
  [2.40e+00 -1.12e-02 1.57e+00 -1.58e-02 -5.90e-03 -9.16e-03 -1.44e-02
   6.34e-01 -3.20e-03 6.32e-01]]

 [[1.12e-06 5.85e-06 1.31e-05 3.36e-06 5.71e-06 2.74e-06 5.72e-06
   5.07e-06 6.32e-06 1.23e-06]
  [4.18e-08 5.41e-08 3.85e-08 3.51e-08 3.61e-08 2.53e-08 3.55e-08
   6.65e-08 2.78e-08 1.10e-07]
  [-9.82e-02 -5.67e-03 -1.13e-02 -1.37e-01 -1.28e-02 -3.09e-03 -1.24e-01
   -2.80e-04 -2.29e-02 -3.21e-03]]

 [[8.59e-06 2.99e-06 5.66e-06 1.71e-06 1.85e-06 5.46e-06 1.14e-06
   2.33e-06 2.83e-06 6.05e-07]
  [1.87e-08 9.42e-09 1.72e-08 1.68e-08 5.74e-08 2.53e-08 1.64e-07
   1.53e-08 9.91e-09 2.12e-08]
  [-2.00e-02 -1.21e-01 -5.94e-03 -2.75e-02 -2.33e-02 -6.93e-02 -5.12e-02
   -4.66e-03 -6.13e-02 -3.85e-02]]

 [[1.71e-06 1.40e-05 2.84e-06 1.43e-06 2.99e-06 1.78e-06 2.81e-06
   3.36e-06 5.60e-07 7.06e-07]
  [7.42e-08 4.51e-08 2.72e-08 1.92e-09 5.82e-08 1.26e-08 5.72e-08
   4.97e-08 6.86e-08 1.27e-08]
  [-3.60e-02 -1.11e-01 -3.27e-02 -1.92e-02 -2.10e-02 -1.55e-02 -2.99e-02
   -1.80e-01 -2.65e-03 -1.62e-04]]

 [[2.24e-05 9.22e-06 1.08e-05 5.75e-06 4.29e-06 7.09e-06 8.96e-06
   7.36e-06 1.50e-05 5.14e-06]
  [8.89e-08 1.19e-07 1.20e-07 1.29e-07 2.19e-07 3.52e-08 1.49e-07
   5.30e-08 4.46e-07 7.00e-08]
  [-6.30e-02 -1.77e-02 -7.74e-02 -4.27e-02 -1.31e-01 -1.24e-01 -3.39e-02
   -4.50e-03 -6.14e-02 -5.80e-02]]

 [[6.73e-06 1.51e-05 5.88e-06 2.15e-06 1.16e-06 1.09e-05 6.31e-06
   1.17e-05 6.39e-06 1.83e-05]
  [1.79e-07 7.69e-08 1.54e-08 3.17e-08 3.38e-08 7.45e-08 1.84e-08
   1.65e-07 1.54e-07 1.60e-07]
  [-9.04e-02 -1.72e-02 -7.43e-02 -8.55e-03 -3.45e-02 -9.68e-02 -2.32e-02
   -7.59e-03 -3.27e-02 -9.60e-02]]

 [[8.52e-06 6.64e-06 1.00e-05 5.76e-06 5.09e-06 7.20e-06 5.94e-06
   3.04e-05 1.90e-06 7.17e-06]
  [2.87e-07 2.01e-08 2.52e-08 3.13e-08 2.56e-08 2.39e-07 1.69e-07
   8.50e-08 2.58e-07 3.43e-08]
  [-2.96e-02 -1.67e-02 -3.29e-02 -1.43e-01 -5.03e-02 -2.77e-02 -1.07e-02
   -7.87e-04 -3.09e-02 -1.96e-02]]

 [[6.87e-05 1.51e-05 4.12e-05 2.01e-05 2.82e-05 7.47e-06 3.08e-05
   1.63e-05 7.86e-05 5.79e-05]
  [2.80e-07 9.05e-07 4.06e-07 4.74e-07 1.57e-06 3.88e-07 1.16e-07
   3.20e-07 2.21e-07 1.16e-06]
  [-3.08e-01 -1.34e-02 -1.41e-01 -2.38e-02 -1.04e-01 -3.12e-03 -5.56e-02
   -7.09e-03 -7.68e-03 -2.35e-02]]

 [[2.53e-05 1.69e-05 5.08e-05 2.04e-05 7.23e-05 4.66e-05 3.48e-05
   3.93e-05 1.53e-05 6.11e-05]
  [1.83e-06 9.78e-07 9.64e-07 3.97e-07 4.72e-07 2.91e-07 9.33e-07
   2.41e-07 7.25e-07 1.95e-07]
  [-2.36e-02 -6.17e-02 -3.27e-01 -6.09e-02 -1.95e-02 -3.94e-03 -1.34e-02
   -1.18e-02 -1.08e-01 -4.75e-02]]

 [[2.24e-05 4.74e-05 1.59e-05 2.85e-05 4.74e-05 3.62e-05 6.28e-05
   4.17e-05 1.24e-04 2.03e-05]
  [4.87e-07 7.05e-07 1.05e-06 2.78e-07 2.64e-07 6.46e-07 2.61e-07
   1.30e-07 1.89e-07 5.76e-07]
  [-1.47e-04 -1.11e-01 -1.81e-01 -1.53e-01 -1.86e-02 -7.46e-02 -1.25e-01
   -4.20e-02 -2.06e-02 -3.10e-02]]

 [[8.75e-04 5.88e-04 3.18e-04 2.57e-04 1.64e-04 2.22e-04 1.24e-04
   5.32e-04 5.40e-05 1.56e-04]
  [2.65e-06 2.56e-06 2.37e-06 2.16e-06 4.21e-06 2.06e-06 1.14e-06
   5.96e-06 9.29e-06 2.23e-06]
  [-1.06e-01 -2.47e-01 -1.01e-01 -6.66e-02 -1.71e-01 -3.02e-02 -8.99e-02
   -4.72e-02 -4.24e-02 -6.35e-02]]

 [[3.79e-04 2.62e-04 3.03e-04 2.28e-04 1.93e-04 4.35e-04 3.28e-04
   1.16e-04 2.81e-04 8.62e-04]
  [5.50e-06 3.72e-06 3.77e-06 1.65e-06 2.11e-06 3.21e-06 2.53e-06
   7.91e-06 2.48e-06 1.49e-06]
  [-3.91e-03 -1.87e-01 -4.25e-02 -2.02e-01 -9.74e-02 -4.65e-02 -5.72e-02
   -7.23e-03 -1.04e-01 -7.87e-02]]

 [[1.21e-04 1.86e-04 4.58e-04 5.45e-04 4.88e-04 1.45e-04 1.45e-04
   1.55e-04 2.75e-04 2.04e-04]
  [1.43e-06 1.62e-06 1.15e-05 1.77e-06 3.23e-06 3.95e-06 2.24e-06
   2.17e-06 3.23e-06 2.38e-06]
  [-1.53e-02 -9.74e-02 -5.09e-03 -1.51e-01 -1.97e-01 -1.84e-02 -4.22e-02
   -6.06e-02 -4.00e-03 -1.01e-01]]

 [[2.32e-09 2.62e-10 2.76e-10 6.47e-10 1.05e-09 3.55e-10 1.22e-09
   9.93e-10 2.55e-10 5.98e-10]
  [1.15e-11 6.33e-12 1.95e-11 2.14e-11 2.91e-11 5.51e-12 3.31e-11
   1.32e-11 2.32e-11 1.13e-11]
  [-4.05e-05 -8.33e-04 -7.18e-04 -4.05e-04 -1.15e-04 -1.52e-04 -2.58e-04
   -2.75e-04 -4.69e-04 -2.94e-04]]

 [[1.35e-09 7.13e-10 5.45e-10 1.58e-09 4.44e-09 1.77e-10 6.98e-10
   4.81e-09 9.63e-10 8.32e-10]
  [1.25e-11 5.93e-12 1.40e-12 5.56e-12 8.82e-12 9.24e-12 1.61e-11
   4.64e-11 1.45e-11 1.07e-11]
  [4.02e+00 -2.42e-06 -3.80e-03 -5.37e-04 -4.11e-04 3.62e+00 -8.58e-05
   5.26e-01 -8.50e-04 -3.48e-04]]]