[[[ 1.57915595e-10  1.58671468e+02  1.25604191e+01  2.88220657e+02
    1.98241736e+02  1.04323761e+02  2.96221479e+02  1.73816356e-10
    3.25706936e+02  1.00828699e+00]
  [ 3.00000000e+00  3.00000000e+00  3.00000000e+00  3.00000000e+00
    3.00000000e+00  3.00000000e+00  3.00000000e+00  3.00000000e+00
    3.00000000e+00  3.00000000e+00]
  [-1.04029360e+01 -2.76589733e+00 -5.12882280e+00 -1.04029232e+01
   -5.08767183e+00 -5.08767183e+00 -5.12882280e+00 -1.83759297e+00
   -3.72430035e+00 -1.04028071e+01]]

 [[ 2.27618216e+02  2.36186781e-10  3.25395675e+01  6.00174853e+02
    5.05095439e+02  3.24995803e+01  2.74245263e+01  5.48368944e+02
    1.16289995e-10  2.00144514e+02]
  [ 3.00000000e+00  3.00000000e+00  3.00000000e+00  3.00000000e+00
    3.00000000e+01  3.00000000e+00  3.00000000e+00  3.00000000e+00
    3.00000000e+00  3.00000000e+00]
  [-5.12882280e+00 -5.08767183e+00 -2.76589733e+00 -1.04028831e+01
   -2.76589733e+00 -1.04028290e+01 -1.04028878e+01 -1.04028668e+01
   -2.76589733e+00 -3.72430035e+00]]

 [[ 1.15886946e+02  2.00212668e-02  3.72107169e+02  4.89619743e+02
    4.09568333e+02  6.68386931e+02  6.15129793e+02  1.74279688e+02
    4.39310388e+02  4.96704514e+01]
  [ 3.00000000e+00  3.00000000e+00  3.00000000e+00  3.00000000e+00
    3.00000000e+00  3.00000000e+01  3.00000000e+00  3.00000000e+00
    3.00000000e+00  3.00000000e+00]
  [-1.04029148e+01 -1.83759297e+00 -2.76589733e+00 -5.08767183e+00
   -5.12882280e+00 -3.72430035e+00 -1.83759297e+00 -2.75193356e+00
   -5.12882280e+00 -1.04029299e+01]]

 [[ 2.72018736e-08  2.16244475e-08  4.39493331e-08  3.78330428e-08
    3.61229601e-08  8.68287219e-09  3.75203267e-09  3.61673213e-08
    4.05906260e-09  1.09790755e-08]
  [ 3.00000000e+00  3.00000008e+00  3.00000005e+00  3.00000001e+00
    3.00000003e+00  3.00000001e+00  3.00000001e+01  3.00000005e+00
    3.00000005e+01  3.00000000e+00]
  [-2.76589733e+00 -2.75193356e+00 -3.72430034e+00 -2.76589733e+00
   -3.72430034e+00 -1.04028788e+01 -3.72430034e+00 -1.04028181e+01
   -1.04028275e+01 -1.04028915e+01]]

 [[ 7.38642629e-09  2.88843021e-08  4.04246577e-08  6.14225424e-09
    6.21185953e-09  1.07943452e-08  8.58771580e-09  2.05067987e-08
    1.35631360e-08  2.12724735e-08]
  [ 3.00000011e+00  3.00000001e+00  3.00000003e+00  3.00000001e+00
    3.00000005e+00  3.00000002e+00  3.00000015e+00  3.00000002e+00
    3.00000001e+00  3.00000008e+01]
  [-2.76589732e+00 -2.75193356e+00 -3.72430028e+00 -5.12882276e+00
   -1.04028460e+01 -2.75193356e+00 -2.76589731e+00 -3.72430034e+00
   -1.04029080e+01 -1.83759297e+00]]

 [[ 1.09253448e-08  1.45846077e-08  5.03828188e-09  2.56893224e-09
    1.05247663e-08  1.04604351e-08  5.02499389e-08  1.30526319e-08
    7.54693745e-09  4.33168540e-09]
  [ 3.00000002e+00  3.00000011e+00  3.00000008e+00  3.00000004e+01
    3.00000004e+00  3.00000013e+00  3.00000000e+00  3.00000001e+00
    3.00000003e+00  3.00000009e+00]
  [-2.76589733e+00 -2.75193356e+00 -5.08767182e+00 -3.72430035e+00
   -1.04028518e+01 -5.08767182e+00 -5.12882279e+00 -1.04028743e+01
   -2.75193356e+00 -3.72430034e+00]]

 [[ 4.18975387e-08  3.69928670e-07  2.76513836e-08  1.18781926e-07
    2.29609033e-07  1.12787468e-07  6.78237668e-08  2.02125779e-07
    2.41577358e-08  6.76965932e-08]
  [ 3.00000044e+00  3.00000022e+00  3.00000171e+00  3.00000017e+00
    3.00000000e+00  3.00000006e+00  3.00000000e+00  3.00000023e+00
    3.00000087e+00  3.00000024e+00]
  [-1.04028100e+01 -5.12882277e+00 -2.75193356e+00 -5.12882276e+00
   -3.72430032e+00 -3.72430026e+00 -5.08767178e+00 -1.83759297e+00
   -1.04029008e+01 -2.75193353e+00]]

 [[ 3.96101327e-08  1.37843020e-07  6.55665289e-08  1.81762038e-07
    4.41308203e-08  1.42622397e-07  2.75982545e-08  9.84912035e-08
    2.46960773e-07  3.44997762e-07]
  [ 3.00000004e+00  3.00000001e+00  3.00000083e+00  3.00000000e+00
    3.00000005e+00  3.00000008e+00  3.00000001e+00  3.00000052e+00
    3.00000003e+00  3.00000001e+00]
  [-5.08767177e+00 -2.75193351e+00 -1.83759297e+00 -1.04028142e+01
   -5.08767176e+00 -1.04028125e+01 -5.08767181e+00 -1.83759297e+00
   -1.04028947e+01 -1.04029279e+01]]

 [[ 9.86613648e-08  9.48724939e-08  8.20910174e-08  4.05760296e-08
    1.06401845e-08  1.09563537e-07  1.68026577e-07  6.40016682e-08
    4.74537076e-08  1.17272543e-07]
  [ 3.00000020e+00  3.00000004e+00  3.00000040e+00  3.00000027e+00
    3.00000030e+00  3.00000001e+00  3.00000080e+00  3.00000020e+00
    3.00000005e+00  3.00000001e+00]
  [-5.12882277e+00 -1.04028211e+01 -2.75193351e+00 -3.72430033e+00
   -2.76589720e+00 -5.08767177e+00 -1.04028409e+01 -2.75193355e+00
   -2.75193356e+00 -1.04028028e+01]]

 [[ 3.98788831e-07  5.26856573e-07  3.68014562e-08  1.92606743e-07
    1.32140023e-07  1.70277178e-07  1.49241370e-07  2.90016600e-07
    1.98883125e-07  1.74730502e-07]
  [ 3.00000042e+00  3.00000159e+00  3.00000012e+00  3.00000098e+00
    3.00000013e+00  3.00000015e+00  3.00000012e+00  3.00000064e+00
    3.00000069e+00  3.00000009e+00]
  [-2.76589730e+00 -2.76589721e+00 -3.72430007e+00 -3.72430033e+00
   -2.76589730e+00 -5.12882260e+00 -1.04028635e+01 -1.04028858e+01
   -5.12882261e+00 -2.76589724e+00]]

 [[ 3.50460998e-07  1.66438382e-07  2.76305893e-07  5.75824368e-08
    4.92865318e-07  4.12352132e-08  2.21456446e-07  2.19310247e-07
    1.52463542e-07  8.17507933e-08]
  [ 3.00000107e+00  3.00000002e+00  3.00000003e+00  3.00000017e+00
    3.00000001e+00  3.00000040e+00  3.00000109e+00  3.00000106e+00
    3.00000105e+00  3.00000030e+00]
  [-1.04028190e+01 -1.83759294e+00 -1.04028504e+01 -2.75193355e+00
   -5.08767176e+00 -3.72430033e+00 -1.04028583e+01 -3.72430032e+00
   -2.76589727e+00 -2.76589731e+00]]

 [[ 1.66645086e-07  2.17213473e-07  1.21523858e-07  7.53294272e-08
    2.22123033e-07  8.91495000e-08  2.93300749e-07  2.28434106e-07
    6.80025979e-08  1.22374629e-07]
  [ 3.00000061e+00  3.00000052e+00  3.00000186e+00  3.00000002e+00
    3.00000101e+00  3.00000009e+00  3.00000093e+00  3.00000041e+00
    3.00000086e+00  3.00000259e+00]
  [-5.12882238e+00 -5.08767164e+00 -3.72430030e+00 -2.75193336e+00
   -2.76589731e+00 -2.75193353e+00 -2.75193350e+00 -1.04028938e+01
   -5.08767131e+00 -2.76589726e+00]]

 [[ 2.40981613e-07  5.95492279e-07  8.80219978e-07  1.14282845e-06
    2.57091045e-07  7.06077231e-07  5.56044002e-07  1.13668290e-06
    9.99460820e-07  1.50162191e-06]
  [ 3.00000021e+00  3.00000222e+00  3.00000550e+00  3.00000012e+00
    3.00000289e+00  3.00000034e+00  3.00000224e+00  3.00000317e+00
    3.00000232e+00  3.00000018e+00]
  [-2.76589732e+00 -1.04028027e+01 -1.04029025e+01 -1.83759285e+00
   -2.76589723e+00 -3.72429989e+00 -2.76589652e+00 -1.04028372e+01
   -2.76589674e+00 -1.04028720e+01]]

 [[ 4.17642421e-07  4.26984201e-07  1.08321286e-06  3.58774696e-07
    1.42699758e-06  1.13471321e-06  6.96669055e-07  6.19882628e-07
    3.41342036e-06  1.56032898e-06]
  [ 3.00000675e+00  3.00000284e+00  3.00000633e+00  3.00000007e+00
    3.00000681e+00  3.00000019e+00  3.00000359e+00  3.00000135e+00
    3.00000951e+00  3.00000659e+00]
  [-2.75193284e+00 -1.04028078e+01 -1.83759297e+00 -5.08767049e+00
   -2.76589714e+00 -5.12882212e+00 -1.04028314e+01 -1.83759287e+00
   -1.83759285e+00 -5.12882259e+00]]

 [[ 4.84522135e-07  1.45794564e-06  5.54267662e-07  5.52490709e-07
    7.57021966e-07  1.36444099e-06  1.89565580e-07  1.14364112e-06
    1.65897673e-06  1.23042996e-06]
  [ 3.00000044e+00  3.00000069e+00  3.00000571e+00  3.00000276e+00
    3.00000452e+00  3.00000312e+00  3.00000231e+00  3.00000334e+00
    3.00000379e+00  3.00000104e+00]
  [-2.75193317e+00 -2.76589713e+00 -3.72429922e+00 -2.75193350e+00
   -2.76589639e+00 -1.04028610e+01 -3.72430029e+00 -1.04028808e+01
   -1.04028033e+01 -5.08766866e+00]]

 [[ 5.42350702e-06  8.51199251e-06  6.21336397e-06  3.62566390e-06
    3.50093763e-06  3.04314586e-06  2.50315612e-06  4.67765454e-06
    3.73873510e-06  1.45288380e-05]
  [ 3.00000933e+00  3.00007728e+00  3.00006134e+00  3.00005036e+00
    3.00005616e+00  3.00000809e+00  3.00000260e+00  3.00001215e+00
    3.00000436e+00  3.00000482e+00]
  [-1.04028447e+01 -1.04028039e+01 -5.12881107e+00 -3.72429606e+00
   -2.75193241e+00 -3.72429672e+00 -1.04028016e+01 -3.72429701e+00
   -1.04029073e+01 -2.76589032e+00]]

 [[ 7.28098049e-06  1.93168111e-05  1.78878975e-06  3.02352790e-06
    4.93876455e-06  4.48369606e-06  1.77190322e-06  8.13871757e-06
    4.21461467e-06  1.34991814e-05]
  [ 3.00006977e+00  3.00001174e+00  3.00002389e+00  3.00002699e+00
    3.00000704e+00  3.00002062e+00  3.00002080e+00  3.00000647e+00
    3.00006442e+00  3.00000364e+00]
  [-1.04028876e+01 -1.04028744e+01 -2.76589558e+00 -3.72428984e+00
   -3.72429764e+00 -2.76589701e+00 -2.76589394e+00 -1.04028647e+01
   -5.08766089e+00 -1.04028860e+01]]

 [[ 4.88762046e-06  5.75560672e-06  3.88152365e-06  4.29896141e-06
    1.06885820e-05  8.87673283e-07  1.19188411e-06  9.21271476e-06
    1.69738213e-05  3.69411256e-06]
  [ 3.00000027e+00  3.00000846e+00  3.00003265e+00  3.00000337e+00
    3.00003004e+00  3.00005254e+00  3.00001350e+00  3.00000261e+00
    3.00000101e+00  3.00000284e+00]
  [-3.72428195e+00 -5.12878540e+00 -3.72430014e+00 -2.76589427e+00
   -2.76589372e+00 -2.75193183e+00 -1.04028706e+01 -2.75193327e+00
   -2.75193199e+00 -3.72429739e+00]]

 [[ 2.62498182e+00  5.54309454e+01  9.65582032e+01  1.93329010e+01
    4.55747392e-11  6.04107228e-10  1.76743431e-10  3.41116445e+01
    1.25304856e-10  3.22257701e-11]
  [ 3.00000000e+00  3.00000000e+00  3.00000000e+01  3.00000000e+00
    3.00000000e+00  3.00000000e+00  3.00000000e+00  3.00000000e+00
    3.00000000e+00  3.00000000e+00]
  [-1.04028490e+01 -1.04028333e+01 -2.75193356e+00 -3.72430035e+00
   -2.76589733e+00 -3.72430035e+00 -3.72430035e+00 -1.04028856e+01
   -3.72430035e+00 -3.72430035e+00]]

 [[ 1.79150725e-10  1.98880119e-08  1.25199515e-09  5.20862680e-10
    1.99552806e-10  3.87646393e+00  2.18671384e-10  5.84237625e-01
    2.61356326e-10  4.44438739e-10]
  [ 3.00000000e+00  3.00000000e+01  3.00000000e+00  3.00000000e+01
    3.00000000e+00  3.00000000e+00  3.00000000e+00  3.00000000e+00
    3.00000000e+00  3.00000000e+00]
  [-5.08767183e+00 -2.76589733e+00 -3.72430035e+00 -2.75193356e+00
   -3.72430035e+00 -1.04029370e+01 -2.75193356e+00 -2.75193356e+00
   -1.04028977e+01 -1.04028118e+01]]

 [[ 3.08768577e-10  9.38233414e+00  1.05013442e+00  3.33654885e+02
    1.20988399e-10  9.79746810e-11  5.38481397e+00  3.95402300e+01
    4.26834097e-01  6.30619074e-11]
  [ 3.00000000e+00  3.00000000e+00  3.00000000e+00  3.00000000e+00
    3.00000000e+00  3.00000000e+00  3.00000000e+01  3.00000000e+00
    3.00000000e+00  3.00000000e+00]
  [-3.72430035e+00 -3.72430035e+00 -2.75193356e+00 -5.12882280e+00
   -2.75193356e+00 -1.83759297e+00 -2.75193356e+00 -2.76589733e+00
   -1.04028865e+01 -2.75193356e+00]]

 [[ 7.46385428e-09  2.04924796e-08  1.32802900e-08  6.59158598e-09
    3.30958066e-09  6.06731135e-09  1.40874312e-08  7.43662553e-09
    1.14629582e-08  8.22007680e-09]
  [ 3.00000030e+00  3.00000000e+00  3.00000000e+00  3.00000010e+00
    3.00000000e+00  3.00000001e+00  3.00000001e+00  3.00000003e+00
    3.00000000e+00  3.00000003e+00]
  [-3.72430032e+00 -5.08767182e+00 -3.72430034e+00 -1.04028009e+01
   -1.04028257e+01 -1.04028500e+01 -2.75193356e+00 -2.75193356e+00
   -1.04028525e+01 -5.08767180e+00]]

 [[ 1.44598906e-08  2.40721663e-08  1.47040294e-08  7.89905379e-09
    2.60150066e-08  2.96451505e-08  5.19556747e-08  2.01457202e-08
    3.28526741e-08  6.55723070e-09]
  [ 3.00000001e+00  3.00000002e+00  3.00000007e+00  3.00000016e+00
    3.00000012e+00  3.00000000e+00  3.00000003e+00  3.00000002e+00
    3.00000000e+00  3.00000004e+00]
  [-1.04028309e+01 -5.08767177e+00 -5.12882279e+00 -1.04028143e+01
   -1.83759297e+00 -1.04028207e+01 -3.72430033e+00 -2.76589732e+00
   -1.04028296e+01 -1.83759297e+00]]

 [[ 1.65681343e-08  2.54680991e-08  2.23241122e-08  1.91227485e-08
    9.43308285e-09  1.32148640e-08  9.15638716e-09  2.14325025e-08
    1.13342659e-08  5.12027191e-08]
  [ 3.00000007e+00  3.00000000e+00  3.00000003e+00  3.00000004e+00
    3.00000003e+00  3.00000014e+00  3.00000004e+00  3.00000002e+00
    3.00000000e+00  3.00000003e+00]
  [-2.75193355e+00 -3.72430034e+00 -2.76589732e+00 -5.08767176e+00
   -1.83759297e+00 -5.12882279e+00 -5.12882279e+00 -2.76589733e+00
   -2.75193356e+00 -5.12882279e+00]]

 [[ 9.13928890e-08  3.26990361e-08  1.00723397e-07  4.98451619e-08
    4.68671988e-08  1.66020212e-07  8.83521685e-08  1.97264621e-08
    1.12272414e-08  1.58091016e-07]
  [ 3.00000005e+00  3.00000025e+00  3.00000014e+00  3.00000000e+00
    3.00000046e+00  3.00000004e+00  3.00000047e+00  3.00000001e+00
    3.00000006e+00  3.00000015e+00]
  [-2.75193353e+00 -3.72430034e+00 -1.04028162e+01 -3.72430003e+00
   -1.04028707e+01 -3.72430025e+00 -2.76589725e+00 -1.04028050e+01
   -2.76589731e+00 -1.04028603e+01]]

 [[ 6.33668971e-08  2.65603558e-08  3.50286811e-08  6.95383976e-08
    4.31281301e-08  4.03460445e-08  4.88557068e-08  8.25826149e-08
    2.75264024e-07  1.64082584e-08]
  [ 3.00000007e+00  3.00000037e+00  3.00000007e+00  3.00000044e+00
    3.00000044e+00  3.00000000e+00  3.00000031e+00  3.00000025e+00
    3.00000021e+00  3.00000001e+00]
  [-1.04028383e+01 -5.08767174e+00 -3.72430033e+00 -3.72430033e+00
   -3.72430029e+00 -1.04028370e+01 -1.04028032e+01 -5.08767169e+00
   -1.04029292e+01 -2.76589732e+00]]

 [[ 1.71956933e-07  4.48865100e-08  4.30995023e-08  1.30885672e-08
    6.20363380e-08  2.79957400e-08  4.76723931e-08  4.47375333e-08
    1.03960002e-07  3.17268850e-08]
  [ 3.00000051e+00  3.00000057e+00  3.00000041e+00  3.00000007e+00
    3.00000072e+00  3.00000009e+00  3.00000001e+00  3.00000015e+00
    3.00000003e+00  3.00000004e+00]
  [-3.72430034e+00 -3.72430029e+00 -2.76589732e+00 -1.04028122e+01
   -1.04028683e+01 -1.04028367e+01 -1.04028103e+01 -2.75193356e+00
   -1.04028162e+01 -5.08767159e+00]]

 [[ 4.53512143e-08  2.04058898e-07  2.09686271e-07  4.85757249e-07
    3.38390511e-07  1.98146181e-07  8.64334580e-08  2.43740830e-07
    1.78234240e-07  1.04227270e-07]
  [ 3.00000048e+00  3.00000004e+00  3.00000010e+00  3.00000017e+00
    3.00000019e+00  3.00000003e+00  3.00000102e+00  3.00000153e+00
    3.00000018e+00  3.00000028e+00]
  [-1.04028146e+01 -5.12882261e+00 -2.75193354e+00 -3.72430030e+00
   -3.72430016e+00 -2.75193356e+00 -5.12882225e+00 -1.04028131e+01
   -3.72429980e+00 -3.72430010e+00]]

 [[ 1.93177739e-07  1.35768187e-07  3.28557798e-08  1.40869473e-07
    1.66593662e-07  1.02275470e-07  7.46882309e-08  7.94001070e-08
    4.07589505e-07  1.02705966e-07]
  [ 3.00000137e+00  3.00000027e+00  3.00000018e+00  3.00000026e+00
    3.00000383e+00  3.00000256e+00  3.00000032e+00  3.00000046e+00
    3.00000033e+00  3.00000016e+00]
  [-5.12882243e+00 -5.12882238e+00 -1.04028444e+01 -1.04028302e+01
   -1.04028824e+01 -3.72430022e+00 -5.12882259e+00 -1.04028530e+01
   -3.72430022e+00 -2.75193351e+00]]

 [[ 1.43050604e-07  2.54839713e-07  3.17893358e-07  2.18537955e-07
    2.51137751e-07  3.30614666e-07  9.59037319e-08  7.09689488e-08
    2.42744154e-07  1.73637268e-07]
  [ 3.00000019e+00  3.00000019e+00  3.00000041e+00  3.00000028e+00
    3.00000009e+00  3.00000039e+00  3.00000002e+00  3.00000010e+00
    3.00000111e+00  3.00000035e+00]
  [-3.72430033e+00 -3.72430028e+00 -2.76589721e+00 -1.04028635e+01
   -2.76589730e+00 -2.75193347e+00 -1.04029074e+01 -3.72429984e+00
   -1.04028170e+01 -1.04028134e+01]]

 [[ 6.50197206e-07  4.05543393e-07  4.84793197e-07  7.17157218e-07
    1.77588475e-07  5.49930265e-07  2.52811034e-06  4.37147501e-07
    1.16670595e-06  5.86329847e-07]
  [ 3.00000842e+00  3.00000048e+00  3.00001046e+00  3.00000147e+00
    3.00000116e+00  3.00000069e+00  3.00000409e+00  3.00000157e+00
    3.00001447e+00  3.00000001e+00]
  [-3.72429948e+00 -2.75193266e+00 -2.75193343e+00 -1.04028583e+01
   -1.04028211e+01 -5.12882048e+00 -1.04029095e+01 -5.12881705e+00
   -1.04028325e+01 -2.76589674e+00]]

 [[ 2.68744920e-06  6.90914263e-07  9.11346517e-07  6.98614269e-07
    1.72705746e-06  2.70456452e-07  9.50439388e-07  6.93292689e-07
    3.70882369e-07  7.41752708e-07]
  [ 3.00000027e+00  3.00000128e+00  3.00000074e+00  3.00000022e+00
    3.00000206e+00  3.00001507e+00  3.00000033e+00  3.00000155e+00
    3.00000039e+00  3.00000346e+00]
  [-5.08767160e+00 -3.72429975e+00 -2.76589705e+00 -1.04028884e+01
   -3.72429875e+00 -1.04028352e+01 -2.76589721e+00 -2.75193331e+00
   -1.04028500e+01 -2.76589719e+00]]

 [[ 1.03333982e-06  2.80557545e-07  4.94993573e-07  6.10929237e-07
    7.35965641e-07  5.64567577e-07  1.32483438e-06  1.15142499e-06
    2.68044176e-07  8.07007584e-07]
  [ 3.00000213e+00  3.00000024e+00  3.00000172e+00  3.00000274e+00
    3.00000141e+00  3.00000098e+00  3.00001686e+00  3.00000081e+00
    3.00000379e+00  3.00000084e+00]
  [-3.72429989e+00 -1.04028829e+01 -1.83759286e+00 -1.04029103e+01
   -3.72430003e+00 -2.76589717e+00 -5.08767123e+00 -5.08766713e+00
   -5.12882209e+00 -2.75193337e+00]]

 [[ 6.57379597e-06  8.24584592e-06  2.85681146e-06  8.62553881e-06
    4.99667610e-06  8.75030941e-06  5.81926146e-06  1.89937678e-05
    9.67003209e-06  4.82095262e-06]
  [ 3.00001110e+00  3.00000311e+00  3.00000184e+00  3.00000292e+00
    3.00000114e+00  3.00001860e+00  3.00000676e+00  3.00006452e+00
    3.00000344e+00  3.00002822e+00]
  [-3.72430003e+00 -2.75193022e+00 -2.76589559e+00 -5.08766988e+00
   -1.04028714e+01 -5.08767045e+00 -3.72429671e+00 -1.04028488e+01
   -5.12882056e+00 -2.76589462e+00]]

 [[ 8.95553226e-06  4.68179201e-06  2.74630042e-06  3.27013322e-06
    4.58747055e-06  3.32827143e-06  4.33267088e-06  1.50712298e-06
    1.36546374e-05  1.49376414e-06]
  [ 3.00002066e+00  3.00004026e+00  3.00001174e+00  3.00000261e+00
    3.00001458e+00  3.00008991e+00  3.00007382e+00  3.00000635e+00
    3.00000099e+00  3.00006160e+00]
  [-2.76589673e+00 -3.72430002e+00 -2.76589486e+00 -5.08765887e+00
   -2.75193148e+00 -1.04029003e+01 -1.04028046e+01 -5.08766223e+00
   -1.04028024e+01 -1.04028857e+01]]

 [[ 1.73845580e-05  4.06700377e-06  8.10435125e-06  1.22916143e-05
    2.47353539e-06  1.28606187e-06  6.56247180e-06  5.56888467e-06
    1.22436565e-05  2.86422471e-06]
  [ 3.00006001e+00  3.00000363e+00  3.00000800e+00  3.00000033e+00
    3.00003044e+00  3.00000007e+00  3.00001668e+00  3.00000567e+00
    3.00002897e+00  3.00003196e+00]
  [-3.72429911e+00 -3.72429570e+00 -5.12882066e+00 -5.08763788e+00
   -5.08766120e+00 -2.76589694e+00 -3.72429873e+00 -2.75193105e+00
   -5.12881081e+00 -5.12882235e+00]]

 [[ 1.28923455e-10  2.08946422e+01  3.48473314e-10  5.97518746e+00
    7.10748079e-11  6.05143514e+01  1.44636519e-10  7.08210304e-11
    4.73401758e-11  2.09350155e+00]
  [ 3.00000000e+00  3.00000000e+00  3.00000000e+00  3.00000000e+00
    3.00000000e+00  3.00000000e+00  3.00000000e+00  3.00000000e+00
    3.00000000e+00  3.00000000e+00]
  [-1.04028823e+01 -1.04028972e+01 -2.75193356e+00 -1.04028743e+01
   -3.72430035e+00 -5.08767183e+00 -5.12882280e+00 -2.75193356e+00
   -1.04029174e+01 -2.75193356e+00]]

 [[ 1.26586199e-11  3.93939863e-11  9.26668212e-11  6.93929546e-11
    1.83876100e+01  4.85017708e+01  1.20717923e-10  1.67567749e-11
    5.49577712e-11  4.43134442e-01]
  [ 3.00000000e+00  3.00000000e+00  3.00000000e+01  3.00000000e+00
    3.00000000e+00  3.00000000e+00  3.00000000e+00  3.00000000e+00
    3.00000000e+00  3.00000000e+01]
  [-1.83759297e+00 -2.76589733e+00 -3.72430035e+00 -1.83759297e+00
   -1.04029276e+01 -3.72430035e+00 -1.04029151e+01 -1.83759297e+00
   -2.76589733e+00 -3.72430035e+00]]

 [[ 3.88462721e-11  5.79902057e-11  1.84385520e-11  5.31445929e-11
    4.67945404e-11  1.66946484e-11  7.70945829e-11  1.10301636e+01
    2.68755205e-09  4.98675611e-11]
  [ 3.00000000e+00  3.00000000e+00  3.00000000e+00  3.00000000e+00
    3.00000000e+00  3.00000000e+00  3.00000000e+00  3.00000000e+00
    3.00000000e+00  3.00000000e+00]
  [-1.04029022e+01 -1.04028727e+01 -3.72430035e+00 -3.72430035e+00
   -3.72430035e+00 -2.76589733e+00 -2.76589733e+00 -2.75193356e+00
   -1.04028979e+01 -5.12882280e+00]]

 [[ 4.02040897e-09  5.52464166e-09  6.19054617e-09  2.78326683e-09
    4.18439019e-09  7.66343526e-09  4.63336932e-09  2.46732601e-09
    8.31883698e-09  1.72380181e-08]
  [ 3.00000000e+00  3.00000003e+01  3.00000000e+00  3.00000000e+00
    3.00000001e+01  3.00000004e+00  3.00000000e+00  3.00000000e+00
    3.00000000e+00  3.00000000e+00]
  [-1.04028241e+01 -3.72430034e+00 -5.08767182e+00 -1.04028138e+01
   -1.04028978e+01 -2.76589732e+00 -3.72430035e+00 -1.04028096e+01
   -1.04028917e+01 -5.08767179e+00]]

 [[ 6.02993917e-09  4.22247499e-09  2.23329788e-09  2.11714915e-08
    9.02280699e-09  7.73819558e-09  1.96051400e-09  4.22650023e-09
    5.48381236e-09  1.83958393e-09]
  [ 3.00000000e+00  3.00000003e+00  3.00000002e+00  3.00000001e+00
    3.00000001e+00  3.00000001e+00  3.00000000e+00  3.00000000e+00
    3.00000000e+00  3.00000000e+00]
  [-2.76589732e+00 -1.04028257e+01 -5.12882279e+00 -3.72430035e+00
   -2.75193356e+00 -1.83759297e+00 -3.72430034e+00 -1.83759297e+00
   -5.08767182e+00 -1.04028359e+01]]

 [[ 3.71221521e-09  1.39917652e-08  4.62731134e-09  4.71844455e-09
    6.97487994e-09  6.22691418e-09  2.92695350e-09  3.70207719e-09
    3.07484888e-09  2.09535268e-09]
  [ 3.00000000e+00  3.00000001e+00  3.00000003e+00  3.00000000e+00
    3.00000000e+00  3.00000002e+00  3.00000000e+00  3.00000009e+01
    3.00000003e+00  3.00000001e+00]
  [-3.72430035e+00 -1.04029257e+01 -1.04028245e+01 -3.72430034e+00
   -2.76589733e+00 -1.04028003e+01 -5.08767181e+00 -2.75193356e+00
   -1.83759297e+00 -3.72430034e+00]]

 [[ 2.27553633e-08  1.97836168e-08  5.10950221e-08  7.26944730e-09
    2.85798740e-08  5.18744302e-08  2.81080454e-08  1.47765473e-08
    1.95259773e-08  1.46866429e-08]
  [ 3.00000008e+00  3.00000000e+00  3.00000007e+00  3.00000017e+00
    3.00000008e+00  3.00000002e+00  3.00000002e+00  3.00000009e+00
    3.00000001e+00  3.00000015e+00]
  [-2.75193352e+00 -1.04028439e+01 -3.72430033e+00 -1.04029196e+01
   -3.72430034e+00 -2.76589731e+00 -3.72430033e+00 -3.72430029e+00
   -1.04028839e+01 -1.83759297e+00]]

 [[ 2.91977695e-08  7.80035206e-09  4.39932573e-08  1.71251765e-08
    4.85398674e-09  6.17859197e-09  6.11289109e-08  3.67950209e-08
    4.88100106e-08  2.95901040e-08]
  [ 3.00000001e+00  3.00000012e+00  3.00000000e+00  3.00000001e+00
    3.00000008e+00  3.00000000e+00  3.00000014e+00  3.00000000e+00
    3.00000006e+00  3.00000001e+00]
  [-1.04028452e+01 -1.04028602e+01 -2.76589731e+00 -5.08767175e+00
   -2.75193356e+00 -2.76589733e+00 -3.72430034e+00 -2.76589733e+00
   -1.04028659e+01 -1.83759297e+00]]

 [[ 2.22596258e-08  4.38315240e-09  1.46217108e-08  2.78138222e-08
    3.27137047e-08  2.23220499e-08  7.18272553e-09  9.00367892e-09
    2.49361312e-08  3.61330517e-08]
  [ 3.00000001e+00  3.00000007e+00  3.00000001e+00  3.00000006e+00
    3.00000008e+00  3.00000001e+00  3.00000008e+00  3.00000010e+00
    3.00000011e+00  3.00000001e+00]
  [-3.72430033e+00 -5.08767162e+00 -2.75193356e+00 -1.04028158e+01
   -1.83759297e+00 -2.76589728e+00 -1.04028117e+01 -2.75193353e+00
   -2.76589732e+00 -5.08767181e+00]]

 [[ 1.68874489e-08  1.05412767e-07  1.40037376e-07  6.23531555e-08
    6.54073806e-08  6.58412716e-08  1.03915671e-07  4.18245904e-08
    4.08216502e-08  3.20495327e-07]
  [ 3.00000034e+00  3.00000003e+00  3.00000016e+00  3.00000031e+00
    3.00000001e+00  3.00000008e+00  3.00000002e+00  3.00000012e+00
    3.00000014e+00  3.00000011e+00]
  [-5.08767175e+00 -2.76589732e+00 -3.72430030e+00 -3.72430033e+00
   -1.04028475e+01 -3.72430028e+00 -2.76589730e+00 -1.04028747e+01
   -1.04028606e+01 -5.12882254e+00]]

 [[ 1.14207165e-07  1.07584504e-07  5.21520841e-08  4.34394447e-08
    9.08316260e-08  7.03717699e-08  3.86287612e-08  3.04947666e-08
    4.27354378e-08  2.98366693e-08]
  [ 3.00000153e+00  3.00000004e+00  3.00000017e+00  3.00000016e+00
    3.00000011e+00  3.00000000e+00  3.00000003e+00  3.00000023e+00
    3.00000004e+00  3.00000006e+00]
  [-3.72430023e+00 -1.04028083e+01 -2.75193353e+00 -2.75193355e+00
   -3.72430033e+00 -1.04028833e+01 -1.04028801e+01 -1.04028745e+01
   -1.04028650e+01 -3.72430027e+00]]

 [[ 1.13006510e-08  2.21853167e-08  2.64375614e-08  4.27903411e-08
    1.14377436e-07  1.31734128e-07  1.78752901e-07  4.05498797e-08
    1.97429802e-08  6.44072897e-08]
  [ 3.00000005e+00  3.00000043e+00  3.00000024e+00  3.00000022e+00
    3.00000001e+00  3.00000013e+00  3.00000004e+00  3.00000060e+00
    3.00000006e+00  3.00000002e+00]
  [-3.72430032e+00 -2.75193354e+00 -5.12882279e+00 -1.04028737e+01
   -5.08767103e+00 -3.72430033e+00 -1.04028147e+01 -1.04028079e+01
   -1.04028014e+01 -1.04029098e+01]]

 [[ 3.66080322e-07  1.83011897e-07  4.95917240e-07  5.92563730e-07
    9.87606266e-08  2.94234032e-07  1.48919215e-07  5.86966508e-07
    1.23597623e-07  1.13974169e-06]
  [ 3.00000090e+00  3.00000008e+00  3.00000029e+00  3.00000344e+00
    3.00000089e+00  3.00000115e+00  3.00000071e+00  3.00000018e+00
    3.00000002e+00  3.00000012e+00]
  [-1.04028981e+01 -2.76589718e+00 -2.75193351e+00 -2.76589724e+00
   -5.12882245e+00 -5.12882275e+00 -5.08767100e+00 -5.08767142e+00
   -5.12882274e+00 -2.75193345e+00]]

 [[ 4.33921413e-07  2.40881432e-07  3.13334746e-07  1.76334699e-07
    2.93309826e-07  2.43088546e-07  3.13769735e-07  3.38691719e-07
    1.16177185e-07  1.90458022e-07]
  [ 3.00000054e+00  3.00000004e+00  3.00000011e+00  3.00000082e+00
    3.00000052e+00  3.00000004e+00  3.00000002e+00  3.00000065e+00
    3.00000021e+00  3.00000015e+00]
  [-2.76589729e+00 -2.75193280e+00 -1.04028190e+01 -2.75193344e+00
   -2.75193335e+00 -3.72430023e+00 -1.04029240e+01 -3.72430013e+00
   -1.04028698e+01 -1.04028470e+01]]

 [[ 3.32019087e-07  5.47976685e-07  2.02070988e-07  1.39015310e-07
    8.21922623e-07  3.16595559e-07  3.84487083e-07  5.80302094e-07
    2.24185371e-07  3.30325322e-07]
  [ 3.00000137e+00  3.00000583e+00  3.00000004e+00  3.00000028e+00
    3.00001178e+00  3.00000159e+00  3.00000021e+00  3.00000805e+00
    3.00000015e+00  3.00000010e+00]
  [-1.04028512e+01 -5.08767165e+00 -1.04028108e+01 -2.76589694e+00
   -5.08767105e+00 -2.76589730e+00 -1.04028005e+01 -5.08767178e+00
   -3.72430013e+00 -1.04028518e+01]]

 [[ 2.55249035e-06  2.67503669e-06  1.72392662e-06  3.03323293e-06
    2.34866001e-06  2.42180938e-06  2.22965161e-06  2.31132898e-06
    1.96813822e-06  1.93101473e-06]
  [ 3.00000018e+00  3.00000528e+00  3.00000670e+00  3.00000537e+00
    3.00004747e+00  3.00002167e+00  3.00000506e+00  3.00000271e+00
    3.00002906e+00  3.00000056e+00]
  [-1.04028122e+01 -1.83759283e+00 -3.72429998e+00 -2.75193190e+00
   -2.76589716e+00 -2.75193344e+00 -5.08766955e+00 -5.12882117e+00
   -2.75193329e+00 -1.04028467e+01]]

 [[ 2.65319740e-06  2.29599678e-06  2.08625557e-06  6.83330611e-06
    7.46337316e-07  1.75646328e-06  2.68025037e-06  1.30904109e-06
    3.69826509e-06  3.45556503e-07]
  [ 3.00000051e+00  3.00006964e+00  3.00000056e+00  3.00000398e+00
    3.00000720e+00  3.00000975e+00  3.00006732e+00  3.00001744e+00
    3.00000946e+00  3.00000497e+00]
  [-2.75193224e+00 -2.76589457e+00 -1.83759247e+00 -5.08766927e+00
   -1.04028606e+01 -1.04028637e+01 -2.75193347e+00 -5.12882006e+00
   -5.12882040e+00 -1.04028157e+01]]

 [[ 2.64812099e-06  1.27277852e-06  2.32965124e-06  2.36858699e-06
    5.26144440e-06  1.28652916e-06  4.84448419e-06  2.82849057e-06
    2.08660721e-06  2.32296290e-06]
  [ 3.00000385e+00  3.00002964e+00  3.00000173e+00  3.00001820e+00
    3.00000134e+00  3.00003552e+00  3.00002761e+00  3.00000785e+00
    3.00000263e+00  3.00000995e+00]
  [-1.04028217e+01 -5.12882142e+00 -2.76589694e+00 -1.83759267e+00
   -1.04028054e+01 -3.72429911e+00 -2.76589727e+00 -3.72429955e+00
   -1.04029301e+01 -5.08764940e+00]]

 [[ 5.93574238e-11  1.54635164e-11  1.23652184e-10  1.42772900e-10
    2.51422455e-10  7.99719344e-11  3.04477381e-11  8.23811453e-11
    2.93093271e-10  4.18236615e-11]
  [ 3.00000000e+00  3.00000000e+00  3.00000000e+00  3.00000000e+00
    3.00000000e+00  3.00000000e+00  3.00000000e+00  3.00000000e+00
    3.00000000e+00  3.00000000e+00]
  [-1.04028576e+01 -2.75193356e+00 -1.04029140e+01 -2.76589733e+00
   -5.08767183e+00 -3.72430035e+00 -3.72430035e+00 -3.72430035e+00
   -5.08767183e+00 -1.04028224e+01]]

 [[ 1.55624582e-10  2.42988673e-11  4.05744731e-11  4.13370526e-11
    1.28428277e-10  7.27437778e-11  8.49102989e-11  3.31737329e-11
    3.55146622e-11  1.08713838e-10]
  [ 3.00000000e+00  3.00000000e+00  3.00000000e+00  3.00000000e+00
    3.00000000e+00  3.00000000e+00  3.00000000e+00  3.00000000e+00
    3.00000000e+00  3.00000000e+00]
  [-3.72430035e+00 -3.72430035e+00 -1.04028074e+01 -1.83759297e+00
   -1.04028972e+01 -5.12882280e+00 -5.08767183e+00 -1.04028041e+01
   -1.04028965e+01 -2.76589733e+00]]

 [[ 2.10167898e-11  3.50659550e-11  5.65119927e-12  3.63734100e-11
    1.59023399e-11  3.68141917e-11  1.09511660e-10  2.92996298e-11
    1.15893603e-10  2.28181974e-11]
  [ 3.00000000e+00  3.00000000e+00  3.00000000e+00  3.00000000e+00
    3.00000000e+00  3.00000000e+00  3.00000000e+00  3.00000000e+00
    3.00000000e+00  3.00000000e+00]
  [-5.08767183e+00 -1.04028602e+01 -1.04028923e+01 -1.04028970e+01
   -3.72430035e+00 -2.76589733e+00 -1.04028580e+01 -5.12882280e+00
   -5.12882280e+00 -2.76589733e+00]]

 [[ 6.97923284e-09  8.72075590e-09  7.74218173e-09  8.32113193e-09
    3.90225769e-09  2.64072994e-09  3.57051960e-09  1.13027236e-09
    5.21596341e-09  4.19990314e-10]
  [ 3.00000001e+00  3.00000000e+00  3.00000001e+00  3.00000003e+00
    3.00000002e+00  3.00000000e+00  3.00000002e+00  3.00000000e+00
    3.00000003e+00  3.00000000e+00]
  [-2.75193356e+00 -2.76589733e+00 -1.83759297e+00 -5.12882279e+00
   -2.75193356e+00 -5.12882279e+00 -1.83759297e+00 -3.72430034e+00
   -5.08767180e+00 -2.75193356e+00]]

 [[ 1.30940119e-09  2.18719130e-09  1.84787147e-08  1.08385757e-08
    1.85711254e-09  6.05855605e-09  5.83765958e-09  1.34678010e-08
    2.43747676e-09  2.19301636e-09]
  [ 3.00000012e+00  3.00000002e+00  3.00000001e+00  3.00000003e+00
    3.00000000e+00  3.00000001e+00  3.00000001e+00  3.00000002e+01
    3.00000000e+01  3.00000004e+00]
  [-2.75193356e+00 -2.75193356e+00 -2.75193356e+00 -1.04028506e+01
   -1.04028559e+01 -2.76589733e+00 -1.04028803e+01 -3.72430034e+00
   -3.72430035e+00 -1.04028693e+01]]

 [[ 9.10391574e-09  1.83933456e-09  2.63960803e-09  1.30777847e-08
    3.86998243e-09  2.25726564e-09  5.48068460e-09  3.57166972e-09
    5.89799106e-09  4.49546732e-09]
  [ 3.00000006e+00  3.00000001e+00  3.00000003e+00  3.00000001e+00
    3.00000010e+00  3.00000000e+00  3.00000000e+00  3.00000000e+00
    3.00000003e+00  3.00000003e+00]
  [-2.75193356e+00 -1.04028899e+01 -3.72430035e+00 -3.72430034e+00
   -2.76589732e+00 -3.72430034e+00 -2.75193356e+00 -2.75193356e+00
   -2.76589733e+00 -1.04028433e+01]]

 [[ 6.44037992e-08  2.78306699e-08  2.22882938e-08  3.67281240e-08
    1.65965152e-08  2.29495037e-08  2.30226042e-08  1.18460807e-08
    9.99947394e-09  6.18330478e-09]
  [ 3.00000004e+00  3.00000003e+00  3.00000018e+00  3.00000000e+00
    3.00000002e+00  3.00000003e+00  3.00000001e+00  3.00000011e+00
    3.00000004e+00  3.00000002e+00]
  [-2.76589732e+00 -3.72430034e+00 -1.83759297e+00 -2.75193356e+00
   -3.72430032e+00 -2.75193356e+00 -3.72430030e+00 -2.76589732e+00
   -5.08767178e+00 -3.72430034e+00]]

 [[ 2.78396279e-08  5.97405868e-09  3.41578802e-08  5.14711094e-08
    1.56164347e-08  2.38109733e-08  1.79462882e-08  8.15594690e-08
    1.22231484e-08  2.36308663e-08]
  [ 3.00000002e+00  3.00000015e+00  3.00000024e+00  3.00000006e+00
    3.00000000e+00  3.00000005e+00  3.00000005e+00  3.00000002e+00
    3.00000001e+00  3.00000000e+00]
  [-2.75193355e+00 -1.04028892e+01 -5.12882272e+00 -5.08767181e+00
   -5.12882278e+00 -2.76589733e+00 -5.08767182e+00 -1.04028293e+01
   -1.83759297e+00 -3.72430029e+00]]

 [[ 3.69655500e-08  1.81807980e-08  1.48980402e-08  3.59861372e-08
    2.01862559e-08  1.38682938e-08  1.41889680e-08  2.26112653e-08
    1.51851774e-08  4.17291846e-08]
  [ 3.00000002e+00  3.00000002e+00  3.00000003e+00  3.00000013e+00
    3.00000000e+00  3.00000003e+00  3.00000004e+00  3.00000017e+00
    3.00000000e+00  3.00000001e+00]
  [-2.75193356e+00 -1.04028067e+01 -3.72430033e+00 -1.83759297e+00
   -2.75193356e+00 -2.76589732e+00 -2.76589732e+00 -2.76589732e+00
   -3.72430034e+00 -1.83759297e+00]]

 [[ 1.16632930e-07  7.28868997e-08  3.08546125e-08  3.96236119e-08
    3.91335738e-08  1.36721859e-07  4.61596420e-08  6.52476703e-08
    1.73945691e-07  1.89898357e-08]
  [ 3.00000007e+00  3.00000024e+00  3.00000000e+00  3.00000014e+00
    3.00000003e+00  3.00000023e+00  3.00000010e+00  3.00000034e+00
    3.00000016e+00  3.00000021e+00]
  [-2.75193355e+00 -2.76589729e+00 -3.72430033e+00 -5.08767176e+00
   -2.75193356e+00 -1.04028026e+01 -5.12882279e+00 -3.72430034e+00
   -1.83759295e+00 -3.72430030e+00]]

 [[ 2.00486038e-08  2.14912623e-08  1.05916039e-07  7.12860860e-08
    2.65291393e-08  2.90817714e-08  4.68551030e-08  1.84032394e-08
    5.29097123e-08  1.05149946e-07]
  [ 3.00000027e+00  3.00000003e+00  3.00000006e+00  3.00000001e+00
    3.00000029e+00  3.00000008e+00  3.00000008e+00  3.00000000e+00
    3.00000000e+00  3.00000002e+00]
  [-5.08767182e+00 -5.12882279e+00 -2.75193349e+00 -3.72430034e+00
   -1.04028751e+01 -1.83759297e+00 -2.75193355e+00 -1.04028142e+01
   -5.12882274e+00 -5.12882272e+00]]

 [[ 1.44971091e-08  4.84967318e-08  3.79274836e-08  1.10727684e-07
    3.22314213e-08  7.08958353e-08  8.35470606e-09  1.24214671e-07
    4.40451534e-08  2.70370036e-08]
  [ 3.00000009e+00  3.00000009e+00  3.00000005e+00  3.00000005e+00
    3.00000000e+00  3.00000000e+00  3.00000096e+00  3.00000032e+00
    3.00000008e+00  3.00000052e+00]
  [-3.72430029e+00 -2.75193352e+00 -2.75193356e+00 -2.76589730e+00
   -1.83759296e+00 -2.76589726e+00 -3.72430032e+00 -2.76589725e+00
   -3.72430032e+00 -3.72430033e+00]]

 [[ 1.94797385e-07  2.47611434e-07  1.36029844e-07  5.09431434e-07
    1.78768345e-07  3.08321004e-07  3.54355180e-07  1.73645095e-07
    4.75182651e-07  9.10566079e-08]
  [ 3.00000066e+00  3.00000015e+00  3.00000004e+00  3.00000268e+00
    3.00000079e+00  3.00000003e+00  3.00000025e+00  3.00000127e+00
    3.00000345e+00  3.00000116e+00]
  [-1.04028605e+01 -1.04028260e+01 -3.72430003e+00 -1.04028769e+01
   -5.12882271e+00 -3.72430003e+00 -1.04028592e+01 -1.04028013e+01
   -5.12882205e+00 -3.72430016e+00]]

 [[ 1.28946006e-07  1.19179402e-06  3.00989999e-07  2.02414102e-07
    5.01912609e-07  2.71357172e-07  1.17594983e-07  3.50294058e-07
    4.20537618e-07  5.82086203e-07]
  [ 3.00000035e+00  3.00000205e+00  3.00000011e+00  3.00000039e+00
    3.00000042e+00  3.00000030e+00  3.00000024e+00  3.00000037e+00
    3.00000005e+00  3.00000005e+00]
  [-1.04029180e+01 -5.12882272e+00 -2.76589731e+00 -2.76589721e+00
   -5.12882159e+00 -5.12882218e+00 -5.12882274e+00 -1.04028465e+01
   -5.08767135e+00 -1.04028146e+01]]

 [[ 7.10763711e-07  1.38335905e-07  1.52506129e-07  2.80575305e-07
    2.63128713e-07  9.48780390e-08  5.90684983e-07  5.41182816e-07
    1.59660876e-07  6.26728777e-07]
  [ 3.00000340e+00  3.00000001e+00  3.00000032e+00  3.00000003e+00
    3.00000044e+00  3.00000022e+00  3.00000136e+00  3.00000063e+00
    3.00000040e+00  3.00000095e+00]
  [-3.72430015e+00 -5.12882269e+00 -3.72430000e+00 -2.75193354e+00
   -1.04028073e+01 -2.75193332e+00 -2.76589728e+00 -2.76589733e+00
   -2.76589731e+00 -2.76589727e+00]]

 [[ 1.55314759e-06  9.96529932e-07  2.65204468e-06  2.25745246e-06
    1.20158839e-06  1.41038828e-06  1.19507321e-06  6.81697571e-06
    6.91971648e-06  1.13431053e-06]
  [ 3.00000809e+00  3.00000767e+00  3.00000975e+00  3.00001901e+00
    3.00000184e+00  3.00002405e+00  3.00000065e+00  3.00001972e+00
    3.00000190e+00  3.00000925e+00]
  [-2.75193270e+00 -2.76589656e+00 -1.04028005e+01 -1.04028842e+01
   -2.75193324e+00 -5.12881917e+00 -1.04028341e+01 -3.72429924e+00
   -5.12882030e+00 -5.12881891e+00]]

 [[ 3.33018373e-06  2.97335317e-06  2.66326556e-06  1.74424517e-06
    3.39488375e-06  2.11200546e-06  9.70707673e-07  4.03084728e-07
    4.49413899e-06  7.85829040e-07]
  [ 3.00000277e+00  3.00000517e+00  3.00001370e+00  3.00000011e+00
    3.00000268e+00  3.00000069e+00  3.00002311e+00  3.00004866e+00
    3.00000188e+00  3.00000072e+00]
  [-1.04028167e+01 -5.12882241e+00 -2.75193292e+00 -2.75193329e+00
   -5.12881706e+00 -1.04028867e+01 -1.04028642e+01 -1.04028144e+01
   -2.76589656e+00 -5.08766853e+00]]

 [[ 1.70902440e-06  3.05058503e-06  2.28278073e-06  7.70532377e-07
    2.90278202e-06  2.04096383e-06  1.90426655e-06  6.53691676e-07
    2.08613365e-06  2.09499638e-06]
  [ 3.00000736e+00  3.00000038e+00  3.00000649e+00  3.00000002e+00
    3.00000514e+00  3.00000243e+00  3.00001491e+00  3.00000184e+00
    3.00000694e+00  3.00000145e+00]
  [-3.72429850e+00 -3.72429957e+00 -1.04028400e+01 -5.12882104e+00
   -1.04028136e+01 -1.83759268e+00 -1.04028293e+01 -1.04028639e+01
   -5.12881834e+00 -2.75193337e+00]]

 [[ 1.92840776e-10  4.43356581e-11  1.52132543e-10  3.79513886e-12
    1.01168955e-10  2.28996509e+01  2.47488260e-09  2.82165603e-10
    1.21353990e+02  2.20830021e-10]
  [ 3.00000000e+00  3.00000000e+00  3.00000000e+00  3.00000000e+00
    3.00000000e+00  3.00000000e+00  3.00000000e+00  3.00000000e+00
    3.00000000e+00  3.00000000e+01]
  [-5.12882280e+00 -2.75193356e+00 -3.72430035e+00 -3.72430035e+00
   -1.04028516e+01 -2.76589733e+00 -1.04029124e+01 -1.04028433e+01
   -1.04028624e+01 -2.76589733e+00]]

 [[ 3.36799496e-11  2.46451200e-11  2.39309968e-11  7.56776829e-12
    4.20536232e-11  1.23872797e+02  1.73094096e-11  8.34695224e-12
    1.94567365e-11  1.26123818e-11]
  [ 3.00000000e+00  3.00000000e+00  3.00000000e+00  3.00000000e+01
    3.00000000e+00  3.00000000e+00  3.00000000e+00  3.00000000e+00
    3.00000000e+00  3.00000000e+00]
  [-2.75193356e+00 -5.12882280e+00 -3.72430035e+00 -1.83759297e+00
   -1.04029080e+01 -1.04029035e+01 -1.04028958e+01 -1.04028821e+01
   -1.04028985e+01 -5.08767183e+00]]

 [[ 4.52739544e-11  8.77992193e-08  5.85286076e-11  7.97730935e-12
    7.98804547e-12  1.44934604e-11  1.98875004e-11  1.47079190e-10
    3.56270519e-11  5.56597626e-12]
  [ 3.00000000e+00  3.00000000e+00  3.00000000e+00  3.00000000e+00
    3.00000000e+00  3.00000000e+00  3.00000000e+00  3.00000000e+00
    3.00000000e+01  3.00000000e+00]
  [-3.72430035e+00 -3.72430035e+00 -2.76589733e+00 -3.72430035e+00
   -5.12882280e+00 -2.75193356e+00 -5.12882280e+00 -2.75193356e+00
   -1.04028159e+01 -1.04028783e+01]]

 [[ 4.61547275e-09  5.24671807e-09  2.37563566e-09  2.14302838e-09
    3.71610267e-09  5.62091469e-09  3.48549903e-09  1.23017249e-08
    9.15687935e-09  4.01788850e-09]
  [ 3.00000001e+00  3.00000002e+00  3.00000001e+00  3.00000000e+00
    3.00000001e+00  3.00000000e+00  3.00000000e+00  3.00000000e+00
    3.00000000e+00  3.00000001e+00]
  [-1.83759297e+00 -5.08767182e+00 -1.04028972e+01 -2.75193356e+00
   -2.75193356e+00 -5.12882280e+00 -1.04028243e+01 -2.76589733e+00
   -1.83759297e+00 -2.76589733e+00]]

 [[ 8.65737766e-10  4.16266423e-09  3.18881662e-09  3.58527722e-09
    8.47015569e-09  2.53225964e-09  1.57371693e-09  1.40763116e-08
    1.00014080e-08  4.78892213e-09]
  [ 3.00000000e+00  3.00000000e+00  3.00000002e+00  3.00000000e+01
    3.00000002e+00  3.00000000e+00  3.00000000e+00  3.00000000e+00
    3.00000000e+00  3.00000000e+00]
  [-2.75193356e+00 -3.72430035e+00 -1.04029045e+01 -3.72430035e+00
   -2.76589732e+00 -2.76589733e+00 -1.04028341e+01 -5.12882277e+00
   -2.76589733e+00 -1.04028688e+01]]

 [[ 1.15402268e-08  3.30947389e-09  6.83381298e-09  3.22418747e-09
    3.19462476e-09  2.73504538e-09  3.37030194e-09  5.23374175e-09
    4.13843863e-09  4.06633717e-09]
  [ 3.00000000e+00  3.00000001e+00  3.00000001e+00  3.00000008e+01
    3.00000000e+00  3.00000000e+00  3.00000002e+00  3.00000000e+00
    3.00000001e+00  3.00000000e+00]
  [-1.04028398e+01 -1.83759297e+00 -5.12882279e+00 -2.75193356e+00
   -1.04028330e+01 -1.04028312e+01 -1.04028085e+01 -3.72430035e+00
   -3.72430035e+00 -2.75193356e+00]]

 [[ 2.82971666e-08  4.18912679e-08  3.48271750e-08  2.76217474e-08
    1.75576341e-08  1.69888167e-08  2.70968694e-08  8.34522098e-09
    3.82792771e-09  2.34885119e-08]
  [ 3.00000003e+00  3.00000002e+00  3.00000002e+00  3.00000001e+00
    3.00000010e+00  3.00000000e+00  3.00000002e+00  3.00000006e+00
    3.00000000e+00  3.00000000e+00]
  [-1.83759297e+00 -1.04029076e+01 -1.04028208e+01 -2.76589730e+00
   -1.04028680e+01 -3.72430034e+00 -2.76589733e+00 -3.72430034e+00
   -1.83759297e+00 -2.76589732e+00]]

 [[ 2.97057768e-08  4.59062628e-08  1.77650970e-08  2.05060643e-08
    1.91933208e-08  2.83293193e-08  2.97015069e-08  9.78571756e-09
    5.68979723e-09  4.00787659e-08]
  [ 3.00000032e+00  3.00000003e+00  3.00000001e+00  3.00000013e+00
    3.00000003e+00  3.00000006e+00  3.00000010e+00  3.00000009e+00
    3.00000002e+00  3.00000001e+00]
  [-3.72430033e+00 -2.75193354e+00 -1.04028324e+01 -2.75193356e+00
   -1.83759297e+00 -1.83759296e+00 -3.72430032e+00 -1.04028495e+01
   -2.76589732e+00 -2.75193356e+00]]

 [[ 1.44712761e-08  2.85901251e-08  1.55685704e-08  3.38972224e-08
    1.10955620e-08  9.33321469e-09  1.01064391e-08  2.52876348e-08
    3.40758641e-08  7.08737987e-09]
  [ 3.00000000e+00  3.00000008e+00  3.00000013e+00  3.00000017e+00
    3.00000000e+00  3.00000014e+00  3.00000001e+00  3.00000003e+00
    3.00000001e+00  3.00000003e+00]
  [-1.04028279e+01 -1.04028373e+01 -1.04028016e+01 -3.72430034e+00
   -3.72430034e+00 -2.75193355e+00 -1.04028205e+01 -5.08767179e+00
   -2.76589732e+00 -2.76589732e+00]]

 [[ 2.75529377e-08  2.31574268e-08  2.24809542e-08  2.99811594e-08
    1.66538627e-08  8.84149143e-08  1.76314915e-07  6.15521665e-08
    8.47377113e-08  9.38049333e-09]
  [ 3.00000007e+00  3.00000044e+00  3.00000005e+00  3.00000013e+00
    3.00000006e+00  3.00000010e+00  3.00000016e+00  3.00000005e+00
    3.00000000e+00  3.00000016e+00]
  [-5.08767181e+00 -1.04028125e+01 -2.75193356e+00 -2.75193353e+00
   -1.83759297e+00 -1.04028373e+01 -1.04028171e+01 -2.76589732e+00
   -5.12882275e+00 -1.04028153e+01]]

 [[ 4.49634586e-08  6.26645889e-08  1.02247572e-07  8.24848002e-08
    7.04466336e-08  1.70602024e-07  1.22843548e-07  7.34202334e-08
    2.46362270e-08  6.46643843e-08]
  [ 3.00000055e+00  3.00000007e+00  3.00000002e+00  3.00000007e+00
    3.00000022e+00  3.00000033e+00  3.00000028e+00  3.00000008e+00
    3.00000018e+00  3.00000013e+00]
  [-2.75193355e+00 -2.76589732e+00 -2.75193356e+00 -5.12882271e+00
   -1.04028924e+01 -2.76589730e+00 -1.04028336e+01 -2.76589732e+00
   -3.72430026e+00 -5.12882279e+00]]

 [[ 9.58212160e-08  1.75432449e-07  6.12549637e-08  3.38977469e-08
    7.30120076e-08  7.31719555e-08  4.68776509e-08  1.09513128e-07
    1.36136446e-08  4.84065741e-08]
  [ 3.00000049e+00  3.00000005e+00  3.00000162e+00  3.00000021e+00
    3.00000013e+00  3.00000015e+00  3.00000018e+00  3.00000001e+00
    3.00000000e+00  3.00000008e+00]
  [-1.04028576e+01 -5.12882274e+00 -2.75193356e+00 -1.83759297e+00
   -2.75193354e+00 -2.75193355e+00 -5.08767175e+00 -2.76589732e+00
   -3.72430034e+00 -3.72430021e+00]]

 [[ 1.95907776e-07  4.88907449e-07  2.59029187e-07  1.83757021e-07
    5.47228177e-07  1.28364921e-07  7.16780984e-07  2.94829027e-07
    1.48068307e-07  1.69291018e-07]
  [ 3.00000147e+00  3.00000017e+00  3.00000005e+00  3.00000030e+00
    3.00000021e+00  3.00000019e+00  3.00000046e+00  3.00000188e+00
    3.00000030e+00  3.00000060e+00]
  [-1.04028742e+01 -3.72430033e+00 -1.04028783e+01 -3.72430028e+00
   -5.12882214e+00 -2.75193356e+00 -2.75193355e+00 -3.72429948e+00
   -2.75193351e+00 -1.83759290e+00]]

 [[ 3.41646113e-07  2.33124869e-07  1.02132434e-07  4.07972953e-07
    2.81465053e-07  3.41801305e-07  2.77086654e-07  1.78755088e-07
    1.82315214e-07  2.55294961e-07]
  [ 3.00000202e+00  3.00000007e+00  3.00000009e+00  3.00000096e+00
    3.00000090e+00  3.00000193e+00  3.00000262e+00  3.00000375e+00
    3.00000001e+00  3.00000009e+00]
  [-5.08767163e+00 -5.12882220e+00 -5.08767175e+00 -3.72429989e+00
   -1.04028231e+01 -2.75193354e+00 -5.12882256e+00 -1.04029188e+01
   -2.76589731e+00 -3.72430027e+00]]

 [[ 2.48748037e-07  1.00214800e-06  2.54296600e-07  3.17483190e-07
    1.95804898e-07  1.54452255e-07  1.83465859e-07  9.53965754e-08
    5.82381187e-08  1.04277612e-06]
  [ 3.00000086e+00  3.00000004e+00  3.00000001e+00  3.00000089e+00
    3.00000011e+00  3.00000006e+00  3.00000021e+00  3.00000062e+00
    3.00000025e+00  3.00000031e+00]
  [-3.72430027e+00 -2.76589729e+00 -1.04028270e+01 -2.76589726e+00
   -3.72430024e+00 -5.08767169e+00 -3.72429996e+00 -2.76589726e+00
   -1.04029014e+01 -3.72430033e+00]]

 [[ 2.67025348e-06  1.17083292e-06  1.16507580e-06  7.91855168e-07
    4.10088983e-07  3.75509379e-06  7.84062129e-06  2.38392407e-06
    1.04957239e-06  9.97147782e-07]
  [ 3.00000051e+00  3.00000359e+00  3.00000028e+00  3.00000006e+00
    3.00001860e+00  3.00000729e+00  3.00002338e+00  3.00000136e+00
    3.00001104e+00  3.00000001e+00]
  [-1.04028272e+01 -2.75193080e+00 -1.83759290e+00 -3.72429856e+00
   -3.72429966e+00 -2.76589695e+00 -2.75193336e+00 -3.72429955e+00
   -2.75193318e+00 -1.04028592e+01]]

 [[ 1.10552870e-06  1.31816349e-06  3.76020190e-06  1.33689350e-06
    1.16126521e-06  3.37529838e-06  1.04394734e-06  1.44157779e-06
    2.77773961e-06  1.18556002e-06]
  [ 3.00000630e+00  3.00002275e+00  3.00000429e+00  3.00000375e+00
    3.00000007e+00  3.00000491e+00  3.00002178e+00  3.00002656e+00
    3.00001049e+00  3.00000001e+00]
  [-1.04028331e+01 -3.72430002e+00 -3.72429738e+00 -5.08767044e+00
   -3.72429581e+00 -2.75193089e+00 -1.04028513e+01 -1.04028356e+01
   -1.04028212e+01 -2.75193329e+00]]

 [[ 2.08823366e-07  7.67874126e-07  2.59954697e-06  1.85168111e-06
    4.45803351e-06  3.29388428e-06  1.09575222e-06  2.99052145e-06
    2.68903865e-06  1.52976579e-06]
  [ 3.00000454e+00  3.00000312e+00  3.00000026e+00  3.00000475e+00
    3.00003064e+00  3.00000379e+00  3.00000259e+00  3.00000141e+00
    3.00000017e+00  3.00000708e+00]
  [-2.76589711e+00 -1.04028436e+01 -3.72429912e+00 -3.72429912e+00
   -2.76589711e+00 -1.04028069e+01 -1.04028738e+01 -3.72429872e+00
   -1.04029256e+01 -1.83759287e+00]]

 [[ 1.91010302e-11  2.79756883e-11  1.27919925e-11  4.54794421e-11
    1.68971963e-10  3.55057788e-11  5.64147762e-11  2.34910226e-11
    5.25716240e-11  6.35387585e-11]
  [ 3.00000000e+00  3.00000000e+00  3.00000000e+01  3.00000000e+00
    3.00000000e+00  3.00000000e+00  3.00000000e+00  3.00000000e+00
    3.00000000e+00  3.00000000e+00]
  [-3.72430035e+00 -1.04029208e+01 -5.08767183e+00 -5.12882280e+00
   -3.72430035e+00 -3.72430035e+00 -1.83759297e+00 -1.04028933e+01
   -3.72430035e+00 -1.04029381e+01]]

 [[ 4.51103236e-09  6.31828415e-11  5.61327212e-11  1.61401366e-11
    7.72007835e-11  3.94557846e-11  4.82839232e-11  1.70715637e-11
    2.68593184e-12  9.16087471e-11]
  [ 3.00000000e+00  3.00000000e+00  3.00000000e+00  3.00000000e+00
    3.00000000e+00  3.00000000e+00  3.00000000e+00  3.00000000e+00
    3.00000000e+00  3.00000000e+00]
  [-1.83759297e+00 -2.76589733e+00 -3.72430035e+00 -3.72430035e+00
   -5.08767183e+00 -3.72430035e+00 -1.83759297e+00 -1.04028071e+01
   -1.04028307e+01 -2.76589733e+00]]

 [[ 3.06725917e-11  8.11825321e-12  4.59558484e-11  1.60203074e-11
    4.54302843e-12  3.56579318e-11  1.26361191e-11  1.16206801e-11
    4.33859788e-12  5.76189446e-12]
  [ 3.00000000e+00  3.00000000e+00  3.00000000e+00  3.00000000e+00
    3.00000000e+00  3.00000000e+00  3.00000000e+00  3.00000000e+00
    3.00000000e+00  3.00000000e+00]
  [-1.04028486e+01 -3.72430035e+00 -2.76589733e+00 -1.83759297e+00
   -1.04029025e+01 -5.08767183e+00 -1.04028094e+01 -1.04028428e+01
   -5.12882280e+00 -2.75193356e+00]]

 [[ 8.15154835e-10  7.53046591e-09  7.48483997e-09  1.48375677e-09
    2.80971751e-09  4.10706948e-09  6.90973433e-09  1.04337979e-08
    1.11152986e-09  6.89508968e-09]
  [ 3.00000000e+00  3.00000000e+00  3.00000001e+00  3.00000003e+00
    3.00000000e+00  3.00000002e+00  3.00000002e+00  3.00000000e+00
    3.00000000e+00  3.00000001e+00]
  [-3.72430035e+00 -2.76589733e+00 -3.72430034e+00 -1.04028212e+01
   -5.08767182e+00 -1.04028120e+01 -3.72430034e+00 -5.08767181e+00
   -1.04029239e+01 -1.04028894e+01]]

 [[ 1.71710295e-09  3.15239778e-09  8.30783409e-09  6.12952639e-09
    7.07607059e-09  1.07522553e-09  4.42669350e-09  1.35138125e-08
    1.86213219e-09  3.78260761e-09]
  [ 3.00000001e+00  3.00000000e+00  3.00000002e+00  3.00000000e+00
    3.00000000e+00  3.00000000e+00  3.00000001e+00  3.00000005e+00
    3.00000000e+00  3.00000000e+00]
  [-2.76589733e+00 -2.75193356e+00 -1.04028403e+01 -5.12882280e+00
   -5.12882280e+00 -3.72430035e+00 -2.76589733e+00 -5.12882280e+00
   -3.72430035e+00 -5.08767181e+00]]

 [[ 4.33667808e-09  8.71087427e-09  4.28200044e-09  2.97200098e-09
    6.07337231e-09  2.78782550e-09  1.13754010e-08  4.53637445e-09
    7.09080488e-09  1.06426749e-09]
  [ 3.00000000e+00  3.00000001e+00  3.00000001e+00  3.00000001e+00
    3.00000000e+00  3.00000001e+00  3.00000000e+00  3.00000001e+00
    3.00000002e+00  3.00000001e+00]
  [-3.72430034e+00 -1.04028396e+01 -2.76589733e+00 -1.04028803e+01
   -3.72430034e+00 -1.04028761e+01 -1.04028316e+01 -1.83759297e+00
   -3.72430034e+00 -5.08767182e+00]]

 [[ 4.01780508e-08  2.49184098e-08  8.79553837e-09  3.35936409e-08
    2.42940359e-08  1.89055268e-08  2.01592549e-08  4.79958793e-08
    5.51262157e-09  1.19397642e-08]
  [ 3.00000039e+00  3.00000001e+00  3.00000004e+00  3.00000001e+00
    3.00000000e+00  3.00000008e+00  3.00000005e+00  3.00000004e+00
    3.00000005e+00  3.00000003e+00]
  [-5.12882276e+00 -2.76589732e+00 -1.04028746e+01 -5.08767182e+00
   -3.72430034e+00 -1.04028477e+01 -3.72430034e+00 -5.12882274e+00
   -1.83759297e+00 -3.72430030e+00]]

 [[ 3.38922202e-08  1.90650697e-08  1.36267458e-08  1.51464080e-08
    3.53238358e-08  4.55358155e-08  1.25545100e-08  6.43553871e-09
    4.96466738e-08  1.34489960e-08]
  [ 3.00000012e+00  3.00000001e+00  3.00000009e+00  3.00000002e+00
    3.00000005e+00  3.00000032e+00  3.00000027e+00  3.00000004e+00
    3.00000007e+00  3.00000004e+00]
  [-2.75193356e+00 -3.72430034e+00 -5.12882279e+00 -2.75193356e+00
   -2.76589730e+00 -2.76589732e+00 -1.04028813e+01 -5.08767182e+00
   -3.72430034e+00 -2.76589732e+00]]

 [[ 5.57211158e-09  3.61090643e-08  1.52760471e-08  7.90208751e-08
    3.44958138e-08  5.10230259e-09  1.09485525e-08  8.17991389e-09
    9.83091268e-09  3.71991675e-08]
  [ 3.00000000e+00  3.00000000e+00  3.00000005e+00  3.00000009e+00
    3.00000001e+00  3.00000012e+00  3.00000002e+00  3.00000001e+00
    3.00000008e+00  3.00000005e+00]
  [-1.04028227e+01 -2.76589731e+00 -5.08767175e+00 -1.83759297e+00
   -5.08767165e+00 -3.72430033e+00 -1.04029152e+01 -2.76589732e+00
   -1.04028079e+01 -1.83759297e+00]]

 [[ 7.75613987e-08  4.27377798e-08  1.14467152e-07  7.80887506e-08
    1.11887164e-07  5.07379509e-08  1.72710888e-08  9.71443807e-08
    2.91376001e-08  5.28531484e-08]
  [ 3.00000048e+00  3.00000028e+00  3.00000005e+00  3.00000002e+00
    3.00000035e+00  3.00000008e+00  3.00000008e+00  3.00000024e+00
    3.00000007e+00  3.00000012e+00]
  [-3.72430032e+00 -5.08767180e+00 -3.72430033e+00 -5.08767173e+00
   -5.08767177e+00 -1.04028238e+01 -1.83759297e+00 -2.76589731e+00
   -3.72430033e+00 -3.72430026e+00]]]