[[[ 5.70379241e+02  6.36718355e+04  3.85913113e+03  2.30704272e-09
    2.22560563e+03  5.31766512e+03  2.78707797e+03  2.75239229e+01
    1.61007862e+04  1.19709096e+03]
  [ 1.01470296e-11  7.73574997e-11  3.90652381e+02  9.56697117e-11
    1.65570269e+01  4.86625552e+01  2.80599182e+00  4.90198169e+00
    9.75991077e-10  4.18494305e+00]
  [ 3.35607216e-03  5.34429928e+00 -2.31115792e-05 -7.21541979e-07
    4.58169610e+00 -1.87599395e-04 -3.78924416e-04  1.34912554e-01
    1.96972041e-03  3.70984988e-01]]

 [[ 2.57444668e+03  2.83482901e-08  2.55565603e-08  8.26406155e+01
    2.49269839e+03  4.49693936e+03  1.39277184e+04  6.97677017e+04
    1.09057136e+04  3.21223266e+04]
  [ 1.13467173e+02  5.21346225e+02  5.15447077e+02  2.00189546e+02
    3.41923010e-10  5.07299493e-11  8.60515460e-11  3.38053623e+01
    9.41311679e-10  1.20421535e+01]
  [-1.35959903e-04  3.20831655e-01  8.60414287e+00 -3.27213855e-05
    1.00946525e+00  7.01417220e-02  5.77762161e-01  9.51221860e-01
    2.52651471e-01 -3.17359874e-05]]

 [[ 5.58075187e-09  3.26124757e+03  8.44736316e+03  3.39655330e+02
    3.39996718e-07  2.64436013e+02  1.21727434e+03  5.26272417e+04
    2.66671485e+04  3.83763490e+04]
  [ 8.20081364e-09  4.02583860e+01  4.43632510e+01  1.82932041e-10
    2.45876492e+02  1.54970066e+02  9.48566422e+01  3.62207654e+02
    3.76499977e+00  4.62513686e+02]
  [-7.05802942e-04  2.92184118e+00  1.51191715e+00  3.20831655e-01
    5.73988875e-02  7.37561052e-02  1.35465584e-01  2.54761737e+00
    1.00634248e+00  5.77762161e-01]]

 [[ 6.87962154e-07  1.14818311e-06  4.21407203e-07  3.95450979e-07
    5.01056353e-07  5.27929572e-07  5.67059183e-07  5.78728288e-07
    1.84579948e-07  8.81287176e-07]
  [ 4.12119252e-09  2.31022130e-08  3.61746206e-08  7.26567982e-09
    1.48751510e-09  2.45947577e-08  3.81526111e-09  7.13435497e-09
    1.32728159e-08  1.97206207e-08]
  [ 5.95482065e+00 -5.00259056e-03  7.22402917e-02  5.75389645e-01
   -4.17156868e-03  2.37159676e+00  2.61772923e-01 -2.18011041e-03
   -2.44634766e-03 -1.66301766e-02]]

 [[ 6.06891990e-07  4.26693882e-07  3.13716744e-07  9.29067612e-07
    7.51682460e-07  5.80078121e-07  6.43219700e-07  6.21399287e-07
    7.11254822e-07  1.17476043e-07]
  [ 1.52831801e-08  6.42836577e-09  2.10695114e-09  1.81457670e-08
    6.93055954e-09  2.07332600e-08  6.85694564e-09  1.11356891e-08
    7.61184403e-09  1.89076944e-08]
  [ 2.55098844e-01 -8.02368785e-03  6.98667704e-01  1.06438425e+00
    6.80857693e-02 -4.29790058e-02 -2.44809580e-02 -5.40428184e-03
   -6.69827327e-03 -6.17248009e-04]]

 [[ 6.03093314e-07  3.68900599e-07  3.74314991e-07  1.39609014e-06
    2.31628275e-06  2.53349704e-07  4.08238051e-07  1.11306367e-06
    1.05460049e-06  3.91546569e-07]
  [ 2.29299070e-09  1.36826423e-08  8.96563222e-09  2.50590029e-08
    5.45158189e-09  7.23448731e-09  2.86537103e-08  5.52406212e-09
    2.67535089e-08  2.56896026e-08]
  [-1.29659319e-03 -5.85837542e-03  2.61772925e-01  8.39473773e-01
   -1.20447929e-03 -2.25478602e-02  1.34018005e-01  3.01393009e+00
   -3.77794069e-03 -7.30314488e-03]]

 [[ 7.29183406e-06  1.73174741e-06  2.93402140e-06  1.04323014e-06
    1.19382436e-06  7.21421185e-06  2.43175966e-06  2.32796005e-06
    3.45927221e-06  2.87895139e-06]
  [ 2.73245176e-08  7.25442115e-09  2.51358879e-08  6.05963032e-08
    5.49099396e-08  5.06471618e-08  3.69853676e-08  9.66772347e-08
    1.20083974e-07  6.94160004e-08]
  [-2.42354856e-02  4.41450075e+00  1.83123916e+00 -2.42157484e-02
    5.77762256e-01 -1.29874410e-02 -1.26813066e-03  2.55627660e+00
   -3.36959970e-03 -3.40120606e-03]]

 [[ 3.02061855e-06  4.69578959e-06  3.07224047e-06  3.85676915e-06
    3.07138198e-06  4.20190948e-06  5.14688521e-06  4.46055608e-06
    5.19030427e-06  1.75502774e-06]
  [ 9.11043808e-08  1.96286701e-08  5.32497457e-08  3.27916835e-08
    1.55041198e-07  8.13729293e-08  1.21400013e-07  1.16661386e-08
    4.65852932e-08  5.51512397e-08]
  [-1.66890826e-02  6.35785251e-01 -1.19063197e-02 -1.38347450e-02
   -3.79143137e-02 -7.19960982e-03 -1.13744898e-02 -4.02778385e-02
    1.54749276e+00  1.55948257e+00]]

 [[ 5.46625312e-06  1.06630875e-06  4.35998865e-06  1.37310724e-06
    3.08958745e-06  1.37230163e-06  3.90261360e-06  3.18865452e-06
    3.72538808e-06  3.32264880e-06]
  [ 9.27700018e-08  4.25904090e-08  6.58147394e-08  7.86835992e-08
    4.94583375e-08  4.87683846e-08  8.02628050e-09  1.14907549e-07
    1.58229200e-07  2.13871911e-08]
  [-8.19415569e-03 -1.44776837e-03  2.32927390e+00  1.97110803e-01
   -3.27344422e-04 -3.01685295e-02 -5.61596903e-03 -2.20092378e-02
   -5.11186935e-01  3.57187593e+00]]

 [[ 1.40735410e-05  8.47896583e-06  5.53342656e-06  8.17112075e-06
    1.08298159e-05  1.50115203e-05  1.04739946e-05  8.65382289e-06
    7.08394096e-06  1.82825534e-05]
  [ 1.50416274e-07  1.84579728e-07  1.63379981e-07  4.25097742e-08
    4.33050643e-07  4.69455485e-08  2.51954926e-07  6.60213574e-08
    4.71931311e-08  9.92931531e-08]
  [ 3.10284808e+00 -4.35356422e-02  7.18591583e-02 -3.18427111e-02
   -6.04022822e-03  3.90598170e+00 -2.87822176e-02 -5.52265624e-02
   -2.83680412e-02  1.51174704e+00]]

 [[ 2.47680906e-06  2.86367936e-05  3.42344527e-06  7.06901025e-07
    3.48108818e-06  3.15410898e-05  1.17517303e-05  1.38231571e-05
    1.01416452e-05  2.14817272e-05]
  [ 2.55473762e-08  1.97302062e-07  8.19460947e-08  1.39174040e-07
    7.28331385e-08  4.35680410e-08  1.51817986e-07  2.38850544e-07
    8.63650375e-08  2.27894220e-07]
  [-8.86206660e-02 -5.78669244e-02 -2.65299494e-02  5.70718959e-01
    2.48938426e+00 -7.15831339e-02 -1.31766510e-02 -7.40196759e-03
    4.14806122e+00  7.46917832e-03]]

 [[ 3.03588865e-05  1.19813737e-05  3.04977979e-05  2.13902132e-06
    5.23377833e-06  7.84832350e-06  5.25576609e-06  1.24663142e-05
    3.69752055e-06  4.36990714e-06]
  [ 7.89937997e-08  3.57760422e-07  2.05816923e-07  9.98049470e-08
    7.38117072e-08  3.96946241e-08  1.23613625e-07  3.38915882e-07
    9.55211786e-08  1.95085448e-07]
  [-2.30760467e-02 -1.64648101e-02  4.42536132e-01 -4.80376537e-03
    1.71233367e+00  2.12067125e+00 -1.16122565e-02  1.89979245e-01
   -4.11797675e-03  3.13665413e+00]]

 [[ 3.97383180e-05  1.37722016e-04  4.65742783e-05  4.09807750e-05
    8.55220827e-06  2.93669915e-05  9.39693667e-05  4.66121214e-05
    4.84585253e-05  1.84007486e-04]
  [ 1.37872043e-06  5.78467309e-07  8.00102418e-07  9.34089574e-07
    8.49249754e-07  4.09354337e-07  3.13034813e-07  1.13474523e-06
    1.11745772e-06  8.63626999e-07]
  [-1.21631502e-01 -2.55121664e-02  5.73619199e-01 -1.93787742e-02
   -8.20962645e-02  1.81226582e+00  2.05797488e+00 -8.61860613e-03
   -6.23062843e-02  4.47376165e-01]]

 [[ 3.82114630e-05  4.98832285e-05  3.71925541e-05  5.50759984e-05
    6.67069688e-05  6.27602938e-05  3.15370998e-05  3.02205342e-05
    8.71304070e-05  8.69418990e-05]
  [ 2.14902084e-07  1.23592464e-06  8.19600755e-07  4.15296588e-07
    2.79514101e-07  1.13991100e-06  4.43671437e-07  1.40107697e-06
    5.24930225e-07  8.56768080e-07]
  [-3.00172531e-02 -1.43325418e-01 -4.36700901e-02 -1.20975124e-02
   -9.32282700e-03  2.61773359e-01 -8.05727479e-02 -1.18330753e-01
   -1.27747938e-01  1.92700764e+00]]

 [[ 1.68031807e-05  2.93601817e-05  4.00396360e-05  5.55169417e-05
    3.51784150e-05  1.93830692e-05  4.57100756e-05  5.99207454e-05
    3.88579115e-05  4.12230571e-05]
  [ 1.22124790e-06  4.84192909e-07  2.66141837e-06  5.77638365e-07
    3.51310072e-07  3.96754036e-08  4.77446496e-07  2.32642407e-07
    1.04171515e-06  1.00063499e-06]
  [ 2.56746199e-01 -1.85507055e-03 -1.70432513e-02 -8.36762617e-02
   -3.89739724e-02  8.85081569e-01 -9.56562493e-03 -5.81094978e-02
    7.57330182e-01  6.35385228e-01]]

 [[ 1.62454350e-04  1.21819835e-04  3.22969779e-04  3.22441581e-04
    3.35525855e-04  8.75163688e-04  1.60320253e-04  4.69726746e-04
    1.87442119e-04  2.79342671e-05]
  [ 4.33951242e-06  3.43981772e-06  2.45064385e-06  4.69472534e-06
    9.45016025e-06  1.45460030e-05  9.95479319e-06  9.52218858e-06
    3.04895810e-06  3.51616625e-06]
  [-1.33651409e-01 -1.65526045e-02 -1.77456995e-02 -2.37623580e-01
   -1.13664187e-01 -1.74702601e-01 -1.92300120e-01 -1.64876216e-01
   -2.09708173e-02 -2.32457783e-02]]

 [[ 4.35368329e-04  2.54014798e-04  1.22815870e-04  2.25768677e-04
    1.67481423e-04  1.65267706e-04  3.88015757e-04  2.04879435e-04
    3.16046766e-04  1.21549876e-04]
  [ 4.19206120e-06  5.40014487e-06  2.22967687e-06  2.93873542e-06
    4.52254274e-06  1.18879239e-06  3.95416904e-06  8.28318333e-06
    1.69153197e-06  5.78858312e-06]
  [-4.75654043e-01 -2.00545804e-01 -1.23412533e-01 -4.32350615e-02
   -5.72870347e-03 -2.05759214e-01 -9.19682198e-02 -4.26146608e-02
   -1.66312029e-02 -2.26938685e-01]]

 [[ 2.96320735e-04  5.34475356e-04  2.75461544e-04  2.34018383e-04
    1.05307580e-03  1.75625820e-04  3.52183688e-04  2.31121738e-04
    1.65565877e-04  8.50812126e-04]
  [ 8.88379503e-06  3.63267533e-06  4.74112921e-06  6.16819943e-06
    1.06174648e-05  7.45321747e-06  4.46895406e-06  2.88823079e-06
    4.37537610e-06  1.34316467e-05]
  [-1.58959290e-01 -4.62049482e-02 -3.80805620e-02 -4.70437475e-02
   -8.67588894e-02 -3.17808558e-02 -1.90204441e-01 -2.29769810e-02
   -3.38493687e-02 -9.75628677e-02]]

 [[ 2.35460076e+04  2.77478446e+03  1.44954385e-07  1.20398598e+04
    3.10968403e+02  2.21870261e+02  1.48623030e-09  2.02246367e+03
    3.41356033e+03  6.55699963e+02]
  [ 5.35852111e+00  6.00192390e-11  6.51183279e+01  3.37639254e-11
    4.94891839e-02  2.33920992e+00  3.89283503e+00  6.12975252e-11
    2.52135834e-11  7.69141698e+01]
  [-1.69729583e-04 -3.32214367e-04  2.56716847e-01  3.35228605e+00
    1.49577284e+00 -2.73456185e-03  1.25896093e-01 -1.42007601e-03
    8.17407992e-01  8.70156856e-01]]

 [[ 2.19894024e+03  1.94727295e+03  5.94929095e-09  7.76823098e-09
    7.60202442e+03  6.58999201e-09  1.86317870e+03  1.72817447e+02
    1.25945130e-08  1.00326863e+03]
  [ 1.40479473e+02  1.54351190e-01  2.88844329e-11  1.49412616e-09
    2.95326099e-01  3.16561876e-11  1.37534165e-10  1.56006218e-10
    1.01136231e+01  1.08276507e-10]
  [ 1.42475682e+00 -8.25480581e-05 -3.96072696e-04 -4.02564449e-04
    1.79205677e+00 -8.38994152e-05 -4.54664929e-04 -7.78305143e-04
   -1.00847003e-03 -3.50177207e-04]]

 [[ 2.47443783e-08  2.72188829e+02  9.91699438e+03  3.70792571e-09
    5.77864244e-06  2.59505593e-09  1.69478559e-08  1.88390773e-07
    9.85151648e+03  3.37283319e+03]
  [ 1.24586355e+00  2.84923181e+01  1.35858475e-10  2.83007151e+00
    5.94008093e-11  1.62596918e+02  3.18982474e+01  1.55976335e-10
    2.11566192e-11  1.08354865e-10]
  [-2.46267641e-04 -1.54545593e-05  6.89885394e-01  2.57857487e-01
    1.92911164e-01 -3.51429829e-04 -8.16751852e-05 -1.86880406e-04
   -6.45079730e-05 -1.68313729e-04]]

 [[ 5.76955603e-07  8.82896266e-07  2.57599819e-07  8.31971423e-07
    2.33554335e-07  4.75319436e-07  2.28203458e-07  5.03757930e-07
    1.97401984e-07  7.80420561e-07]
  [ 2.38401719e-08  2.17467670e-08  6.25832927e-09  3.80532757e-09
    1.06389577e-08  6.34953621e-09  3.40564253e-08  7.53827732e-09
    3.88781004e-09  5.83354358e-09]
  [-2.17586064e-03 -4.45017349e-03  5.71414393e-01 -3.25612507e-03
   -5.03958919e-04 -7.52039195e-04  8.24777340e-01 -8.04515049e-03
    8.14287673e-01  1.80827887e+00]]

 [[ 1.58319539e-07  4.00375910e-07  3.66131233e-07  1.12307366e-06
    1.78777226e-07  5.40414352e-07  3.39979031e-07  6.44516175e-07
    3.54177175e-07  3.04686079e-07]
  [ 9.03972139e-09  2.82469851e-08  2.79854320e-08  3.57634376e-09
    2.26497428e-08  1.82765657e-08  4.70295470e-09  8.73632485e-09
    1.10609669e-08  8.44794620e-09]
  [ 1.79830622e+00  5.88552135e-01  6.80857721e-02 -2.14228243e-03
   -4.19182889e-03 -1.46935114e-02  7.56638169e-01 -4.63223495e-03
   -3.10847424e-02 -1.14921223e-02]]

 [[ 4.71284206e-07  1.33467567e-06  3.65477493e-07  1.82760236e-07
    6.43412379e-07  4.33063649e-07  1.07268868e-06  3.64895545e-07
    4.88717147e-07  6.53440652e-07]
  [ 3.03414428e-09  5.37165313e-09  1.60555637e-08  2.82652837e-08
    2.51194655e-09  1.28272954e-08  9.34014456e-09  4.51838710e-09
    6.22480439e-09  1.26352026e-08]
  [ 1.38290377e+00 -1.14906018e-03 -4.58775841e-03 -9.53205207e-03
   -7.93635550e-02  1.92429055e-01  2.24035739e+00 -1.40116310e-02
   -5.35771857e-02  1.67187954e+00]]

 [[ 1.80223262e-06  3.20703597e-06  2.73658431e-06  2.48227262e-06
    4.79164695e-06  2.54186814e-06  5.52974016e-06  1.70025127e-06
    1.65640168e-06  8.55832754e-07]
  [ 3.23534148e-08  9.12034509e-08  5.42728178e-08  6.43236249e-08
    3.02438070e-08  4.16892313e-08  6.71204188e-08  1.37535385e-07
    6.68795830e-08  7.95048989e-08]
  [-1.72201405e-02  8.24307625e-01  2.00959515e+00 -3.09143262e-02
   -8.71672819e-04 -4.54451424e-02 -7.61330655e-03 -2.49002916e-03
    1.94528510e-01 -1.62501523e-03]]

 [[ 3.53255470e-06  2.36639439e-06  1.39820412e-06  2.26798017e-06
    6.93738779e-07  5.44703810e-06  7.27593709e-06  3.13937310e-06
    4.89965740e-06  2.43088655e-06]
  [ 6.10382812e-08  4.57006279e-08  2.08043336e-07  1.06317927e-07
    1.28912793e-07  2.59476849e-07  3.30628261e-08  2.29952042e-08
    6.14843398e-09  2.48453525e-08]
  [-1.68595339e-02 -8.48409543e-03 -3.19093545e-03 -7.42718926e-03
    2.55098858e-01 -3.13817769e-02 -5.09895353e-03  8.58566439e-03
    3.22538462e-01  5.12462086e-01]]

 [[ 9.06300138e-06  1.95157467e-06  3.78270957e-06  4.80283080e-06
    9.86028068e-07  7.76078404e-07  4.19542368e-06  6.16847256e-07
    1.25447015e-06  1.33027208e-06]
  [ 2.80670851e-08  5.57491479e-08  1.25294650e-07  4.53885214e-08
    7.30026448e-08  1.37540583e-07  2.07352732e-07  2.83226773e-07
    2.34491105e-08  1.01321383e-08]
  [ 8.91613495e-03  1.23381941e+00 -1.73769158e-02  6.91316508e-01
    7.46916306e-03 -4.16425900e-02 -1.34918669e-04 -2.58724672e-02
    5.86746573e-03  1.54399644e+00]]

 [[ 1.12053837e-05  9.38479883e-06  5.24572892e-06  7.80681588e-06
    1.38336648e-05  5.82635459e-06  3.95727948e-06  9.25000466e-06
    9.37525661e-06  4.91422920e-06]
  [ 1.36947511e-07  1.15653208e-07  3.94957224e-07  8.32270134e-08
    1.78009788e-07  3.75028891e-07  9.29651502e-08  1.32253721e-07
    1.36557548e-07  2.20606745e-07]
  [-4.40505050e-02 -1.33662684e-03  7.47446429e-03 -7.62503079e-04
    3.88825018e+00  7.01417837e-02 -4.04455735e-02 -3.38456672e-02
   -6.38776071e-03 -1.72657774e-02]]

 [[ 1.34553713e-05  7.18880377e-06  6.27570745e-06  7.25209834e-06
    6.61886180e-06  1.60257450e-05  6.81217695e-06  1.83814284e-05
    8.37489404e-06  8.93529719e-06]
  [ 1.54889167e-07  7.58267247e-08  9.79640182e-08  1.17928977e-07
    1.54022186e-07  5.60540564e-07  8.13261432e-08  8.67603364e-08
    1.26829322e-07  1.57729565e-07]
  [-8.29431131e-03 -8.71320306e-03 -2.38305974e-02  1.90566335e+00
   -1.38391468e-02 -3.90410321e-03 -1.09862776e-02 -1.08293422e-02
    6.32291985e-01  1.27674004e+00]]

 [[ 2.78784876e-06  2.05073072e-05  6.23293278e-06  5.12247500e-06
    5.53130995e-06  1.80425053e-05  7.99182080e-06  6.70214245e-06
    7.38191555e-06  4.69181428e-06]
  [ 3.70717572e-07  1.27725637e-07  2.46878418e-07  2.36477220e-07
    1.94636133e-07  1.33168813e-07  1.73244027e-07  6.46845359e-07
    2.18138176e-07  3.42601199e-07]
  [-8.75306098e-03 -5.36257237e-04 -5.54492592e-03 -3.62162432e-02
    8.17254178e-01 -4.99765506e-03 -2.51799177e-02  5.70719158e-01
   -3.44324680e-03 -1.06322995e-03]]

 [[ 6.54723634e-05  1.72321873e-05  2.57429840e-05  2.95765885e-05
    4.58600740e-05  1.13097564e-04  3.30832724e-05  4.09535202e-05
    8.98171704e-05  2.79076200e-05]
  [ 4.77219648e-07  1.00178518e-06  8.53111073e-07  9.72757711e-07
    9.93864534e-07  1.44733535e-06  9.58712616e-07  8.00191611e-07
    7.23747579e-07  6.59996448e-07]
  [-1.28553024e-01 -1.14046861e-01 -6.52953163e-02  7.56937904e-01
   -1.10919246e-01 -2.92690278e-02 -1.29388955e-02 -9.31946031e-04
   -3.26548530e-04 -4.12882758e-03]]

 [[ 4.24175348e-05  2.28793802e-05  8.28654950e-05  6.19158912e-05
    2.29463309e-05  4.57482071e-05  2.10828016e-05  4.32373082e-05
    2.75473302e-05  4.32285067e-05]
  [ 2.47346387e-06  4.90643233e-07  1.38750335e-06  3.41892891e-07
    9.07230875e-07  1.08652220e-06  6.20566864e-07  1.00513351e-06
    4.51394052e-07  4.40582940e-07]
  [-8.55306747e-02 -7.92976188e-02 -3.80751227e-03  1.32211584e-01
   -9.10611339e-02 -8.45755903e-03 -8.64785941e-02  5.70719629e-01
   -3.27745870e-02  3.81438437e-01]]

 [[ 3.40097126e-05  1.90368913e-04  2.68405776e-05  9.97683381e-05
    3.81712732e-05  3.56484193e-05  2.35136369e-05  5.60840252e-05
    6.82604794e-05  3.58331287e-05]
  [ 9.80945753e-07  1.14084881e-06  4.39194422e-07  3.47297395e-07
    6.60566037e-07  2.52135164e-06  7.19783018e-07  5.54944768e-07
    2.74883195e-07  1.51045501e-07]
  [-7.83193096e-02 -3.92693057e-03 -4.42582110e-01 -6.98817251e-03
   -3.53545941e-02 -1.22462462e-01  1.10849835e-02 -5.60344461e-02
   -3.48095434e-02 -7.29442140e-04]]

 [[ 2.89727562e-04  7.67424632e-05  2.14409905e-04  1.40164996e-04
    4.18275299e-04  5.22255719e-04  4.13726323e-05  4.78850432e-04
    1.49949815e-04  3.57634037e-04]
  [ 5.20512618e-06  8.98696991e-06  5.37938864e-06  1.47994453e-06
    5.36730345e-06  4.23239998e-06  2.35380099e-06  7.46612746e-06
    1.28408081e-05  6.22547627e-06]
  [-7.24467130e-02 -1.64606978e-01 -8.23041919e-02 -6.52315270e-02
   -2.12150049e-02 -1.47105633e-02 -2.76160050e-02 -1.32427839e-02
   -7.05181409e-02 -3.19615784e-01]]

 [[ 1.05502252e-04  4.70800750e-04  3.11153259e-04  8.43101938e-05
    3.04004031e-04  4.63569313e-04  1.56417271e-04  1.22244137e-03
    3.38908881e-04  5.62885548e-04]
  [ 1.68387832e-06  3.57092968e-06  6.92519058e-06  7.70424947e-06
    2.17438474e-06  4.56184258e-06  7.49933169e-06  2.76312789e-06
    1.91425882e-06  2.44399772e-06]
  [-6.08553119e-02 -7.46753971e-02 -2.44192163e-02 -4.65748427e-03
   -7.17480578e-02 -5.36176311e-03 -5.34271607e-02 -2.04791089e-01
   -8.65795747e-02 -4.54201583e-02]]

 [[ 2.96198243e-04  4.37243881e-04  4.05235644e-04  6.96984246e-05
    2.42715206e-04  1.34679057e-04  1.11581605e-04  2.48322701e-04
    7.69551995e-04  7.00418065e-04]
  [ 4.45721500e-06  3.29302973e-06  3.49152465e-06  6.48377311e-06
    5.06492819e-06  7.87425877e-06  6.00903338e-06  7.92896367e-06
    2.59917250e-06  2.32283697e-06]
  [-2.05047030e-01 -7.16584515e-02 -3.45417313e-01 -5.50385047e-03
   -1.22629065e-02 -1.46465918e-01 -8.13006633e-02 -1.02241642e-01
   -4.97446330e-02 -1.81056302e-01]]

 [[ 4.58455153e-10  1.57263100e-09  1.17289508e-09  6.39403660e-10
    6.71010750e+03  6.43342113e-10  1.18302062e-08  2.59717992e+03
    5.69315326e-09  8.71428379e-10]
  [ 1.14438874e-11  2.95387128e-11  7.45137003e+00  1.27955188e-11
    5.65010113e+01  1.60696026e-10  8.33440707e-11  2.09762355e-11
    4.90479776e-12  1.83494465e-11]
  [ 6.76558564e+00  2.39932198e+00 -2.33926213e-04 -6.04233737e-05
   -4.35723752e-04  3.35607216e-03  6.13997380e+00  2.55098833e-01
    1.95179761e-01  2.61576556e+00]]

 [[ 1.73703422e-09  2.66071483e-09  2.19227351e-08  4.93694166e+00
    6.00773387e-09  6.41101395e+03  6.38349900e-06  1.00695596e-09
    3.82388131e-09  7.39065710e-09]
  [ 2.35810969e-11  2.15965318e-11  9.34424263e-11  1.34821448e-02
    1.64804707e+02  1.38926833e-09  4.20170024e-11  2.93237355e-11
    6.33688695e-12  3.62450813e-11]
  [-1.77631831e-04  1.12030180e+00 -1.94391732e-04 -2.41468574e-04
    3.20375963e-01 -8.59401517e-06 -9.92884905e-05 -3.28316445e-05
   -6.76621557e-04 -1.41061320e-04]]

 [[ 7.08671065e-09  1.40439480e-08  7.44321552e-10  1.32870926e-09
    1.07100177e+01  1.01462490e-09  5.44689026e-09  1.80073036e+03
    1.38276707e-09  5.94638051e-09]
  [ 2.55648213e-11  9.51954008e-12  2.39517441e-11  1.48197777e-11
    9.73428197e-12  1.22412897e-11  8.43161198e+01  1.78114149e-11
    3.43645993e-11  1.79634024e-11]
  [-2.39610781e-04 -5.54662099e-04  1.29174471e-01 -1.11833793e-04
    3.24060778e-01 -1.82974663e-04 -5.92863010e-05 -1.00864257e-04
    9.57916756e+00 -3.01729646e-05]]

 [[ 9.72850976e-07  2.47050151e-07  1.68255324e-07  4.06378799e-07
    1.58073248e-07  3.87146765e-07  3.04551331e-07  3.35294722e-07
    2.49004305e-07  1.38595524e-07]
  [ 6.61906327e-09  3.43651940e-09  1.68331765e-09  2.70985099e-09
    1.14364636e-08  2.15087730e-09  4.00659326e-09  1.71612572e-09
    2.11808182e-09  2.69159608e-09]
  [-7.86265751e-03 -4.19230021e-03  9.62172505e-01 -2.55380212e-03
    1.10838200e-02  6.94489791e-01  8.35339563e+00  1.13190310e+00
   -6.69342984e-04 -6.61394023e-03]]

 [[ 1.65710569e-07  4.32918648e-07  2.12006005e-07  2.04010804e-07
    3.12071867e-07  7.11569650e-08  1.86060293e-07  1.21151479e-07
    4.01955197e-07  2.70563906e-07]
  [ 1.04805684e-08  2.54589233e-09  4.00968731e-09  5.64986638e-09
    4.37249895e-09  5.65075244e-09  3.18152959e-09  4.72198624e-09
    2.09785864e-09  3.39608112e-09]
  [-7.68784913e-03 -7.65290513e-03  7.53263487e-01 -6.27382742e-03
   -1.75335732e-03  3.96145215e+00 -1.26425235e-02  1.73551077e+00
   -6.64701728e-03 -9.43803857e-04]]

 [[ 3.85757957e-07  3.76767927e-07  1.09793281e-07  1.54240606e-07
    2.53318997e-07  2.49990143e-07  5.31862625e-07  2.76304176e-07
    3.99360225e-07  4.48888124e-07]
  [ 1.16549356e-09  1.43414393e-09  3.32982192e-09  7.81465633e-09
    1.61782804e-09  4.92649257e-09  1.05911979e-09  2.65290294e-09
    5.38425406e-09  3.22062720e-09]
  [-2.39193489e-03 -6.91258194e-03 -1.30214670e-02 -1.43425528e-02
   -1.42705273e-03  4.43281901e-01 -8.11010223e-03  2.58875536e-01
   -2.92001049e-03 -5.62436009e-03]]

 [[ 3.51726075e-07  9.15984363e-07  1.02661990e-06  5.85631530e-07
    5.00792343e-07  1.30819938e-06  1.74732833e-07  1.24757795e-06
    9.88270866e-07  2.93186218e-06]
  [ 3.23393537e-08  3.09155735e-08  1.76563814e-08  3.10121975e-08
    1.16678082e-08  5.02315576e-09  5.68345446e-08  3.01948218e-08
    1.13849678e-07  2.33090318e-08]
  [ 1.81348693e+00  1.13315888e+00  1.30241394e-01  5.69642864e-01
    7.01417355e-02 -1.11778095e-02 -7.92236461e-03 -2.02794500e-02
   -7.91639666e-03 -1.54349078e-02]]

 [[ 8.00910431e-07  7.88888005e-07  3.40373289e-06  5.51324508e-07
    1.31483872e-06  1.02916750e-06  1.32709320e-06  1.59284119e-06
    8.24425773e-07  7.72527596e-07]
  [ 1.36493746e-08  6.64185846e-09  4.35759755e-08  1.14857765e-08
    2.14458465e-08  1.67693117e-08  9.66173974e-09  4.95885928e-09
    2.64543344e-08  2.23098901e-08]
  [ 5.69739942e+00  7.59537609e-01  3.83702683e-01 -3.82147588e-03
   -8.63473658e-04  7.46916084e-03 -3.29778141e-02 -1.71765469e-02
   -5.81462759e-02 -6.28167425e-03]]

 [[ 1.11842714e-06  3.50291610e-07  1.34934372e-06  6.54170921e-07
    1.04360021e-06  8.53148561e-07  5.57427145e-07  2.08659609e-06
    1.10049669e-06  5.34311660e-07]
  [ 2.42330029e-08  4.61364855e-08  1.62043827e-08  2.41154970e-08
    2.21566675e-08  8.31516964e-09  4.70389515e-08  2.19933332e-08
    3.02044512e-08  1.42297399e-08]
  [ 1.10838258e-02  5.25802396e-01  2.52565985e+00  6.80643465e+00
   -7.91968304e-03  1.07779290e+00 -8.27988491e-03 -8.01264799e-02
   -5.02989284e-04 -5.39846379e-04]]

 [[ 3.50669314e-06  1.20987245e-06  5.09449320e-06  9.10114790e-07
    3.32571777e-06  3.05546809e-06  6.66038791e-06  3.79920874e-06
    5.32702900e-06  2.47018146e-06]
  [ 3.93600881e-08  7.93511768e-08  4.56486910e-08  1.01404001e-07
    5.90838603e-08  1.29247358e-07  1.01347946e-08  3.96259420e-08
    8.00282455e-08  1.98628404e-07]
  [ 1.82758484e+00 -4.33337192e-02 -6.13616547e-03 -2.50552270e-02
   -5.57601196e-03 -8.19038700e-02  2.67536802e+00 -1.35342079e-03
    2.58159470e-01 -1.83864279e-02]]

 [[ 1.27099172e-06  1.02610423e-06  2.79183091e-06  4.69692363e-06
    1.13581972e-06  4.95571267e-06  8.98224548e-07  1.81290472e-06
    2.92326650e-06  3.09549495e-06]
  [ 5.68270096e-08  4.34831516e-08  1.42585326e-07  2.99559906e-08
    1.38323503e-08  8.83320485e-08  4.63773510e-08  9.79681874e-08
    4.55197779e-08  4.10952542e-08]
  [-1.15640718e-02 -1.99549817e-02  5.25802805e-01 -2.59810159e-03
   -2.90267453e-02 -2.29869435e-02 -1.52217185e-03  3.92025691e+00
   -6.49758145e-03  4.43592768e-01]]

 [[ 2.72797467e-06  6.96046243e-06  4.59524457e-06  2.36148780e-06
    9.90258119e-07  2.49695573e-06  9.39905243e-06  2.42786946e-06
    4.51169219e-06  1.87566561e-06]
  [ 6.93631765e-08  9.79900854e-08  6.52294922e-08  1.22003865e-07
    3.70124953e-08  8.47905605e-08  6.82529209e-08  8.27442303e-08
    6.10806984e-08  6.65244826e-08]
  [ 2.58159427e-01 -4.21006518e-03  4.53911703e+00  1.58396216e+01
    3.20950720e+00  2.24640026e+00 -4.02329483e-03  2.41344764e+00
   -2.96571076e-02  4.47799900e-01]]

 [[ 1.16092880e-05  2.82365450e-05  2.67336074e-05  7.21911094e-05
    1.27549111e-05  2.63292089e-06  9.09184117e-06  4.18686597e-06
    3.97403274e-05  1.98177135e-05]
  [ 5.46963441e-08  1.60927262e-07  9.33164511e-08  2.71751920e-07
    6.15218815e-07  1.84037867e-07  3.15477257e-08  3.04567497e-07
    2.11795422e-07  1.99501606e-07]
  [-2.49473078e-04 -4.97774259e-02  6.96165319e-01 -1.07334835e-01
    1.33020841e-01  2.05228941e+00  7.53161074e-01  4.44480662e-01
    3.20831740e-01  6.35158000e-01]]

 [[ 2.94105674e-05  1.82650099e-05  2.88605309e-05  1.71128740e-05
    1.20368778e-05  6.23540998e-06  2.35358922e-05  1.52702665e-05
    1.75426933e-05  3.25888035e-05]
  [ 3.38774337e-07  2.08144428e-07  3.17136518e-08  3.40333925e-07
    4.39162830e-07  1.57892279e-07  1.45416508e-07  3.55034356e-07
    2.74908784e-07  2.57769075e-07]
  [-2.26508812e-02  3.22538536e-01 -3.98352324e-02 -5.74004557e-02
   -1.86663554e-02  2.04490474e+00 -1.93580188e-02  4.44480643e-01
   -5.91423947e-02 -2.70124837e-01]]

 [[ 2.37843216e-05  3.76787396e-05  1.02905478e-05  3.46261798e-05
    1.23697632e-05  2.00330987e-05  2.15247478e-05  4.22706778e-06
    7.82649576e-06  2.05846039e-05]
  [ 1.05067533e-07  4.43613564e-07  5.61482337e-07  9.09770296e-08
    2.35863472e-07  5.53173877e-07  3.88666980e-07  3.56725604e-07
    6.22102433e-07  7.27419155e-08]
  [ 5.12462102e-01  1.38384018e+00  2.58159792e-01  3.82243647e-01
    6.31780917e-01  1.32340158e-01 -1.32281236e-03 -9.22538060e-02
    8.59595686e-03 -4.00304234e-02]]

 [[ 2.42813700e-05  1.38782934e-04  5.67638270e-05  2.64335318e-04
    3.27301034e-05  1.03744596e-04  7.68726657e-05  3.80826166e-05
    2.80814545e-05  4.25232525e-05]
  [ 5.36671911e-07  1.19968973e-06  9.76474485e-07  1.56088347e-06
    1.29448266e-06  1.60878655e-06  8.51376110e-07  6.91465562e-07
    1.15615060e-06  5.31869994e-07]
  [-1.25988540e-01 -1.70366977e-01 -1.51797685e-01 -5.29748923e-02
   -3.62750787e-01 -1.12755277e-02 -8.52892446e-03 -1.19527107e-01
   -8.99559301e-02 -1.96431202e-01]]

 [[ 6.25207357e-05  1.86098426e-04  6.91564308e-05  2.94126043e-05
    2.67089809e-04  7.57124697e-05  6.11250546e-05  2.97761087e-04
    1.34504187e-04  5.74554938e-05]
  [ 5.98982494e-07  4.09912651e-07  2.74060600e-06  4.11796483e-07
    1.12727907e-06  3.77631421e-07  2.07832230e-06  4.49389866e-07
    1.54038288e-06  4.46993375e-06]
  [-3.67063778e-01 -4.39057824e-03 -1.10068473e-01 -3.47893841e-02
   -8.18940410e-02 -1.30495324e-02 -1.74617670e-01 -7.78767299e-02
   -4.86172678e-02 -2.80896340e-01]]

 [[ 2.40566308e-05  1.08711662e-04  1.09776274e-04  2.98477395e-05
    1.20951581e-04  1.77877486e-04  4.57968003e-05  2.81262046e-05
    3.93949121e-05  1.29777941e-04]
  [ 1.30775410e-06  8.92035401e-07  1.94906860e-06  7.48003569e-07
    1.57994500e-06  9.24628401e-07  1.44771466e-06  2.41640162e-06
    9.95180731e-07  2.40092199e-06]
  [-2.77462799e-01 -9.69836377e-02 -4.70235886e-02 -2.03601530e-02
   -2.28474688e-02 -9.19001135e-02 -6.06081119e-02 -2.30986452e-02
   -7.87109430e-02 -1.04286551e-01]]

 [[ 1.90949562e-09  1.04708638e-09  1.40002146e-09  1.60664513e-09
    3.45016753e-10  1.90482343e-09  1.55973069e-09  3.36102383e-09
    4.61720563e-09  3.97783527e-10]
  [ 6.20819719e-12  2.19861850e-11  5.50232677e-11  1.95943432e-11
    1.30678332e-11  2.42729402e-11  9.81849518e-11  1.04861472e-11
    1.39985776e-11  4.17000034e-11]
  [ 8.61755796e-03  1.10838195e-02 -8.29237430e-05  1.81573981e-01
    5.07605986e-01 -1.91581173e-04  3.79519018e-01 -3.50917712e-04
   -1.83496488e-06 -1.36122454e-04]]

 [[ 4.44803178e-10  1.80778796e-09  1.20381229e-09  6.86032522e-10
    5.12264664e-10  1.77416718e-09  9.05429267e-10  9.28741629e-10
    1.25437262e-09  5.29579271e-09]
  [ 3.14911439e-11  9.02135513e-11  1.16230273e-11  1.44175033e-11
    1.40381807e-11  1.78040873e-11  3.58159527e-11  3.50273269e-11
    1.94488522e-11  2.48900479e-11]
  [ 2.61772919e-01  1.40111303e+00 -4.40925045e-04 -2.28084759e-04
    7.01417219e-02 -2.41307602e-04 -5.34031920e-04  7.37561052e-02
    2.23857566e+00  2.13010759e+00]]

 [[ 6.65820794e-10  1.97236681e-09  8.49489543e-10  3.00228583e-10
    4.23600243e-09  1.04595549e-09  8.23605178e-10  4.23987916e-10
    1.11603558e-09  2.74293231e-09]
  [ 3.97415862e-11  7.33313724e-12  6.15044690e-11  1.81721868e-12
    5.16095971e-11  8.64924347e+00  8.37905858e-12  3.46847258e-11
    1.12025680e-11  1.42002597e-11]
  [-1.75341509e-04  9.64415107e-03 -5.59952582e-05 -1.48428070e-05
   -2.90693310e-04 -8.01538606e-04 -8.60345414e-05  5.73227500e-01
   -2.82917963e-04  1.34018003e-01]]

 [[ 1.59806367e-07  3.67303025e-07  9.23140470e-08  3.85599890e-08
    3.19354231e-07  1.06512715e-07  3.13452427e-07  1.21834341e-07
    1.63791499e-07  3.16659200e-07]
  [ 3.63801195e-09  3.08726158e-09  7.92163833e-09  6.12887450e-09
    6.77553569e-09  7.59776161e-09  5.99082880e-09  6.82768627e-09
    1.01320173e-08  2.80167595e-09]
  [-3.64392647e-03  1.35876918e+00 -6.86645314e-03 -7.51609495e-04
    1.63986849e+00  2.16804700e+00 -1.08710865e-02 -1.90915895e-02
   -1.27233260e-02  3.83569738e+00]]

 [[ 5.31586583e-07  2.87495225e-07  2.23591204e-07  3.16307377e-07
    1.36187563e-07  1.32108816e-07  2.28620973e-07  2.60923077e-07
    2.23930619e-07  2.64196225e-07]
  [ 4.38001232e-09  1.10167152e-08  6.87841727e-10  3.89378055e-09
    5.72195520e-09  3.48250656e-09  3.48129402e-09  1.37635531e-09
    3.56353894e-09  7.46291639e-10]
  [-1.96739393e-02  3.85571389e+00  7.58829320e-01 -1.02347503e-02
   -1.53969935e-03 -4.63370387e-03 -3.48971456e-03 -1.43904928e-02
    6.80857518e-02  1.26547809e+00]]

 [[ 1.05684578e-06  2.41997789e-07  3.10424880e-07  5.49570617e-07
    6.31257269e-07  6.97830008e-08  4.35138709e-07  2.44124933e-07
    9.03671852e-08  7.35312601e-07]
  [ 1.60601849e-09  3.85322292e-09  2.80607438e-09  4.31716627e-09
    1.35106918e-08  5.53890477e-09  3.93672975e-09  3.65420398e-09
    3.19430031e-09  1.05669411e-08]
  [ 7.37561121e-02 -1.24588301e-02 -4.01487552e-03 -1.68240015e-02
   -7.49111305e-04  7.22402822e-02 -2.43946343e-02 -4.37542454e-03
    7.37561076e-02 -6.09637050e-03]]

 [[ 5.68405400e-07  2.05209584e-06  1.09868248e-06  1.81819143e-06
    2.30983087e-06  4.21669229e-06  6.25904280e-07  2.63351890e-07
    8.59996623e-06  4.50295909e-07]
  [ 1.33760992e-08  1.49849769e-08  1.17186613e-08  5.11611249e-08
    2.70042089e-08  6.29845072e-09  3.65704585e-08  1.22567063e-08
    2.37432506e-08  3.54852126e-08]
  [ 9.64415694e-03  2.55098866e-01 -4.98606143e-02 -4.40916302e-03
   -5.05251321e-03 -1.39180217e-03  9.00018379e-01 -6.71002419e-03
   -4.25035071e-04 -9.14082037e-05]]

 [[ 1.55382414e-06  1.02703501e-06  7.56543684e-07  3.08928214e-06
    1.11745697e-06  2.90198750e-06  6.20408700e-07  3.10326892e-06
    1.05765955e-06  2.80964581e-06]
  [ 2.83508443e-08  3.40803414e-08  2.34221787e-08  9.42746774e-09
    4.60164004e-08  2.50287269e-08  8.38641824e-08  3.50835664e-08
    1.71216396e-08  6.30148617e-08]
  [-1.35363746e-02 -1.65074147e-02 -4.10345770e-04 -2.74959126e-02
   -1.16869521e-02  2.76065486e+00  5.70719062e-01  9.33642910e-01
   -1.29587972e-02 -4.19042107e-04]]

 [[ 1.00744475e-06  4.79394157e-07  1.47743991e-06  1.81297536e-06
    5.02848682e-07  5.05678238e-07  1.26445323e-06  1.19250449e-06
    2.92139899e-07  6.63821111e-07]
  [ 7.03188374e-08  3.08420423e-08  2.85542185e-08  1.08958735e-08
    4.47310928e-08  1.79057051e-08  1.57258767e-08  1.16100871e-08
    4.00746441e-08  2.23910580e-08]
  [-1.87942308e-02 -1.06808640e-03  7.54539227e-01  3.18931926e-01
    1.61300759e+00  7.22402966e-02 -4.55210221e-02 -1.62183307e-04
    3.20831671e-01 -1.91267279e-02]]

 [[ 2.33582096e-06  2.64298582e-06  9.39502040e-06  3.35117143e-06
    1.73666555e-06  1.78272525e-06  5.50730990e-06  8.74418390e-07
    3.85905809e-07  1.67020451e-06]
  [ 2.33278444e-08  8.55144489e-08  4.94566990e-08  2.07905862e-08
    4.38380259e-08  3.68100986e-08  2.23191669e-08  8.95304022e-08
    1.60956103e-07  7.31191414e-08]
  [-2.86263200e-02 -2.07045143e-02 -6.61772773e-03 -1.14402052e-02
   -3.90662714e-02 -4.19480803e-04 -1.19897398e-02  1.49577287e+00
   -1.16000658e-02  1.74677383e+00]]

 [[ 2.31379657e-06  2.90746477e-06  1.66406226e-06  1.23158673e-06
    2.84608935e-06  2.69623759e-06  2.28289325e-07  1.76961318e-06
    4.11306589e-06  2.61477081e-06]
  [ 2.31806179e-08  4.87121544e-08  3.53933225e-08  6.70515960e-08
    5.57366311e-08  2.71226905e-08  3.09049301e-07  1.20061653e-07
    1.44680456e-07  8.00844490e-08]
  [ 1.26091595e+00 -5.86058698e-02 -4.94937931e-03 -8.21671377e-02
   -5.96203613e-03 -4.63788318e-02 -3.22490485e-02  1.96205754e-01
    1.11943417e+00  1.34528987e-01]]

 [[ 5.29321415e-06  1.68617288e-06  3.17672641e-06  1.48610770e-06
    3.67651737e-06  4.56490760e-06  1.51629354e-06  1.93856447e-06
    1.74522517e-06  2.88492412e-06]
  [ 5.49068507e-08  2.08240945e-08  1.96887506e-08  5.53128579e-08
    3.36722407e-08  7.75100553e-08  4.35257637e-08  2.07487478e-08
    6.45703680e-08  1.81016588e-07]
  [ 4.14806151e+00 -1.52770575e-02 -1.03401965e-02 -1.03271051e-01
    1.65040307e+00 -5.35463165e-03 -2.30218277e-04 -5.22676388e-03
   -8.08740006e-03 -8.87595015e-02]]

 [[ 2.30405269e-05  1.48567049e-05  3.99723552e-06  7.29640302e-06
    2.40581727e-05  1.10290380e-05  2.40806600e-06  1.18353273e-05
    8.98759520e-06  1.12236298e-05]
  [ 3.28261641e-07  1.26070709e-07  2.93823901e-07  5.87369139e-08
    6.08103545e-07  1.78094917e-07  1.57856703e-07  4.56683609e-07
    3.93341321e-07  5.82601588e-07]
  [ 6.80857685e-02 -1.53156254e-01 -3.88962024e-02 -3.31398772e-03
    1.45959211e-03 -3.62150775e-02 -1.74739035e-02  1.35954428e-01
   -3.31310843e-02 -1.20735992e-03]]

 [[ 1.09752377e-05  2.84599051e-05  8.72933037e-06  4.64586860e-05
    5.73368381e-06  9.79395145e-06  3.33935084e-05  1.46710752e-05
    2.93818293e-05  1.29336482e-05]
  [ 1.75537423e-07  2.82085499e-07  3.16164071e-07  5.09584517e-07
    1.57091869e-07  6.32066438e-07  2.07905704e-07  9.41197423e-08
    1.03338003e-07  3.17030307e-07]
  [ 1.92911210e-01 -8.98386829e-03 -5.38539346e-03 -4.64864062e-02
   -1.67306355e-02 -2.15565087e-03 -1.05487043e-01  1.33779354e-01
    1.95848017e-01 -3.61214619e-02]]

 [[ 1.90209793e-05  3.19653179e-06  1.15228975e-05  6.38821344e-06
    5.11248504e-05  2.99436524e-05  2.56545025e-05  1.03963866e-05
    5.85494995e-06  3.79324010e-05]
  [ 3.11129015e-07  2.30036995e-07  2.64486764e-07  1.53327242e-07
    4.64978249e-07  1.23455181e-07  1.04294029e-07  7.50054896e-08
    6.97164923e-07  9.24585319e-08]
  [-1.32713015e-02  7.01417440e-02 -3.83064378e-02 -6.23948544e-02
   -1.79701330e-02 -8.81557161e-02 -4.61407104e-03 -3.76144429e-02
   -7.83372734e-02 -4.21366459e-03]]

 [[ 1.67332812e-04  3.37472112e-04  9.53815803e-05  1.66844650e-04
    1.69150499e-04  2.62177473e-05  5.22082365e-05  8.88350858e-05
    3.18589573e-05  2.01398244e-04]
  [ 1.56002009e-06  2.14986770e-06  9.66439896e-07  2.28305677e-07
    3.54076767e-06  1.06276461e-06  1.60551162e-06  1.41661361e-06
    2.29381095e-06  1.27497349e-06]
  [-2.53500084e-02 -2.42396593e-01 -1.06496782e-01 -6.92918403e-02
   -1.98613323e-02 -5.25130743e-02 -8.67068702e-02 -4.06306796e-02
   -1.09730378e-01 -8.65223612e-02]]

 [[ 4.41890058e-05  5.66857953e-05  3.94358937e-04  4.81503305e-05
    7.58963773e-05  1.39185350e-04  1.82633206e-04  1.55498330e-04
    8.46341066e-05  3.45121997e-05]
  [ 1.19760486e-06  1.67323878e-06  8.69147691e-07  4.56099831e-07
    2.97357291e-06  7.32070678e-07  1.61680775e-06  3.34729228e-06
    2.51885119e-06  1.78400471e-06]
  [-6.14226185e-02 -2.67810884e-03 -6.06358957e-02 -4.22935670e-02
   -1.58578576e-01 -4.10201321e-01 -2.22578621e-01 -4.19861752e-02
   -1.24400637e-01 -4.80864737e-02]]

 [[ 3.47661820e-05  9.22919366e-05  1.31213130e-04  1.07737712e-04
    2.19658986e-04  2.31332991e-04  7.46943988e-05  5.59166387e-05
    5.67467017e-05  7.58741953e-05]
  [ 4.91209753e-07  2.01877300e-06  4.16499780e-07  4.28458145e-06
    6.84092872e-07  3.44589118e-06  8.01890794e-07  3.84881812e-06
    7.70122698e-07  9.80248189e-07]
  [-9.02835959e-02 -2.86969038e-02 -4.04331310e-02 -5.23761358e-02
   -4.05566704e-04 -7.02885130e-02 -2.61448898e-02 -9.72979079e-02
   -3.39423127e-02 -8.29875309e-02]]

 [[ 4.57338219e-09  1.48807822e-09  1.93505308e-09  3.88761530e-09
    4.54000384e-10  4.93759072e-10  3.30031279e-09  1.08894933e-09
    4.42130708e-10  1.15651344e-09]
  [ 2.89854684e-11  3.87327407e-11  1.39347015e-11  6.49722954e+00
    2.63650010e-11  1.92965647e-11  1.00921262e-09  2.29040863e-11
    1.25926525e-11  3.74140430e-11]
  [-4.32995644e-05 -6.37570949e-04  7.88182388e+00 -5.28497540e-04
    7.12972354e+00 -3.66320620e-04  3.84697117e-01  5.25802371e-01
   -7.02899548e-05 -4.14691759e-05]]

 [[ 2.09103526e+02  1.01377898e+04  9.71876000e-10  9.40155349e-10
    2.57434071e+03  3.41524807e-09  2.88165397e-09  8.16967547e-10
    4.52155544e-10  3.98499248e-10]
  [ 2.72654948e-11  5.86995025e-11  1.93892729e-09  2.21717927e-11
    5.96210246e-12  3.06847094e+01  1.29937057e-11  1.06635055e-10
    2.69201961e-11  1.30272698e-11]
  [ 1.11832992e+00 -6.95574510e-04  8.10479558e-01 -5.11568747e-03
    1.52441147e-01  1.92913331e+00  5.25802371e-01 -1.09788343e-03
    1.10838195e-02  1.49981101e+00]]

 [[ 1.00847842e-08  6.64862646e-10  1.30775601e-09  6.60954212e-10
    8.41949537e-10  6.30016408e-10  2.72738929e-09  9.06595422e-09
    1.23620577e-09  3.34895925e-09]
  [ 4.78589291e-11  1.30469471e+00  4.75391583e-11  6.67174889e-12
    1.95933193e-11  4.24473079e-11  1.74816480e-11  1.40752040e-11
    8.76682815e-11  2.06606034e-11]
  [ 3.96145214e+00 -3.30206713e-04  2.49077259e+00  3.82640775e+00
    5.39044915e+00  3.24060778e-01 -2.96874929e-05  1.92911164e-01
   -8.57358299e-05  2.07866409e+00]]

 [[ 3.49501037e-07  2.32465658e-07  2.22930098e-07  3.09939473e-07
    1.02006855e-07  3.93814905e-07  9.05122915e-08  1.20226237e-07
    1.70427356e-07  6.88246458e-08]
  [ 4.13478327e-09  6.46583708e-10  5.33399760e-10  2.05732420e-09
    1.74632680e-09  2.26326460e-09  9.41143985e-10  4.94883647e-09
    1.43973803e-09  9.94268488e-09]
  [-4.35923379e-02  5.55289555e-02  6.30391640e-01  6.24224654e-01
   -1.67402866e-02  5.25802374e-01  4.06103884e+00  3.86810047e-01
   -5.85784010e-03 -6.03096866e-03]]

 [[ 4.32486563e-07  5.08934709e-07  2.26749716e-07  4.82955969e-07
    7.32531494e-08  1.63208735e-07  1.56071114e-07  3.78997277e-07
    1.40865905e-07  2.93861845e-07]
  [ 3.07183622e-09  3.28810898e-09  3.66629142e-09  5.29018443e-09
    2.23444712e-09  6.60123976e-09  3.91830690e-09  8.02238919e-09
    9.07681164e-09  5.25657973e-09]
  [ 3.36399521e+00  1.32339942e-01 -4.19175437e-03  2.59961724e-01
   -3.74225208e-03  1.87780087e+00 -2.41943837e-03  7.28858099e-01
    1.81176596e+00 -1.13474823e-03]]

 [[ 3.13505654e-07  9.05316049e-08  8.39898335e-08  2.00697719e-07
    3.15157210e-08  1.77290941e-07  1.60459829e-07  1.84425138e-07
    1.57103517e-07  2.83939705e-07]
  [ 5.97423768e-09  1.46355451e-09  2.07528132e-09  4.83937207e-09
    5.13703559e-09  9.26034179e-09  1.62526011e-09  1.01287734e-08
    3.87886035e-09  3.39532118e-09]
  [ 2.49127508e+00 -1.10633581e-04  7.46916200e-03  7.01417229e-02
    7.01417221e-02 -1.13623481e-02 -5.43691989e-03 -1.59067843e-03
    4.77239425e+00  5.63044690e+00]]

 [[ 2.50953156e-07  1.78622948e-06  3.85756454e-07  1.00081785e-06
    6.50489831e-07  7.01105092e-07  1.68497680e-06  6.81623427e-07
    1.73255963e-06  2.67041182e-06]
  [ 1.72129561e-08  2.12635538e-08  1.29196344e-08  1.26254683e-08
    5.04803634e-09  1.41235934e-08  1.70835351e-08  5.03230378e-08
    1.92885806e-08  2.00200675e-08]
  [-7.10233881e-04 -6.29181533e-03 -2.09436203e-03  4.39786761e+00
   -2.82794689e-02  1.74444829e+00  2.36032478e+00 -5.20557940e-03
   -7.14963346e-04  1.10838271e-02]]

 [[ 6.62747064e-07  3.69996512e-07  1.56780477e-06  1.39314095e-06
    5.19231835e-06  1.16867427e-06  1.51402260e-06  5.25840710e-07
    3.13452802e-07  7.67512118e-07]
  [ 4.96423857e-09  1.16654959e-08  1.80081996e-08  1.34672260e-08
    1.12490567e-08  5.49023945e-09  1.35995869e-08  3.16154857e-08
    1.24765164e-08  2.48715683e-08]
  [-4.32828194e-03  5.25802372e-01 -3.71992707e-04  2.59299340e-01
    9.64415787e-03  1.33750885e+00 -4.93270939e-02 -4.50545261e-02
    2.74625347e+00 -5.94453126e-03]]

 [[ 5.04698983e-07  1.18973223e-06  4.60951259e-07  5.30302306e-07
    2.14460773e-07  7.07005139e-07  3.62874884e-07  1.28764701e-06
    4.28955654e-07  1.08468828e-06]
  [ 4.83718096e-09  1.38458237e-08  1.40014365e-08  1.76732956e-08
    8.65122360e-09  2.10555960e-08  1.06432518e-08  1.89184208e-08
    1.65750271e-08  3.38942024e-08]
  [-7.02488647e-03 -2.83386138e-03  7.46917019e-03  8.75221572e-01
    3.21373578e+00 -1.01914314e-02  2.74494055e+00 -1.63540440e-02
   -2.74338397e-04 -7.68567608e-03]]

 [[ 1.70499732e-06  9.96140221e-07  3.54050951e-07  3.00667807e-06
    2.28151236e-07  5.18708843e-06  1.07893067e-06  2.34453976e-06
    1.05321147e-06  1.63445445e-06]
  [ 4.69718589e-08  5.20122095e-08  2.11938904e-08  1.80939963e-08
    2.18078388e-08  4.55488889e-08  8.85878100e-08  1.54855377e-07
    6.42025294e-08  2.27334189e-08]
  [ 2.85424937e+00 -1.23460570e-02 -2.59518177e-03  2.30875692e+00
   -3.81569985e-02 -9.45396012e-02 -1.29380567e-02  9.45101744e-01
    7.01417804e-02 -4.71255193e-02]]

 [[ 1.93268623e-06  1.78623108e-06  1.99883207e-06  2.26361269e-06
    7.67161443e-07  2.31821739e-06  3.06661273e-06  1.06449743e-06
    2.10430255e-06  2.54522027e-06]
  [ 5.63410555e-08  1.75620715e-08  7.16265391e-08  3.79981656e-08
    4.39333545e-08  6.88090791e-08  5.21817105e-08  8.63303072e-08
    5.58045507e-08  4.95880379e-08]
  [-5.39086152e-02 -2.54980004e-02 -4.01450775e-02  1.58940606e+00
   -3.21466234e-04 -1.37968636e-04 -9.87389181e-03 -1.21474475e-02
   -3.17734981e-02  5.69611203e-01]]

 [[ 1.19266995e-06  3.75733562e-06  3.27716211e-06  1.30195132e-06
    4.81402012e-06  3.74261680e-06  3.32731053e-06  1.17550104e-06
    6.22954806e-07  1.35958735e-06]
  [ 2.33212682e-08  5.33171891e-08  3.40391302e-08  4.91357002e-08
    1.74716563e-08  2.20214314e-08  5.15718594e-08  1.26816884e-08
    3.81693000e-08  3.55962198e-08]
  [ 1.57915151e+00  1.34912559e-01  5.72155174e-01 -1.69642675e-02
    8.25748636e-01 -1.17623873e-01 -2.75054621e-02 -2.57148859e-03
   -8.31854630e-02  1.10838679e-02]]

 [[ 1.06457118e-05  2.08950909e-05  2.23757568e-05  1.01054892e-05
    1.34244845e-06  4.32911469e-05  1.01103493e-05  5.63322189e-05
    1.64215975e-05  1.60284811e-05]
  [ 5.43341180e-07  1.39986132e-07  6.97380682e-08  1.92502304e-07
    2.48481953e-07  1.78323774e-07  2.92624018e-07  3.25213641e-07
    2.22521624e-07  7.13297624e-08]
  [-1.06025898e-02  1.13727822e+00 -1.44537658e-02  1.46164671e+00
   -3.62464983e-02 -9.04385252e-03 -4.93827548e-02 -5.78498881e-02
   -6.37282964e-03  3.20901617e+00]]

 [[ 1.18764019e-05  1.12220051e-05  2.83233583e-05  1.37785799e-05
    1.54813340e-05  1.13453376e-05  4.05057580e-05  1.90610872e-05
    7.69891206e-06  6.88835913e-06]
  [ 7.32755444e-07  1.72494218e-07  1.53106232e-07  1.79454986e-07
    1.14389107e-07  2.91690537e-07  3.42585244e-07  1.55795510e-07
    1.06127878e-06  2.33116138e-07]
  [-1.23048097e-02  2.58036183e-01 -6.85840002e-02 -4.20472549e-02
    6.32291761e-01  7.46916560e-03  3.81000469e-01 -2.21801239e-02
    2.24598297e+00 -2.69393945e-02]]

 [[ 2.29790711e-05  1.87913136e-05  6.11205525e-06  1.47207294e-05
    5.10419691e-06  1.05410512e-05  5.24684781e-06  3.28543457e-05
    2.17414848e-05  1.22559480e-05]
  [ 1.31306606e-07  2.43510104e-07  2.20179229e-07  1.96575109e-07
    1.84631201e-07  2.17331265e-07  2.35203625e-07  2.45440623e-07
    3.31982071e-08  1.08867638e-07]
  [ 7.76801240e-01  3.18841537e-01  7.01417891e-02  1.51250091e+00
    1.10838488e-02 -2.82400944e-02 -3.94906762e-01 -8.26139479e-02
   -3.06792017e-02 -1.83921409e-02]]

 [[ 7.35906127e-05  9.56057955e-05  1.16770806e-04  3.78106889e-05
    1.80646752e-04  8.30006770e-05  6.97442628e-05  3.00652385e-05
    3.43832372e-05  4.70245462e-05]
  [ 3.93299339e-06  9.14034060e-07  1.33428663e-06  1.72391740e-06
    6.28682679e-07  9.13478581e-07  6.23669252e-07  3.64083482e-07
    7.18193181e-07  1.34777207e-06]
  [-7.43379955e-02 -2.01705908e-02 -1.11193034e-01 -2.76624630e-01
   -1.95988266e-02 -3.82314815e-02 -2.03165465e-02 -1.91442923e-01
   -7.31703597e-02 -3.70165761e-02]]

 [[ 8.62294488e-05  3.14932777e-04  5.24957305e-05  1.85892614e-05
    4.50605103e-05  5.10332037e-05  1.67957526e-04  6.29272415e-05
    1.08018217e-04  8.75887855e-05]
  [ 3.21942609e-07  7.91579930e-07  1.01191014e-06  6.23040337e-07
    7.30565035e-07  3.30385147e-06  3.62513467e-07  2.21192829e-06
    2.21615051e-06  1.25195222e-06]
  [-1.99939338e-02 -1.49760181e-01 -4.50962087e-01 -6.14654717e-02
   -1.92322695e-01 -1.68922908e-01 -6.63733087e-02 -6.32858603e-02
   -1.67361312e-02 -5.45021879e-02]]

 [[ 3.46916315e-05  9.23507748e-05  8.11159069e-05  6.67095112e-05
    6.78151959e-05  1.12279050e-04  4.07901523e-04  2.22154807e-04
    2.71958377e-05  6.90301425e-05]
  [ 3.47040662e-06  8.41076091e-07  2.60522963e-06  3.94414604e-07
    5.18930497e-06  7.77144196e-07  2.38976768e-06  8.85490766e-07
    6.22018091e-06  1.65218719e-06]
  [-1.29880848e-01 -5.84222616e-02 -1.07517158e-01 -8.18449875e-03
   -1.27263738e-02 -4.12789767e-02 -1.36136010e-01 -1.11470396e-01
   -1.07708703e-02 -3.05152476e-01]]

 [[ 3.98755611e-10  6.94814444e-09  6.89729489e-09  2.61449014e+02
    8.17483861e-10  1.49104482e-09  2.92677112e-10  8.64403403e-10
    1.65134166e-09  1.51091835e-09]
  [ 1.89453651e-11  1.51915580e-11  1.30038179e-10  1.60781714e-10
    1.08594801e-11  9.91417609e-12  7.25145179e-11  7.67222605e-12
    6.35476272e-12  7.84972388e-11]
  [ 1.30755600e-01  2.24149988e+00 -5.43304772e-04 -9.75077035e-06
    2.17014899e+00 -5.70836468e-05 -1.31020854e-04 -1.37954458e-06
    7.76801077e-01 -1.15817860e-04]]

 [[ 9.13590310e-10  4.64502235e-09  4.50902223e-09  6.90220401e-10
    1.54547456e-09  2.41424373e-09  8.99630213e-10  1.90220270e-09
    3.46545731e-10  6.45800839e-09]
  [ 1.05508344e-11  2.98193973e-11  1.41675706e-11  7.40244643e-12
    4.89421309e-11  2.25120587e-11  3.39415468e-11  1.21970254e-11
    2.50705881e-11  2.10842655e-11]
  [-6.85926235e-04 -2.40185950e-04  5.88552049e-01 -3.00668387e-04
   -3.28761434e-04 -5.05268359e-06  5.13231639e-01 -7.67871794e-05
   -2.77269719e-04 -5.72861637e-04]]

 [[ 1.00491220e-09  1.76539991e-10  3.14799233e-10  9.06265895e-10
    2.10708011e-09  1.65508791e+00  1.45211926e-09  4.33861526e-10
    4.46528308e-10  1.90719016e-09]
  [ 1.74760585e-11  1.08978270e-11  1.31857784e-11  1.01462443e-11
    1.17463733e-11  1.49883389e-11  6.22221961e-12  1.87932902e-11
    6.00502870e-12  1.45919773e-11]
  [ 1.69502554e+00 -2.15905706e-04 -1.78329936e-05 -3.62385489e-04
    1.61893875e+00 -9.29169111e-05 -1.69619928e-04 -2.57387850e-04
   -1.62926962e-04 -1.83787247e-04]]

 [[ 1.37897713e-07  2.85619959e-07  1.45653348e-07  1.00697120e-07
    1.75760752e-07  7.40702597e-07  5.08797943e-07  4.77006090e-07
    1.10503829e-07  3.57997030e-07]
  [ 2.04909802e-09  8.48248123e-09  5.06421032e-09  1.13058446e-09
    3.22600050e-09  3.16000334e-09  9.35806092e-10  8.35965832e-10
    2.57119921e-09  2.87450066e-09]
  [-1.82369253e-03 -1.79038937e-04 -7.13920089e-03 -1.33942927e-03
   -1.89178830e-03 -4.34496125e-03 -5.16222376e-03 -1.33011438e-02
    3.24060783e-01  5.62140417e+00]]

 [[ 1.18237488e-07  4.44761788e-07  1.10738944e-07  4.35626811e-07
    3.15517237e-08  3.74441495e-07  6.38994565e-08  1.32873700e-07
    2.11571512e-07  1.27262720e-07]
  [ 2.14411376e-09  3.78666438e-09  9.63046556e-09  1.55374840e-09
    3.21650878e-09  2.44533935e-09  4.49074030e-09  5.22562585e-09
    2.27494168e-09  8.26164643e-09]
  [-8.87808125e-03  3.18931874e-01  2.85471281e+00 -6.32217433e-03
   -4.08730286e-03  1.42095778e+00  5.75057823e-01  5.07406776e-01
   -2.47172532e-02  1.61545874e+00]]

 [[ 1.51383334e-07  3.67008454e-08  1.01426850e-07  1.74152896e-07
    9.97128019e-08  6.68815667e-08  2.85645141e-07  2.21775575e-07
    1.49879048e-07  1.06421910e-07]
  [ 1.18814663e-09  4.28485411e-09  1.88629816e-09  4.38846274e-09
    1.25784903e-09  4.13091392e-09  3.59595530e-09  6.70309614e-10
    1.54512165e-09  2.92946092e-09]
  [-5.63118559e-03 -2.39954027e-02  3.21947230e+00 -1.37960762e-02
   -2.88375185e-04  2.59267221e-01  3.76289622e-01 -1.42826502e-03
    8.22103449e-01 -3.63421869e-06]]

 [[ 9.84799876e-07  2.53926159e-06  1.05164505e-06  1.57934668e-06
    7.66051545e-07  9.75709750e-07  3.33206053e-07  1.13567775e-06
    2.48751193e-06  1.64364902e-06]
  [ 7.13846457e-09  1.10296110e-08  1.95686192e-08  2.31712665e-08
    7.46081301e-09  1.64826188e-08  4.90905974e-08  1.04360660e-08
    4.24957587e-08  1.34937307e-08]
  [-2.98340986e-03 -6.49889364e-03  7.01417379e-02  1.34912565e-01
    7.18591177e-02 -1.06647043e-02  7.46917304e-03 -5.52110801e-03
   -3.63132485e-05 -4.02969960e-03]]

 [[ 9.51816217e-07  7.19516314e-07  1.39190238e-06  1.33539130e-06
    5.31298613e-07  1.67402701e-06  1.58175046e-06  3.59474444e-07
    6.70622180e-07  3.87147087e-07]
  [ 1.63475717e-08  2.32789281e-08  1.99184377e-08  1.76223987e-08
    1.09453930e-08  1.11002903e-08  3.93843150e-09  4.54580386e-08
    8.61420971e-09  7.30065967e-09]
  [-3.71538169e-03 -3.00085367e-02 -2.46416987e-02 -1.48560744e-03
   -6.02270727e-03 -5.38778145e-03 -3.97243496e-02  5.63566568e-01
    1.32670016e+00 -1.61213999e-02]]

 [[ 1.60542275e-06  5.71131586e-07  8.36250646e-07  5.85697464e-07
    4.60905291e-07  2.42531741e-07  6.38652774e-07  2.41819053e-06
    6.57556843e-07  2.96614032e-06]
  [ 7.95528634e-09  3.33405500e-08  3.86773675e-08  8.76909498e-09
    2.12129030e-08  9.56182129e-09  3.63526385e-08  8.70441108e-09
    1.52612307e-08  1.42087557e-08]
  [ 8.88021665e-01 -4.86416968e-03  2.85424938e+00 -3.29452460e-02
    8.59589712e-03 -9.12084928e-03 -1.26158717e-03 -2.27944604e-02
   -7.44259751e-03  3.20831657e-01]]

 [[ 4.64333927e-06  5.28397630e-06  1.40603483e-06  1.33257686e-06
    1.21776262e-06  1.82664840e-06  1.46640393e-06  2.27797848e-06
    8.47281859e-07  5.06365796e-06]
  [ 3.46844157e-08  1.29152703e-07  7.13370414e-08  3.75142316e-08
    2.32305306e-08  5.10355695e-08  1.09572141e-07  4.34080283e-08
    8.10640071e-08  6.07944533e-08]
  [-1.95131555e-02 -6.07700387e-03 -6.52643701e-02  8.14759364e-01
   -9.57285568e-03 -1.69459327e-02 -2.14053643e-02 -2.95730148e-02
   -1.91285923e-02  4.43592778e-01]]]