[[[5.70e+02 6.37e+04 3.86e+03 2.31e-09 2.23e+03 5.32e+03 2.79e+03
   2.75e+01 1.61e+04 1.20e+03]
  [1.01e-11 7.74e-11 3.91e+02 9.57e-11 1.66e+01 4.87e+01 2.81e+00
   4.90e+00 9.76e-10 4.18e+00]
  [3.36e-03 5.34e+00 -2.31e-05 -7.22e-07 4.58e+00 -1.88e-04 -3.79e-04
   1.35e-01 1.97e-03 3.71e-01]]

 [[2.57e+03 2.83e-08 2.56e-08 8.26e+01 2.49e+03 4.50e+03 1.39e+04
   6.98e+04 1.09e+04 3.21e+04]
  [1.13e+02 5.21e+02 5.15e+02 2.00e+02 3.42e-10 5.07e-11 8.61e-11
   3.38e+01 9.41e-10 1.20e+01]
  [-1.36e-04 3.21e-01 8.60e+00 -3.27e-05 1.01e+00 7.01e-02 5.78e-01
   9.51e-01 2.53e-01 -3.17e-05]]

 [[5.58e-09 3.26e+03 8.45e+03 3.40e+02 3.40e-07 2.64e+02 1.22e+03
   5.26e+04 2.67e+04 3.84e+04]
  [8.20e-09 4.03e+01 4.44e+01 1.83e-10 2.46e+02 1.55e+02 9.49e+01
   3.62e+02 3.76e+00 4.63e+02]
  [-7.06e-04 2.92e+00 1.51e+00 3.21e-01 5.74e-02 7.38e-02 1.35e-01
   2.55e+00 1.01e+00 5.78e-01]]

 [[6.88e-07 1.15e-06 4.21e-07 3.95e-07 5.01e-07 5.28e-07 5.67e-07
   5.79e-07 1.85e-07 8.81e-07]
  [4.12e-09 2.31e-08 3.62e-08 7.27e-09 1.49e-09 2.46e-08 3.82e-09
   7.13e-09 1.33e-08 1.97e-08]
  [5.95e+00 -5.00e-03 7.22e-02 5.75e-01 -4.17e-03 2.37e+00 2.62e-01
   -2.18e-03 -2.45e-03 -1.66e-02]]

 [[6.07e-07 4.27e-07 3.14e-07 9.29e-07 7.52e-07 5.80e-07 6.43e-07
   6.21e-07 7.11e-07 1.17e-07]
  [1.53e-08 6.43e-09 2.11e-09 1.81e-08 6.93e-09 2.07e-08 6.86e-09
   1.11e-08 7.61e-09 1.89e-08]
  [2.55e-01 -8.02e-03 6.99e-01 1.06e+00 6.81e-02 -4.30e-02 -2.45e-02
   -5.40e-03 -6.70e-03 -6.17e-04]]

 [[6.03e-07 3.69e-07 3.74e-07 1.40e-06 2.32e-06 2.53e-07 4.08e-07
   1.11e-06 1.05e-06 3.92e-07]
  [2.29e-09 1.37e-08 8.97e-09 2.51e-08 5.45e-09 7.23e-09 2.87e-08
   5.52e-09 2.68e-08 2.57e-08]
  [-1.30e-03 -5.86e-03 2.62e-01 8.39e-01 -1.20e-03 -2.25e-02 1.34e-01
   3.01e+00 -3.78e-03 -7.30e-03]]

 [[7.29e-06 1.73e-06 2.93e-06 1.04e-06 1.19e-06 7.21e-06 2.43e-06
   2.33e-06 3.46e-06 2.88e-06]
  [2.73e-08 7.25e-09 2.51e-08 6.06e-08 5.49e-08 5.06e-08 3.70e-08
   9.67e-08 1.20e-07 6.94e-08]
  [-2.42e-02 4.41e+00 1.83e+00 -2.42e-02 5.78e-01 -1.30e-02 -1.27e-03
   2.56e+00 -3.37e-03 -3.40e-03]]

 [[3.02e-06 4.70e-06 3.07e-06 3.86e-06 3.07e-06 4.20e-06 5.15e-06
   4.46e-06 5.19e-06 1.76e-06]
  [9.11e-08 1.96e-08 5.32e-08 3.28e-08 1.55e-07 8.14e-08 1.21e-07
   1.17e-08 4.66e-08 5.52e-08]
  [-1.67e-02 6.36e-01 -1.19e-02 -1.38e-02 -3.79e-02 -7.20e-03 -1.14e-02
   -4.03e-02 1.55e+00 1.56e+00]]

 [[5.47e-06 1.07e-06 4.36e-06 1.37e-06 3.09e-06 1.37e-06 3.90e-06
   3.19e-06 3.73e-06 3.32e-06]
  [9.28e-08 4.26e-08 6.58e-08 7.87e-08 4.95e-08 4.88e-08 8.03e-09
   1.15e-07 1.58e-07 2.14e-08]
  [-8.19e-03 -1.45e-03 2.33e+00 1.97e-01 -3.27e-04 -3.02e-02 -5.62e-03
   -2.20e-02 -5.11e-01 3.57e+00]]

 [[1.41e-05 8.48e-06 5.53e-06 8.17e-06 1.08e-05 1.50e-05 1.05e-05
   8.65e-06 7.08e-06 1.83e-05]
  [1.50e-07 1.85e-07 1.63e-07 4.25e-08 4.33e-07 4.69e-08 2.52e-07
   6.60e-08 4.72e-08 9.93e-08]
  [3.10e+00 -4.35e-02 7.19e-02 -3.18e-02 -6.04e-03 3.91e+00 -2.88e-02
   -5.52e-02 -2.84e-02 1.51e+00]]

 [[2.48e-06 2.86e-05 3.42e-06 7.07e-07 3.48e-06 3.15e-05 1.18e-05
   1.38e-05 1.01e-05 2.15e-05]
  [2.55e-08 1.97e-07 8.19e-08 1.39e-07 7.28e-08 4.36e-08 1.52e-07
   2.39e-07 8.64e-08 2.28e-07]
  [-8.86e-02 -5.79e-02 -2.65e-02 5.71e-01 2.49e+00 -7.16e-02 -1.32e-02
   -7.40e-03 4.15e+00 7.47e-03]]

 [[3.04e-05 1.20e-05 3.05e-05 2.14e-06 5.23e-06 7.85e-06 5.26e-06
   1.25e-05 3.70e-06 4.37e-06]
  [7.90e-08 3.58e-07 2.06e-07 9.98e-08 7.38e-08 3.97e-08 1.24e-07
   3.39e-07 9.55e-08 1.95e-07]
  [-2.31e-02 -1.65e-02 4.43e-01 -4.80e-03 1.71e+00 2.12e+00 -1.16e-02
   1.90e-01 -4.12e-03 3.14e+00]]

 [[3.97e-05 1.38e-04 4.66e-05 4.10e-05 8.55e-06 2.94e-05 9.40e-05
   4.66e-05 4.85e-05 1.84e-04]
  [1.38e-06 5.78e-07 8.00e-07 9.34e-07 8.49e-07 4.09e-07 3.13e-07
   1.13e-06 1.12e-06 8.64e-07]
  [-1.22e-01 -2.55e-02 5.74e-01 -1.94e-02 -8.21e-02 1.81e+00 2.06e+00
   -8.62e-03 -6.23e-02 4.47e-01]]

 [[3.82e-05 4.99e-05 3.72e-05 5.51e-05 6.67e-05 6.28e-05 3.15e-05
   3.02e-05 8.71e-05 8.69e-05]
  [2.15e-07 1.24e-06 8.20e-07 4.15e-07 2.80e-07 1.14e-06 4.44e-07
   1.40e-06 5.25e-07 8.57e-07]
  [-3.00e-02 -1.43e-01 -4.37e-02 -1.21e-02 -9.32e-03 2.62e-01 -8.06e-02
   -1.18e-01 -1.28e-01 1.93e+00]]

 [[1.68e-05 2.94e-05 4.00e-05 5.55e-05 3.52e-05 1.94e-05 4.57e-05
   5.99e-05 3.89e-05 4.12e-05]
  [1.22e-06 4.84e-07 2.66e-06 5.78e-07 3.51e-07 3.97e-08 4.77e-07
   2.33e-07 1.04e-06 1.00e-06]
  [2.57e-01 -1.86e-03 -1.70e-02 -8.37e-02 -3.90e-02 8.85e-01 -9.57e-03
   -5.81e-02 7.57e-01 6.35e-01]]

 [[1.62e-04 1.22e-04 3.23e-04 3.22e-04 3.36e-04 8.75e-04 1.60e-04
   4.70e-04 1.87e-04 2.79e-05]
  [4.34e-06 3.44e-06 2.45e-06 4.69e-06 9.45e-06 1.45e-05 9.95e-06
   9.52e-06 3.05e-06 3.52e-06]
  [-1.34e-01 -1.66e-02 -1.77e-02 -2.38e-01 -1.14e-01 -1.75e-01 -1.92e-01
   -1.65e-01 -2.10e-02 -2.32e-02]]

 [[4.35e-04 2.54e-04 1.23e-04 2.26e-04 1.67e-04 1.65e-04 3.88e-04
   2.05e-04 3.16e-04 1.22e-04]
  [4.19e-06 5.40e-06 2.23e-06 2.94e-06 4.52e-06 1.19e-06 3.95e-06
   8.28e-06 1.69e-06 5.79e-06]
  [-4.76e-01 -2.01e-01 -1.23e-01 -4.32e-02 -5.73e-03 -2.06e-01 -9.20e-02
   -4.26e-02 -1.66e-02 -2.27e-01]]

 [[2.96e-04 5.34e-04 2.75e-04 2.34e-04 1.05e-03 1.76e-04 3.52e-04
   2.31e-04 1.66e-04 8.51e-04]
  [8.88e-06 3.63e-06 4.74e-06 6.17e-06 1.06e-05 7.45e-06 4.47e-06
   2.89e-06 4.38e-06 1.34e-05]
  [-1.59e-01 -4.62e-02 -3.81e-02 -4.70e-02 -8.68e-02 -3.18e-02 -1.90e-01
   -2.30e-02 -3.38e-02 -9.76e-02]]

 [[2.35e+04 2.77e+03 1.45e-07 1.20e+04 3.11e+02 2.22e+02 1.49e-09
   2.02e+03 3.41e+03 6.56e+02]
  [5.36e+00 6.00e-11 6.51e+01 3.38e-11 4.95e-02 2.34e+00 3.89e+00
   6.13e-11 2.52e-11 7.69e+01]
  [-1.70e-04 -3.32e-04 2.57e-01 3.35e+00 1.50e+00 -2.73e-03 1.26e-01
   -1.42e-03 8.17e-01 8.70e-01]]

 [[2.20e+03 1.95e+03 5.95e-09 7.77e-09 7.60e+03 6.59e-09 1.86e+03
   1.73e+02 1.26e-08 1.00e+03]
  [1.40e+02 1.54e-01 2.89e-11 1.49e-09 2.95e-01 3.17e-11 1.38e-10
   1.56e-10 1.01e+01 1.08e-10]
  [1.42e+00 -8.25e-05 -3.96e-04 -4.03e-04 1.79e+00 -8.39e-05 -4.55e-04
   -7.78e-04 -1.01e-03 -3.50e-04]]

 [[2.47e-08 2.72e+02 9.92e+03 3.71e-09 5.78e-06 2.60e-09 1.69e-08
   1.88e-07 9.85e+03 3.37e+03]
  [1.25e+00 2.85e+01 1.36e-10 2.83e+00 5.94e-11 1.63e+02 3.19e+01
   1.56e-10 2.12e-11 1.08e-10]
  [-2.46e-04 -1.55e-05 6.90e-01 2.58e-01 1.93e-01 -3.51e-04 -8.17e-05
   -1.87e-04 -6.45e-05 -1.68e-04]]

 [[5.77e-07 8.83e-07 2.58e-07 8.32e-07 2.34e-07 4.75e-07 2.28e-07
   5.04e-07 1.97e-07 7.80e-07]
  [2.38e-08 2.17e-08 6.26e-09 3.81e-09 1.06e-08 6.35e-09 3.41e-08
   7.54e-09 3.89e-09 5.83e-09]
  [-2.18e-03 -4.45e-03 5.71e-01 -3.26e-03 -5.04e-04 -7.52e-04 8.25e-01
   -8.05e-03 8.14e-01 1.81e+00]]

 [[1.58e-07 4.00e-07 3.66e-07 1.12e-06 1.79e-07 5.40e-07 3.40e-07
   6.45e-07 3.54e-07 3.05e-07]
  [9.04e-09 2.82e-08 2.80e-08 3.58e-09 2.26e-08 1.83e-08 4.70e-09
   8.74e-09 1.11e-08 8.45e-09]
  [1.80e+00 5.89e-01 6.81e-02 -2.14e-03 -4.19e-03 -1.47e-02 7.57e-01
   -4.63e-03 -3.11e-02 -1.15e-02]]

 [[4.71e-07 1.33e-06 3.65e-07 1.83e-07 6.43e-07 4.33e-07 1.07e-06
   3.65e-07 4.89e-07 6.53e-07]
  [3.03e-09 5.37e-09 1.61e-08 2.83e-08 2.51e-09 1.28e-08 9.34e-09
   4.52e-09 6.22e-09 1.26e-08]
  [1.38e+00 -1.15e-03 -4.59e-03 -9.53e-03 -7.94e-02 1.92e-01 2.24e+00
   -1.40e-02 -5.36e-02 1.67e+00]]

 [[1.80e-06 3.21e-06 2.74e-06 2.48e-06 4.79e-06 2.54e-06 5.53e-06
   1.70e-06 1.66e-06 8.56e-07]
  [3.24e-08 9.12e-08 5.43e-08 6.43e-08 3.02e-08 4.17e-08 6.71e-08
   1.38e-07 6.69e-08 7.95e-08]
  [-1.72e-02 8.24e-01 2.01e+00 -3.09e-02 -8.72e-04 -4.54e-02 -7.61e-03
   -2.49e-03 1.95e-01 -1.63e-03]]

 [[3.53e-06 2.37e-06 1.40e-06 2.27e-06 6.94e-07 5.45e-06 7.28e-06
   3.14e-06 4.90e-06 2.43e-06]
  [6.10e-08 4.57e-08 2.08e-07 1.06e-07 1.29e-07 2.59e-07 3.31e-08
   2.30e-08 6.15e-09 2.48e-08]
  [-1.69e-02 -8.48e-03 -3.19e-03 -7.43e-03 2.55e-01 -3.14e-02 -5.10e-03
   8.59e-03 3.23e-01 5.12e-01]]

 [[9.06e-06 1.95e-06 3.78e-06 4.80e-06 9.86e-07 7.76e-07 4.20e-06
   6.17e-07 1.25e-06 1.33e-06]
  [2.81e-08 5.57e-08 1.25e-07 4.54e-08 7.30e-08 1.38e-07 2.07e-07
   2.83e-07 2.34e-08 1.01e-08]
  [8.92e-03 1.23e+00 -1.74e-02 6.91e-01 7.47e-03 -4.16e-02 -1.35e-04
   -2.59e-02 5.87e-03 1.54e+00]]

 [[1.12e-05 9.38e-06 5.25e-06 7.81e-06 1.38e-05 5.83e-06 3.96e-06
   9.25e-06 9.38e-06 4.91e-06]
  [1.37e-07 1.16e-07 3.95e-07 8.32e-08 1.78e-07 3.75e-07 9.30e-08
   1.32e-07 1.37e-07 2.21e-07]
  [-4.41e-02 -1.34e-03 7.47e-03 -7.63e-04 3.89e+00 7.01e-02 -4.04e-02
   -3.38e-02 -6.39e-03 -1.73e-02]]

 [[1.35e-05 7.19e-06 6.28e-06 7.25e-06 6.62e-06 1.60e-05 6.81e-06
   1.84e-05 8.37e-06 8.94e-06]
  [1.55e-07 7.58e-08 9.80e-08 1.18e-07 1.54e-07 5.61e-07 8.13e-08
   8.68e-08 1.27e-07 1.58e-07]
  [-8.29e-03 -8.71e-03 -2.38e-02 1.91e+00 -1.38e-02 -3.90e-03 -1.10e-02
   -1.08e-02 6.32e-01 1.28e+00]]

 [[2.79e-06 2.05e-05 6.23e-06 5.12e-06 5.53e-06 1.80e-05 7.99e-06
   6.70e-06 7.38e-06 4.69e-06]
  [3.71e-07 1.28e-07 2.47e-07 2.36e-07 1.95e-07 1.33e-07 1.73e-07
   6.47e-07 2.18e-07 3.43e-07]
  [-8.75e-03 -5.36e-04 -5.54e-03 -3.62e-02 8.17e-01 -5.00e-03 -2.52e-02
   5.71e-01 -3.44e-03 -1.06e-03]]

 [[6.55e-05 1.72e-05 2.57e-05 2.96e-05 4.59e-05 1.13e-04 3.31e-05
   4.10e-05 8.98e-05 2.79e-05]
  [4.77e-07 1.00e-06 8.53e-07 9.73e-07 9.94e-07 1.45e-06 9.59e-07
   8.00e-07 7.24e-07 6.60e-07]
  [-1.29e-01 -1.14e-01 -6.53e-02 7.57e-01 -1.11e-01 -2.93e-02 -1.29e-02
   -9.32e-04 -3.27e-04 -4.13e-03]]

 [[4.24e-05 2.29e-05 8.29e-05 6.19e-05 2.29e-05 4.57e-05 2.11e-05
   4.32e-05 2.75e-05 4.32e-05]
  [2.47e-06 4.91e-07 1.39e-06 3.42e-07 9.07e-07 1.09e-06 6.21e-07
   1.01e-06 4.51e-07 4.41e-07]
  [-8.55e-02 -7.93e-02 -3.81e-03 1.32e-01 -9.11e-02 -8.46e-03 -8.65e-02
   5.71e-01 -3.28e-02 3.81e-01]]

 [[3.40e-05 1.90e-04 2.68e-05 9.98e-05 3.82e-05 3.56e-05 2.35e-05
   5.61e-05 6.83e-05 3.58e-05]
  [9.81e-07 1.14e-06 4.39e-07 3.47e-07 6.61e-07 2.52e-06 7.20e-07
   5.55e-07 2.75e-07 1.51e-07]
  [-7.83e-02 -3.93e-03 -4.43e-01 -6.99e-03 -3.54e-02 -1.22e-01 1.11e-02
   -5.60e-02 -3.48e-02 -7.29e-04]]

 [[2.90e-04 7.67e-05 2.14e-04 1.40e-04 4.18e-04 5.22e-04 4.14e-05
   4.79e-04 1.50e-04 3.58e-04]
  [5.21e-06 8.99e-06 5.38e-06 1.48e-06 5.37e-06 4.23e-06 2.35e-06
   7.47e-06 1.28e-05 6.23e-06]
  [-7.24e-02 -1.65e-01 -8.23e-02 -6.52e-02 -2.12e-02 -1.47e-02 -2.76e-02
   -1.32e-02 -7.05e-02 -3.20e-01]]

 [[1.06e-04 4.71e-04 3.11e-04 8.43e-05 3.04e-04 4.64e-04 1.56e-04
   1.22e-03 3.39e-04 5.63e-04]
  [1.68e-06 3.57e-06 6.93e-06 7.70e-06 2.17e-06 4.56e-06 7.50e-06
   2.76e-06 1.91e-06 2.44e-06]
  [-6.09e-02 -7.47e-02 -2.44e-02 -4.66e-03 -7.17e-02 -5.36e-03 -5.34e-02
   -2.05e-01 -8.66e-02 -4.54e-02]]

 [[2.96e-04 4.37e-04 4.05e-04 6.97e-05 2.43e-04 1.35e-04 1.12e-04
   2.48e-04 7.70e-04 7.00e-04]
  [4.46e-06 3.29e-06 3.49e-06 6.48e-06 5.06e-06 7.87e-06 6.01e-06
   7.93e-06 2.60e-06 2.32e-06]
  [-2.05e-01 -7.17e-02 -3.45e-01 -5.50e-03 -1.23e-02 -1.46e-01 -8.13e-02
   -1.02e-01 -4.97e-02 -1.81e-01]]

 [[4.58e-10 1.57e-09 1.17e-09 6.39e-10 6.71e+03 6.43e-10 1.18e-08
   2.60e+03 5.69e-09 8.71e-10]
  [1.14e-11 2.95e-11 7.45e+00 1.28e-11 5.65e+01 1.61e-10 8.33e-11
   2.10e-11 4.90e-12 1.83e-11]
  [6.77e+00 2.40e+00 -2.34e-04 -6.04e-05 -4.36e-04 3.36e-03 6.14e+00
   2.55e-01 1.95e-01 2.62e+00]]

 [[1.74e-09 2.66e-09 2.19e-08 4.94e+00 6.01e-09 6.41e+03 6.38e-06
   1.01e-09 3.82e-09 7.39e-09]
  [2.36e-11 2.16e-11 9.34e-11 1.35e-02 1.65e+02 1.39e-09 4.20e-11
   2.93e-11 6.34e-12 3.62e-11]
  [-1.78e-04 1.12e+00 -1.94e-04 -2.41e-04 3.20e-01 -8.59e-06 -9.93e-05
   -3.28e-05 -6.77e-04 -1.41e-04]]

 [[7.09e-09 1.40e-08 7.44e-10 1.33e-09 1.07e+01 1.01e-09 5.45e-09
   1.80e+03 1.38e-09 5.95e-09]
  [2.56e-11 9.52e-12 2.40e-11 1.48e-11 9.73e-12 1.22e-11 8.43e+01
   1.78e-11 3.44e-11 1.80e-11]
  [-2.40e-04 -5.55e-04 1.29e-01 -1.12e-04 3.24e-01 -1.83e-04 -5.93e-05
   -1.01e-04 9.58e+00 -3.02e-05]]

 [[9.73e-07 2.47e-07 1.68e-07 4.06e-07 1.58e-07 3.87e-07 3.05e-07
   3.35e-07 2.49e-07 1.39e-07]
  [6.62e-09 3.44e-09 1.68e-09 2.71e-09 1.14e-08 2.15e-09 4.01e-09
   1.72e-09 2.12e-09 2.69e-09]
  [-7.86e-03 -4.19e-03 9.62e-01 -2.55e-03 1.11e-02 6.94e-01 8.35e+00
   1.13e+00 -6.69e-04 -6.61e-03]]

 [[1.66e-07 4.33e-07 2.12e-07 2.04e-07 3.12e-07 7.12e-08 1.86e-07
   1.21e-07 4.02e-07 2.71e-07]
  [1.05e-08 2.55e-09 4.01e-09 5.65e-09 4.37e-09 5.65e-09 3.18e-09
   4.72e-09 2.10e-09 3.40e-09]
  [-7.69e-03 -7.65e-03 7.53e-01 -6.27e-03 -1.75e-03 3.96e+00 -1.26e-02
   1.74e+00 -6.65e-03 -9.44e-04]]

 [[3.86e-07 3.77e-07 1.10e-07 1.54e-07 2.53e-07 2.50e-07 5.32e-07
   2.76e-07 3.99e-07 4.49e-07]
  [1.17e-09 1.43e-09 3.33e-09 7.81e-09 1.62e-09 4.93e-09 1.06e-09
   2.65e-09 5.38e-09 3.22e-09]
  [-2.39e-03 -6.91e-03 -1.30e-02 -1.43e-02 -1.43e-03 4.43e-01 -8.11e-03
   2.59e-01 -2.92e-03 -5.62e-03]]

 [[3.52e-07 9.16e-07 1.03e-06 5.86e-07 5.01e-07 1.31e-06 1.75e-07
   1.25e-06 9.88e-07 2.93e-06]
  [3.23e-08 3.09e-08 1.77e-08 3.10e-08 1.17e-08 5.02e-09 5.68e-08
   3.02e-08 1.14e-07 2.33e-08]
  [1.81e+00 1.13e+00 1.30e-01 5.70e-01 7.01e-02 -1.12e-02 -7.92e-03
   -2.03e-02 -7.92e-03 -1.54e-02]]

 [[8.01e-07 7.89e-07 3.40e-06 5.51e-07 1.31e-06 1.03e-06 1.33e-06
   1.59e-06 8.24e-07 7.73e-07]
  [1.36e-08 6.64e-09 4.36e-08 1.15e-08 2.14e-08 1.68e-08 9.66e-09
   4.96e-09 2.65e-08 2.23e-08]
  [5.70e+00 7.60e-01 3.84e-01 -3.82e-03 -8.63e-04 7.47e-03 -3.30e-02
   -1.72e-02 -5.81e-02 -6.28e-03]]

 [[1.12e-06 3.50e-07 1.35e-06 6.54e-07 1.04e-06 8.53e-07 5.57e-07
   2.09e-06 1.10e-06 5.34e-07]
  [2.42e-08 4.61e-08 1.62e-08 2.41e-08 2.22e-08 8.32e-09 4.70e-08
   2.20e-08 3.02e-08 1.42e-08]
  [1.11e-02 5.26e-01 2.53e+00 6.81e+00 -7.92e-03 1.08e+00 -8.28e-03
   -8.01e-02 -5.03e-04 -5.40e-04]]

 [[3.51e-06 1.21e-06 5.09e-06 9.10e-07 3.33e-06 3.06e-06 6.66e-06
   3.80e-06 5.33e-06 2.47e-06]
  [3.94e-08 7.94e-08 4.56e-08 1.01e-07 5.91e-08 1.29e-07 1.01e-08
   3.96e-08 8.00e-08 1.99e-07]
  [1.83e+00 -4.33e-02 -6.14e-03 -2.51e-02 -5.58e-03 -8.19e-02 2.68e+00
   -1.35e-03 2.58e-01 -1.84e-02]]

 [[1.27e-06 1.03e-06 2.79e-06 4.70e-06 1.14e-06 4.96e-06 8.98e-07
   1.81e-06 2.92e-06 3.10e-06]
  [5.68e-08 4.35e-08 1.43e-07 3.00e-08 1.38e-08 8.83e-08 4.64e-08
   9.80e-08 4.55e-08 4.11e-08]
  [-1.16e-02 -2.00e-02 5.26e-01 -2.60e-03 -2.90e-02 -2.30e-02 -1.52e-03
   3.92e+00 -6.50e-03 4.44e-01]]

 [[2.73e-06 6.96e-06 4.60e-06 2.36e-06 9.90e-07 2.50e-06 9.40e-06
   2.43e-06 4.51e-06 1.88e-06]
  [6.94e-08 9.80e-08 6.52e-08 1.22e-07 3.70e-08 8.48e-08 6.83e-08
   8.27e-08 6.11e-08 6.65e-08]
  [2.58e-01 -4.21e-03 4.54e+00 1.58e+01 3.21e+00 2.25e+00 -4.02e-03
   2.41e+00 -2.97e-02 4.48e-01]]

 [[1.16e-05 2.82e-05 2.67e-05 7.22e-05 1.28e-05 2.63e-06 9.09e-06
   4.19e-06 3.97e-05 1.98e-05]
  [5.47e-08 1.61e-07 9.33e-08 2.72e-07 6.15e-07 1.84e-07 3.15e-08
   3.05e-07 2.12e-07 2.00e-07]
  [-2.49e-04 -4.98e-02 6.96e-01 -1.07e-01 1.33e-01 2.05e+00 7.53e-01
   4.44e-01 3.21e-01 6.35e-01]]

 [[2.94e-05 1.83e-05 2.89e-05 1.71e-05 1.20e-05 6.24e-06 2.35e-05
   1.53e-05 1.75e-05 3.26e-05]
  [3.39e-07 2.08e-07 3.17e-08 3.40e-07 4.39e-07 1.58e-07 1.45e-07
   3.55e-07 2.75e-07 2.58e-07]
  [-2.27e-02 3.23e-01 -3.98e-02 -5.74e-02 -1.87e-02 2.04e+00 -1.94e-02
   4.44e-01 -5.91e-02 -2.70e-01]]

 [[2.38e-05 3.77e-05 1.03e-05 3.46e-05 1.24e-05 2.00e-05 2.15e-05
   4.23e-06 7.83e-06 2.06e-05]
  [1.05e-07 4.44e-07 5.61e-07 9.10e-08 2.36e-07 5.53e-07 3.89e-07
   3.57e-07 6.22e-07 7.27e-08]
  [5.12e-01 1.38e+00 2.58e-01 3.82e-01 6.32e-01 1.32e-01 -1.32e-03
   -9.23e-02 8.60e-03 -4.00e-02]]

 [[2.43e-05 1.39e-04 5.68e-05 2.64e-04 3.27e-05 1.04e-04 7.69e-05
   3.81e-05 2.81e-05 4.25e-05]
  [5.37e-07 1.20e-06 9.76e-07 1.56e-06 1.29e-06 1.61e-06 8.51e-07
   6.91e-07 1.16e-06 5.32e-07]
  [-1.26e-01 -1.70e-01 -1.52e-01 -5.30e-02 -3.63e-01 -1.13e-02 -8.53e-03
   -1.20e-01 -9.00e-02 -1.96e-01]]

 [[6.25e-05 1.86e-04 6.92e-05 2.94e-05 2.67e-04 7.57e-05 6.11e-05
   2.98e-04 1.35e-04 5.75e-05]
  [5.99e-07 4.10e-07 2.74e-06 4.12e-07 1.13e-06 3.78e-07 2.08e-06
   4.49e-07 1.54e-06 4.47e-06]
  [-3.67e-01 -4.39e-03 -1.10e-01 -3.48e-02 -8.19e-02 -1.30e-02 -1.75e-01
   -7.79e-02 -4.86e-02 -2.81e-01]]

 [[2.41e-05 1.09e-04 1.10e-04 2.98e-05 1.21e-04 1.78e-04 4.58e-05
   2.81e-05 3.94e-05 1.30e-04]
  [1.31e-06 8.92e-07 1.95e-06 7.48e-07 1.58e-06 9.25e-07 1.45e-06
   2.42e-06 9.95e-07 2.40e-06]
  [-2.77e-01 -9.70e-02 -4.70e-02 -2.04e-02 -2.28e-02 -9.19e-02 -6.06e-02
   -2.31e-02 -7.87e-02 -1.04e-01]]

 [[1.91e-09 1.05e-09 1.40e-09 1.61e-09 3.45e-10 1.90e-09 1.56e-09
   3.36e-09 4.62e-09 3.98e-10]
  [6.21e-12 2.20e-11 5.50e-11 1.96e-11 1.31e-11 2.43e-11 9.82e-11
   1.05e-11 1.40e-11 4.17e-11]
  [8.62e-03 1.11e-02 -8.29e-05 1.82e-01 5.08e-01 -1.92e-04 3.80e-01
   -3.51e-04 -1.83e-06 -1.36e-04]]

 [[4.45e-10 1.81e-09 1.20e-09 6.86e-10 5.12e-10 1.77e-09 9.05e-10
   9.29e-10 1.25e-09 5.30e-09]
  [3.15e-11 9.02e-11 1.16e-11 1.44e-11 1.40e-11 1.78e-11 3.58e-11
   3.50e-11 1.94e-11 2.49e-11]
  [2.62e-01 1.40e+00 -4.41e-04 -2.28e-04 7.01e-02 -2.41e-04 -5.34e-04
   7.38e-02 2.24e+00 2.13e+00]]

 [[6.66e-10 1.97e-09 8.49e-10 3.00e-10 4.24e-09 1.05e-09 8.24e-10
   4.24e-10 1.12e-09 2.74e-09]
  [3.97e-11 7.33e-12 6.15e-11 1.82e-12 5.16e-11 8.65e+00 8.38e-12
   3.47e-11 1.12e-11 1.42e-11]
  [-1.75e-04 9.64e-03 -5.60e-05 -1.48e-05 -2.91e-04 -8.02e-04 -8.60e-05
   5.73e-01 -2.83e-04 1.34e-01]]

 [[1.60e-07 3.67e-07 9.23e-08 3.86e-08 3.19e-07 1.07e-07 3.13e-07
   1.22e-07 1.64e-07 3.17e-07]
  [3.64e-09 3.09e-09 7.92e-09 6.13e-09 6.78e-09 7.60e-09 5.99e-09
   6.83e-09 1.01e-08 2.80e-09]
  [-3.64e-03 1.36e+00 -6.87e-03 -7.52e-04 1.64e+00 2.17e+00 -1.09e-02
   -1.91e-02 -1.27e-02 3.84e+00]]

 [[5.32e-07 2.87e-07 2.24e-07 3.16e-07 1.36e-07 1.32e-07 2.29e-07
   2.61e-07 2.24e-07 2.64e-07]
  [4.38e-09 1.10e-08 6.88e-10 3.89e-09 5.72e-09 3.48e-09 3.48e-09
   1.38e-09 3.56e-09 7.46e-10]
  [-1.97e-02 3.86e+00 7.59e-01 -1.02e-02 -1.54e-03 -4.63e-03 -3.49e-03
   -1.44e-02 6.81e-02 1.27e+00]]

 [[1.06e-06 2.42e-07 3.10e-07 5.50e-07 6.31e-07 6.98e-08 4.35e-07
   2.44e-07 9.04e-08 7.35e-07]
  [1.61e-09 3.85e-09 2.81e-09 4.32e-09 1.35e-08 5.54e-09 3.94e-09
   3.65e-09 3.19e-09 1.06e-08]
  [7.38e-02 -1.25e-02 -4.01e-03 -1.68e-02 -7.49e-04 7.22e-02 -2.44e-02
   -4.38e-03 7.38e-02 -6.10e-03]]

 [[5.68e-07 2.05e-06 1.10e-06 1.82e-06 2.31e-06 4.22e-06 6.26e-07
   2.63e-07 8.60e-06 4.50e-07]
  [1.34e-08 1.50e-08 1.17e-08 5.12e-08 2.70e-08 6.30e-09 3.66e-08
   1.23e-08 2.37e-08 3.55e-08]
  [9.64e-03 2.55e-01 -4.99e-02 -4.41e-03 -5.05e-03 -1.39e-03 9.00e-01
   -6.71e-03 -4.25e-04 -9.14e-05]]

 [[1.55e-06 1.03e-06 7.57e-07 3.09e-06 1.12e-06 2.90e-06 6.20e-07
   3.10e-06 1.06e-06 2.81e-06]
  [2.84e-08 3.41e-08 2.34e-08 9.43e-09 4.60e-08 2.50e-08 8.39e-08
   3.51e-08 1.71e-08 6.30e-08]
  [-1.35e-02 -1.65e-02 -4.10e-04 -2.75e-02 -1.17e-02 2.76e+00 5.71e-01
   9.34e-01 -1.30e-02 -4.19e-04]]

 [[1.01e-06 4.79e-07 1.48e-06 1.81e-06 5.03e-07 5.06e-07 1.26e-06
   1.19e-06 2.92e-07 6.64e-07]
  [7.03e-08 3.08e-08 2.86e-08 1.09e-08 4.47e-08 1.79e-08 1.57e-08
   1.16e-08 4.01e-08 2.24e-08]
  [-1.88e-02 -1.07e-03 7.55e-01 3.19e-01 1.61e+00 7.22e-02 -4.55e-02
   -1.62e-04 3.21e-01 -1.91e-02]]

 [[2.34e-06 2.64e-06 9.40e-06 3.35e-06 1.74e-06 1.78e-06 5.51e-06
   8.74e-07 3.86e-07 1.67e-06]
  [2.33e-08 8.55e-08 4.95e-08 2.08e-08 4.38e-08 3.68e-08 2.23e-08
   8.95e-08 1.61e-07 7.31e-08]
  [-2.86e-02 -2.07e-02 -6.62e-03 -1.14e-02 -3.91e-02 -4.19e-04 -1.20e-02
   1.50e+00 -1.16e-02 1.75e+00]]

 [[2.31e-06 2.91e-06 1.66e-06 1.23e-06 2.85e-06 2.70e-06 2.28e-07
   1.77e-06 4.11e-06 2.61e-06]
  [2.32e-08 4.87e-08 3.54e-08 6.71e-08 5.57e-08 2.71e-08 3.09e-07
   1.20e-07 1.45e-07 8.01e-08]
  [1.26e+00 -5.86e-02 -4.95e-03 -8.22e-02 -5.96e-03 -4.64e-02 -3.22e-02
   1.96e-01 1.12e+00 1.35e-01]]

 [[5.29e-06 1.69e-06 3.18e-06 1.49e-06 3.68e-06 4.56e-06 1.52e-06
   1.94e-06 1.75e-06 2.88e-06]
  [5.49e-08 2.08e-08 1.97e-08 5.53e-08 3.37e-08 7.75e-08 4.35e-08
   2.07e-08 6.46e-08 1.81e-07]
  [4.15e+00 -1.53e-02 -1.03e-02 -1.03e-01 1.65e+00 -5.35e-03 -2.30e-04
   -5.23e-03 -8.09e-03 -8.88e-02]]

 [[2.30e-05 1.49e-05 4.00e-06 7.30e-06 2.41e-05 1.10e-05 2.41e-06
   1.18e-05 8.99e-06 1.12e-05]
  [3.28e-07 1.26e-07 2.94e-07 5.87e-08 6.08e-07 1.78e-07 1.58e-07
   4.57e-07 3.93e-07 5.83e-07]
  [6.81e-02 -1.53e-01 -3.89e-02 -3.31e-03 1.46e-03 -3.62e-02 -1.75e-02
   1.36e-01 -3.31e-02 -1.21e-03]]

 [[1.10e-05 2.85e-05 8.73e-06 4.65e-05 5.73e-06 9.79e-06 3.34e-05
   1.47e-05 2.94e-05 1.29e-05]
  [1.76e-07 2.82e-07 3.16e-07 5.10e-07 1.57e-07 6.32e-07 2.08e-07
   9.41e-08 1.03e-07 3.17e-07]
  [1.93e-01 -8.98e-03 -5.39e-03 -4.65e-02 -1.67e-02 -2.16e-03 -1.05e-01
   1.34e-01 1.96e-01 -3.61e-02]]

 [[1.90e-05 3.20e-06 1.15e-05 6.39e-06 5.11e-05 2.99e-05 2.57e-05
   1.04e-05 5.85e-06 3.79e-05]
  [3.11e-07 2.30e-07 2.64e-07 1.53e-07 4.65e-07 1.23e-07 1.04e-07
   7.50e-08 6.97e-07 9.25e-08]
  [-1.33e-02 7.01e-02 -3.83e-02 -6.24e-02 -1.80e-02 -8.82e-02 -4.61e-03
   -3.76e-02 -7.83e-02 -4.21e-03]]

 [[1.67e-04 3.37e-04 9.54e-05 1.67e-04 1.69e-04 2.62e-05 5.22e-05
   8.88e-05 3.19e-05 2.01e-04]
  [1.56e-06 2.15e-06 9.66e-07 2.28e-07 3.54e-06 1.06e-06 1.61e-06
   1.42e-06 2.29e-06 1.27e-06]
  [-2.54e-02 -2.42e-01 -1.06e-01 -6.93e-02 -1.99e-02 -5.25e-02 -8.67e-02
   -4.06e-02 -1.10e-01 -8.65e-02]]

 [[4.42e-05 5.67e-05 3.94e-04 4.82e-05 7.59e-05 1.39e-04 1.83e-04
   1.55e-04 8.46e-05 3.45e-05]
  [1.20e-06 1.67e-06 8.69e-07 4.56e-07 2.97e-06 7.32e-07 1.62e-06
   3.35e-06 2.52e-06 1.78e-06]
  [-6.14e-02 -2.68e-03 -6.06e-02 -4.23e-02 -1.59e-01 -4.10e-01 -2.23e-01
   -4.20e-02 -1.24e-01 -4.81e-02]]

 [[3.48e-05 9.23e-05 1.31e-04 1.08e-04 2.20e-04 2.31e-04 7.47e-05
   5.59e-05 5.67e-05 7.59e-05]
  [4.91e-07 2.02e-06 4.16e-07 4.28e-06 6.84e-07 3.45e-06 8.02e-07
   3.85e-06 7.70e-07 9.80e-07]
  [-9.03e-02 -2.87e-02 -4.04e-02 -5.24e-02 -4.06e-04 -7.03e-02 -2.61e-02
   -9.73e-02 -3.39e-02 -8.30e-02]]

 [[4.57e-09 1.49e-09 1.94e-09 3.89e-09 4.54e-10 4.94e-10 3.30e-09
   1.09e-09 4.42e-10 1.16e-09]
  [2.90e-11 3.87e-11 1.39e-11 6.50e+00 2.64e-11 1.93e-11 1.01e-09
   2.29e-11 1.26e-11 3.74e-11]
  [-4.33e-05 -6.38e-04 7.88e+00 -5.28e-04 7.13e+00 -3.66e-04 3.85e-01
   5.26e-01 -7.03e-05 -4.15e-05]]

 [[2.09e+02 1.01e+04 9.72e-10 9.40e-10 2.57e+03 3.42e-09 2.88e-09
   8.17e-10 4.52e-10 3.98e-10]
  [2.73e-11 5.87e-11 1.94e-09 2.22e-11 5.96e-12 3.07e+01 1.30e-11
   1.07e-10 2.69e-11 1.30e-11]
  [1.12e+00 -6.96e-04 8.10e-01 -5.12e-03 1.52e-01 1.93e+00 5.26e-01
   -1.10e-03 1.11e-02 1.50e+00]]

 [[1.01e-08 6.65e-10 1.31e-09 6.61e-10 8.42e-10 6.30e-10 2.73e-09
   9.07e-09 1.24e-09 3.35e-09]
  [4.79e-11 1.30e+00 4.75e-11 6.67e-12 1.96e-11 4.24e-11 1.75e-11
   1.41e-11 8.77e-11 2.07e-11]
  [3.96e+00 -3.30e-04 2.49e+00 3.83e+00 5.39e+00 3.24e-01 -2.97e-05
   1.93e-01 -8.57e-05 2.08e+00]]

 [[3.50e-07 2.32e-07 2.23e-07 3.10e-07 1.02e-07 3.94e-07 9.05e-08
   1.20e-07 1.70e-07 6.88e-08]
  [4.13e-09 6.47e-10 5.33e-10 2.06e-09 1.75e-09 2.26e-09 9.41e-10
   4.95e-09 1.44e-09 9.94e-09]
  [-4.36e-02 5.55e-02 6.30e-01 6.24e-01 -1.67e-02 5.26e-01 4.06e+00
   3.87e-01 -5.86e-03 -6.03e-03]]

 [[4.32e-07 5.09e-07 2.27e-07 4.83e-07 7.33e-08 1.63e-07 1.56e-07
   3.79e-07 1.41e-07 2.94e-07]
  [3.07e-09 3.29e-09 3.67e-09 5.29e-09 2.23e-09 6.60e-09 3.92e-09
   8.02e-09 9.08e-09 5.26e-09]
  [3.36e+00 1.32e-01 -4.19e-03 2.60e-01 -3.74e-03 1.88e+00 -2.42e-03
   7.29e-01 1.81e+00 -1.13e-03]]

 [[3.14e-07 9.05e-08 8.40e-08 2.01e-07 3.15e-08 1.77e-07 1.60e-07
   1.84e-07 1.57e-07 2.84e-07]
  [5.97e-09 1.46e-09 2.08e-09 4.84e-09 5.14e-09 9.26e-09 1.63e-09
   1.01e-08 3.88e-09 3.40e-09]
  [2.49e+00 -1.11e-04 7.47e-03 7.01e-02 7.01e-02 -1.14e-02 -5.44e-03
   -1.59e-03 4.77e+00 5.63e+00]]

 [[2.51e-07 1.79e-06 3.86e-07 1.00e-06 6.50e-07 7.01e-07 1.68e-06
   6.82e-07 1.73e-06 2.67e-06]
  [1.72e-08 2.13e-08 1.29e-08 1.26e-08 5.05e-09 1.41e-08 1.71e-08
   5.03e-08 1.93e-08 2.00e-08]
  [-7.10e-04 -6.29e-03 -2.09e-03 4.40e+00 -2.83e-02 1.74e+00 2.36e+00
   -5.21e-03 -7.15e-04 1.11e-02]]

 [[6.63e-07 3.70e-07 1.57e-06 1.39e-06 5.19e-06 1.17e-06 1.51e-06
   5.26e-07 3.13e-07 7.68e-07]
  [4.96e-09 1.17e-08 1.80e-08 1.35e-08 1.12e-08 5.49e-09 1.36e-08
   3.16e-08 1.25e-08 2.49e-08]
  [-4.33e-03 5.26e-01 -3.72e-04 2.59e-01 9.64e-03 1.34e+00 -4.93e-02
   -4.51e-02 2.75e+00 -5.94e-03]]

 [[5.05e-07 1.19e-06 4.61e-07 5.30e-07 2.14e-07 7.07e-07 3.63e-07
   1.29e-06 4.29e-07 1.08e-06]
  [4.84e-09 1.38e-08 1.40e-08 1.77e-08 8.65e-09 2.11e-08 1.06e-08
   1.89e-08 1.66e-08 3.39e-08]
  [-7.02e-03 -2.83e-03 7.47e-03 8.75e-01 3.21e+00 -1.02e-02 2.74e+00
   -1.64e-02 -2.74e-04 -7.69e-03]]

 [[1.70e-06 9.96e-07 3.54e-07 3.01e-06 2.28e-07 5.19e-06 1.08e-06
   2.34e-06 1.05e-06 1.63e-06]
  [4.70e-08 5.20e-08 2.12e-08 1.81e-08 2.18e-08 4.55e-08 8.86e-08
   1.55e-07 6.42e-08 2.27e-08]
  [2.85e+00 -1.23e-02 -2.60e-03 2.31e+00 -3.82e-02 -9.45e-02 -1.29e-02
   9.45e-01 7.01e-02 -4.71e-02]]

 [[1.93e-06 1.79e-06 2.00e-06 2.26e-06 7.67e-07 2.32e-06 3.07e-06
   1.06e-06 2.10e-06 2.55e-06]
  [5.63e-08 1.76e-08 7.16e-08 3.80e-08 4.39e-08 6.88e-08 5.22e-08
   8.63e-08 5.58e-08 4.96e-08]
  [-5.39e-02 -2.55e-02 -4.01e-02 1.59e+00 -3.21e-04 -1.38e-04 -9.87e-03
   -1.21e-02 -3.18e-02 5.70e-01]]

 [[1.19e-06 3.76e-06 3.28e-06 1.30e-06 4.81e-06 3.74e-06 3.33e-06
   1.18e-06 6.23e-07 1.36e-06]
  [2.33e-08 5.33e-08 3.40e-08 4.91e-08 1.75e-08 2.20e-08 5.16e-08
   1.27e-08 3.82e-08 3.56e-08]
  [1.58e+00 1.35e-01 5.72e-01 -1.70e-02 8.26e-01 -1.18e-01 -2.75e-02
   -2.57e-03 -8.32e-02 1.11e-02]]

 [[1.06e-05 2.09e-05 2.24e-05 1.01e-05 1.34e-06 4.33e-05 1.01e-05
   5.63e-05 1.64e-05 1.60e-05]
  [5.43e-07 1.40e-07 6.97e-08 1.93e-07 2.48e-07 1.78e-07 2.93e-07
   3.25e-07 2.23e-07 7.13e-08]
  [-1.06e-02 1.14e+00 -1.45e-02 1.46e+00 -3.62e-02 -9.04e-03 -4.94e-02
   -5.78e-02 -6.37e-03 3.21e+00]]

 [[1.19e-05 1.12e-05 2.83e-05 1.38e-05 1.55e-05 1.13e-05 4.05e-05
   1.91e-05 7.70e-06 6.89e-06]
  [7.33e-07 1.72e-07 1.53e-07 1.79e-07 1.14e-07 2.92e-07 3.43e-07
   1.56e-07 1.06e-06 2.33e-07]
  [-1.23e-02 2.58e-01 -6.86e-02 -4.20e-02 6.32e-01 7.47e-03 3.81e-01
   -2.22e-02 2.25e+00 -2.69e-02]]

 [[2.30e-05 1.88e-05 6.11e-06 1.47e-05 5.10e-06 1.05e-05 5.25e-06
   3.29e-05 2.17e-05 1.23e-05]
  [1.31e-07 2.44e-07 2.20e-07 1.97e-07 1.85e-07 2.17e-07 2.35e-07
   2.45e-07 3.32e-08 1.09e-07]
  [7.77e-01 3.19e-01 7.01e-02 1.51e+00 1.11e-02 -2.82e-02 -3.95e-01
   -8.26e-02 -3.07e-02 -1.84e-02]]

 [[7.36e-05 9.56e-05 1.17e-04 3.78e-05 1.81e-04 8.30e-05 6.97e-05
   3.01e-05 3.44e-05 4.70e-05]
  [3.93e-06 9.14e-07 1.33e-06 1.72e-06 6.29e-07 9.13e-07 6.24e-07
   3.64e-07 7.18e-07 1.35e-06]
  [-7.43e-02 -2.02e-02 -1.11e-01 -2.77e-01 -1.96e-02 -3.82e-02 -2.03e-02
   -1.91e-01 -7.32e-02 -3.70e-02]]

 [[8.62e-05 3.15e-04 5.25e-05 1.86e-05 4.51e-05 5.10e-05 1.68e-04
   6.29e-05 1.08e-04 8.76e-05]
  [3.22e-07 7.92e-07 1.01e-06 6.23e-07 7.31e-07 3.30e-06 3.63e-07
   2.21e-06 2.22e-06 1.25e-06]
  [-2.00e-02 -1.50e-01 -4.51e-01 -6.15e-02 -1.92e-01 -1.69e-01 -6.64e-02
   -6.33e-02 -1.67e-02 -5.45e-02]]

 [[3.47e-05 9.24e-05 8.11e-05 6.67e-05 6.78e-05 1.12e-04 4.08e-04
   2.22e-04 2.72e-05 6.90e-05]
  [3.47e-06 8.41e-07 2.61e-06 3.94e-07 5.19e-06 7.77e-07 2.39e-06
   8.85e-07 6.22e-06 1.65e-06]
  [-1.30e-01 -5.84e-02 -1.08e-01 -8.18e-03 -1.27e-02 -4.13e-02 -1.36e-01
   -1.11e-01 -1.08e-02 -3.05e-01]]

 [[3.99e-10 6.95e-09 6.90e-09 2.61e+02 8.17e-10 1.49e-09 2.93e-10
   8.64e-10 1.65e-09 1.51e-09]
  [1.89e-11 1.52e-11 1.30e-10 1.61e-10 1.09e-11 9.91e-12 7.25e-11
   7.67e-12 6.35e-12 7.85e-11]
  [1.31e-01 2.24e+00 -5.43e-04 -9.75e-06 2.17e+00 -5.71e-05 -1.31e-04
   -1.38e-06 7.77e-01 -1.16e-04]]

 [[9.14e-10 4.65e-09 4.51e-09 6.90e-10 1.55e-09 2.41e-09 9.00e-10
   1.90e-09 3.47e-10 6.46e-09]
  [1.06e-11 2.98e-11 1.42e-11 7.40e-12 4.89e-11 2.25e-11 3.39e-11
   1.22e-11 2.51e-11 2.11e-11]
  [-6.86e-04 -2.40e-04 5.89e-01 -3.01e-04 -3.29e-04 -5.05e-06 5.13e-01
   -7.68e-05 -2.77e-04 -5.73e-04]]

 [[1.00e-09 1.77e-10 3.15e-10 9.06e-10 2.11e-09 1.66e+00 1.45e-09
   4.34e-10 4.47e-10 1.91e-09]
  [1.75e-11 1.09e-11 1.32e-11 1.01e-11 1.17e-11 1.50e-11 6.22e-12
   1.88e-11 6.01e-12 1.46e-11]
  [1.70e+00 -2.16e-04 -1.78e-05 -3.62e-04 1.62e+00 -9.29e-05 -1.70e-04
   -2.57e-04 -1.63e-04 -1.84e-04]]

 [[1.38e-07 2.86e-07 1.46e-07 1.01e-07 1.76e-07 7.41e-07 5.09e-07
   4.77e-07 1.11e-07 3.58e-07]
  [2.05e-09 8.48e-09 5.06e-09 1.13e-09 3.23e-09 3.16e-09 9.36e-10
   8.36e-10 2.57e-09 2.87e-09]
  [-1.82e-03 -1.79e-04 -7.14e-03 -1.34e-03 -1.89e-03 -4.34e-03 -5.16e-03
   -1.33e-02 3.24e-01 5.62e+00]]

 [[1.18e-07 4.45e-07 1.11e-07 4.36e-07 3.16e-08 3.74e-07 6.39e-08
   1.33e-07 2.12e-07 1.27e-07]
  [2.14e-09 3.79e-09 9.63e-09 1.55e-09 3.22e-09 2.45e-09 4.49e-09
   5.23e-09 2.27e-09 8.26e-09]
  [-8.88e-03 3.19e-01 2.85e+00 -6.32e-03 -4.09e-03 1.42e+00 5.75e-01
   5.07e-01 -2.47e-02 1.62e+00]]

 [[1.51e-07 3.67e-08 1.01e-07 1.74e-07 9.97e-08 6.69e-08 2.86e-07
   2.22e-07 1.50e-07 1.06e-07]
  [1.19e-09 4.28e-09 1.89e-09 4.39e-09 1.26e-09 4.13e-09 3.60e-09
   6.70e-10 1.55e-09 2.93e-09]
  [-5.63e-03 -2.40e-02 3.22e+00 -1.38e-02 -2.88e-04 2.59e-01 3.76e-01
   -1.43e-03 8.22e-01 -3.63e-06]]

 [[9.85e-07 2.54e-06 1.05e-06 1.58e-06 7.66e-07 9.76e-07 3.33e-07
   1.14e-06 2.49e-06 1.64e-06]
  [7.14e-09 1.10e-08 1.96e-08 2.32e-08 7.46e-09 1.65e-08 4.91e-08
   1.04e-08 4.25e-08 1.35e-08]
  [-2.98e-03 -6.50e-03 7.01e-02 1.35e-01 7.19e-02 -1.07e-02 7.47e-03
   -5.52e-03 -3.63e-05 -4.03e-03]]

 [[9.52e-07 7.20e-07 1.39e-06 1.34e-06 5.31e-07 1.67e-06 1.58e-06
   3.59e-07 6.71e-07 3.87e-07]
  [1.63e-08 2.33e-08 1.99e-08 1.76e-08 1.09e-08 1.11e-08 3.94e-09
   4.55e-08 8.61e-09 7.30e-09]
  [-3.72e-03 -3.00e-02 -2.46e-02 -1.49e-03 -6.02e-03 -5.39e-03 -3.97e-02
   5.64e-01 1.33e+00 -1.61e-02]]

 [[1.61e-06 5.71e-07 8.36e-07 5.86e-07 4.61e-07 2.43e-07 6.39e-07
   2.42e-06 6.58e-07 2.97e-06]
  [7.96e-09 3.33e-08 3.87e-08 8.77e-09 2.12e-08 9.56e-09 3.64e-08
   8.70e-09 1.53e-08 1.42e-08]
  [8.88e-01 -4.86e-03 2.85e+00 -3.29e-02 8.60e-03 -9.12e-03 -1.26e-03
   -2.28e-02 -7.44e-03 3.21e-01]]

 [[4.64e-06 5.28e-06 1.41e-06 1.33e-06 1.22e-06 1.83e-06 1.47e-06
   2.28e-06 8.47e-07 5.06e-06]
  [3.47e-08 1.29e-07 7.13e-08 3.75e-08 2.32e-08 5.10e-08 1.10e-07
   4.34e-08 8.11e-08 6.08e-08]
  [-1.95e-02 -6.08e-03 -6.53e-02 8.15e-01 -9.57e-03 -1.69e-02 -2.14e-02
   -2.96e-02 -1.91e-02 4.44e-01]]]