[[[ 2.10193728e+03  1.54104900e+04  2.04430218e+04  4.96860402e+03
    7.82284652e-02  1.66375256e-03  1.47581963e+04  3.10761854e+04
    5.05637144e+03  3.67552910e+04]
  [ 1.68788421e+00  1.51775903e+02  9.09504175e+02  2.66359344e+01
    5.10499010e+02  7.48822379e-05  1.25213271e+02  1.59760757e-05
    9.33222057e-06  1.13507655e+01]
  [ 1.49742528e+00  1.42870529e-01  2.57647355e+00  6.28363804e-01
   -4.80230747e-04  2.57631727e+00  5.31989583e-01  4.96316302e-01
    7.47735299e-03  2.26434761e+00]]

 [[ 2.60307661e-03  2.64525835e+04  1.73472178e+04  5.52782898e+03
    8.53399558e+03  8.12905633e+02  6.59061408e+02  4.20393168e-04
    1.57954222e-03  2.67181139e+03]
  [ 4.51123667e-06  5.97510599e+01  6.31548615e-06  3.51152041e-06
    2.64047161e-06  8.03052917e+02  1.25635059e-06  5.52791177e-05
    2.18718923e+02  1.14469600e+01]
  [ 3.79576745e+00 -3.22699467e-04  1.79606044e+00  2.18294747e+00
    4.04450366e+00 -1.18538440e-03  2.42778266e+00  1.28566797e+01
    3.74899184e+00 -8.20660032e-04]]

 [[ 6.20443416e-04  1.40394238e+04  2.28344433e+03  3.31064482e+04
    6.66644805e+03  6.47134885e-05  3.16868879e+03  1.77410385e-04
    1.17713610e-04  8.42337789e+02]
  [ 4.07355349e+01  8.34775811e+01  1.36429412e+01  5.40234160e-07
    7.72180555e+01  7.41329376e+01  1.41145492e+02  6.41418096e+00
    6.36176112e+02  3.88028776e-06]
  [-1.70909802e-03 -4.04247441e-05 -3.22587669e-03 -1.53509702e-04
    6.35825134e+00  5.70762088e-01  3.47542520e+00 -1.49478896e-03
    1.26713494e+00 -3.69489367e-06]]

 [[ 6.51916100e-01  6.57111793e+00  2.80497891e+00  5.09551909e-01
    1.50211660e+00  2.54236220e-01  5.96636151e+01  6.52690215e-01
    1.14557092e+00  2.55866789e+00]
  [ 1.53605299e-02  2.86497842e-03  4.44572666e-03  7.55105749e-02
    2.93359501e-02  2.79892274e-03  1.22176229e-02  2.22620217e-02
    1.42645618e-02  3.39747847e-02]
  [-6.67560412e-02  3.24713863e-01  2.71357517e+00  3.17987313e+00
    1.23528027e+00 -5.27001093e-03  1.13986905e-02  9.57262669e-01
    1.05825019e+00 -9.39668466e-02]]

 [[ 1.96667644e+00  3.46172072e-02  2.53279435e-01  3.23572232e-01
    1.18722198e+00  3.06791087e-01  1.95609054e-01  9.65195555e-02
    1.51659773e+00  2.74811739e-02]
  [ 6.83494128e-03  1.26402422e-02  6.94142576e-03  3.68662163e-03
    5.73019673e-03  1.65030192e-03  1.51067631e-02  1.16773289e-02
    1.95380658e-03  2.64684211e-03]
  [ 1.15037606e+00 -2.19574316e-03  2.43336308e+00  2.41721090e+00
   -3.39175267e-05  1.01326326e+00  6.39011466e-01  4.73499619e-01
    3.08764730e+00 -7.11845975e-03]]

 [[ 2.05946161e+00  1.17384837e-01  2.73298619e-01  2.44984676e-01
    2.00223075e-01  2.95906398e-01  2.49925528e-01  8.54683826e-02
    3.11454813e-01  4.73211346e-02]
  [ 2.32980103e-03  3.18934452e-03  1.34805158e-03  5.90074130e-04
    1.14906968e-03  9.06657910e-04  2.79053327e-04  3.78778620e-04
    2.65662847e-03  9.32437989e-04]
  [-3.14300579e-03 -1.55968871e-02  4.67360187e+00  4.42307507e-01
    2.60009345e-01  2.53061527e+00 -1.74727381e-03 -9.70498231e-03
   -2.53127339e-05 -2.50473764e-03]]

 [[ 5.95610217e+00  4.97849307e+00  6.21159237e+00  2.69716320e+01
    8.23006373e+01  8.58306876e+00  3.87010302e-01  5.76175198e+00
    1.36456209e+01  2.08556790e+00]
  [ 4.04761058e-02  1.45709990e-01  3.57711184e-02  7.92937508e-02
    3.25214660e-02  6.09544911e-02  4.33327846e-02  1.27236646e-01
    4.78686444e-02  1.02842867e-02]
  [ 4.29304595e-01  1.34018931e+00  3.19078514e-01 -7.76539186e-04
    2.00760515e+00  2.14966079e-01 -2.79837432e-03 -1.69063604e-02
   -1.91073447e-02  5.42257922e-01]]

 [[ 1.55444506e+00  1.36018859e+00  2.18368268e-01  2.83425179e+00
    1.32555160e+01  2.88869674e+00  9.41176598e+00  2.89033503e+01
    5.64342431e+00  3.46122856e-01]
  [ 4.39226954e-02  2.01240689e-02  3.01712192e-02  3.11932337e-02
    3.75671773e-02  7.98469731e-02  5.51142374e-02  1.57005632e-02
    1.34563545e-02  2.76251464e-02]
  [ 7.65242225e-02  1.80289263e-01  8.45270391e-01 -2.69029176e-02
   -1.25213431e-01 -4.08126239e-02  1.61762955e-01 -6.03908561e-02
    6.51282653e-01 -2.61496453e-02]]

 [[ 5.36891597e-01  4.83891875e-01  5.87604376e+00  7.91576117e-01
    4.94525164e-01  6.63358125e-01  5.81532222e-01  3.50285937e+00
    2.10956752e+00  9.99554177e+00]
  [ 1.58218287e-02  3.21076114e-02  4.12886524e-02  1.42904373e-02
    8.79888093e-03  9.99452604e-03  6.17732713e-02  3.86674409e-03
    9.60838437e-03  3.12975546e-02]
  [-5.28770651e-02 -1.54027912e-03  7.49319986e-02 -1.64625683e-03
   -3.74524612e-03 -2.79434109e-02  9.16036595e-01 -3.10047982e-02
   -2.70709138e-03 -7.04646870e-03]]

 [[ 1.08366388e+02  9.78210550e+00  1.85568108e+00  1.68120568e+02
    1.62884876e+01  7.22562030e+01  7.49921228e+00  1.19771799e+01
    1.61293902e+02  5.64475399e+01]
  [ 9.84455955e-02  2.94192746e-01  1.01268396e-01  5.82737862e-02
    4.58237110e-01  5.67395107e-01  1.73747029e-01  6.78882625e-02
    1.01059859e-01  8.83448255e-02]
  [-1.72394857e-01  6.24598474e-02  9.67606556e-02 -6.37084539e-03
   -2.68068911e-02  5.94995518e-02 -1.33651433e-02 -2.79456283e-01
    1.04005863e+00  5.65909153e-01]]

 [[ 4.52267076e+00  1.61819767e+00  1.77112039e+01  1.08809293e+01
    1.06449255e+01  2.90597276e+00  1.72200694e+01  2.39332811e+01
    3.50290797e+00  1.74538346e+01]
  [ 2.56745699e-02  3.07154189e-02  5.67652062e-02  5.47149496e-02
    1.74730762e-01  3.96825756e-02  3.00206820e-02  2.86494196e-02
    1.76728325e-02  3.11225753e-02]
  [-2.62740732e-01 -1.78948189e-02 -9.36555682e-02 -2.60281763e-02
   -3.62086230e-02 -1.39346211e-02 -1.36238455e-01 -3.93600934e-02
   -1.81780542e-02 -3.11816596e-02]]

 [[ 8.17668365e-01  1.72975081e+00  4.36637808e+00  1.06401907e+01
    2.93184750e+00  2.88585887e+00  7.43064277e+00  6.07408583e+00
    8.57945658e-01  1.62837074e+00]
  [ 5.17457012e-02  1.54237326e-01  5.13767964e-02  4.16708444e-03
    1.19654659e-02  5.41689996e-03  5.33100887e-03  1.39587958e-02
    9.32922463e-03  2.61699252e-02]
  [-4.45783826e-02 -8.67509273e-03 -2.87788152e-02 -1.40318334e-01
   -7.59860893e-02 -7.58173405e-03 -1.06232405e-01 -2.71024157e-03
   -1.16108673e-02 -1.47556254e-01]]

 [[ 9.41101514e+01  3.75131181e+02  4.09164063e+01  3.24181368e+02
    5.35717284e+01  2.68854135e+01  1.59586954e+03  1.54605735e+02
    3.18643361e+01  2.32564186e+01]
  [ 2.28723035e-01  2.15717412e+00  1.43976910e+00  3.16134732e-01
    1.96393006e+00  1.81927261e-01  7.65707702e-01  9.60317267e-01
    2.07271459e-01  1.11384068e+00]
  [ 2.98186535e-01 -6.24714135e-02 -1.83995021e-03 -1.44885640e-01
   -8.05690618e-03  1.85429714e+00 -8.84291714e-03 -1.11404329e-02
   -1.22614383e-02 -3.36219028e-02]]

 [[ 1.52630494e+01  8.66141470e+01  6.82320470e+01  7.66920900e+01
    4.65275599e+01  1.90792809e+01  1.36498710e+01  3.04205108e+01
    5.20323426e+01  7.19585862e+01]
  [ 3.32111469e-01  2.87779901e-01  1.95489680e-01  1.16621293e-01
    7.20625373e-01  7.37916319e-01  7.83409811e-01  6.61053543e-01
    1.82333527e-01  1.25525324e-01]
  [-1.06824740e-02 -1.61860426e-01 -4.33511002e-02 -1.73122105e-01
   -2.25113078e-01 -3.26119424e-02  3.40638990e-01 -1.77026509e-01
   -2.32720351e-02 -2.60393567e-01]]

 [[ 2.49730278e+01  2.05450055e+01  1.91229245e+01  1.27605233e+01
    1.49539510e+01  1.24383510e+02  6.58105041e+00  1.10070204e+01
    1.29957366e+01  7.85689381e+00]
  [ 5.59295124e-01  2.47486805e-02  1.17366460e-01  1.57330379e-01
    1.64660549e-01  8.46441065e-02  3.74608611e-02  5.27086691e-02
    6.19820576e-01  2.92056573e-01]
  [-4.60927982e-02 -6.31168477e-02 -8.41896030e-02 -1.48407292e-01
   -3.39995229e-02 -1.86989675e-01 -2.95213376e-02 -3.83790267e-02
   -4.00214295e-01 -3.19477495e-02]]

 [[ 3.27081083e+03  7.96290788e+01  5.89162258e+02  1.83135545e+03
    1.96040067e+02  3.13769928e+02  1.71782263e+02  1.16326283e+03
    1.30041300e+03  7.56491914e+02]
  [ 4.31356007e+00  4.43596022e+00  7.93458658e+01  8.74465942e+00
    3.73294468e+01  3.17028329e+00  4.66949356e+00  3.13361826e+00
    8.09137792e+00  6.41783750e+00]
  [-2.33094285e-02  8.68245781e-01 -7.50314622e-02 -7.43245525e-02
    1.00764066e+00 -3.54953075e-02 -2.74916526e-02  6.41138404e-01
   -1.39190067e-02  2.49032255e-01]]

 [[ 2.18846745e+02  2.31529765e+02  2.58238324e+02  1.62286079e+02
    9.02708480e+01  1.48289503e+02  5.73983287e+01  3.66579448e+01
    1.25461339e+02  1.72218495e+02]
  [ 5.31242363e-01  7.52657859e-01  4.44645053e+00  4.11202909e+00
    2.82416725e+00  1.52028202e-01  1.05703844e+00  1.77597362e+00
    3.28848226e+01  1.02904800e+00]
  [-5.39675281e-02 -2.05610964e-01 -1.41069160e-02 -1.88568652e-02
   -5.18932476e-03 -1.07121164e-01 -6.72266037e-02 -7.51605377e-02
   -5.80395402e-02 -1.28169060e-01]]

 [[ 2.34688567e+02  1.20141337e+02  1.14431585e+02  6.90631032e+01
    2.19210767e+02  9.20247412e+01  8.67528403e+01  1.27898457e+02
    1.26268955e+02  7.43349275e+01]
  [ 2.33862968e+00  6.74011078e-01  5.42812539e-01  4.88881346e-01
    1.04563235e+00  2.30425142e-01  1.02828528e+00  2.89288222e+00
    4.72056632e-01  1.56196990e+00]
  [-4.89161492e-02 -2.01418466e-01 -8.54050508e-02 -1.97155233e-02
   -4.11745042e-03 -1.89763279e-02 -5.35533108e-03 -9.71791423e-02
   -8.06281316e-02 -2.49691428e-02]]

 [[ 8.52886503e+03  5.19752322e+04  4.11946431e-03  9.92436025e+02
    2.10907370e-03  3.50826729e-03  1.00447385e+05  5.40598081e-02
    9.61775130e+03  1.50150004e-03]
  [ 4.26970595e-01  4.83042002e+00  5.63096319e+02  1.88761825e-05
    7.94429502e-06  5.17726226e+02  2.91216094e+01  1.57906035e+01
    9.00524643e+01  8.11039624e+02]
  [-1.94753864e-03  5.22228535e-01 -7.21797218e-04  6.32199117e-01
    1.50444417e+00  3.61230483e+00  1.00469141e+00  2.56090630e-01
   -5.37692237e-05  3.24856408e-01]]

 [[ 2.24214673e+03  1.00296447e+03  3.44548376e+02  2.26666298e-04
    4.80834876e-04  5.16033126e-04  2.26911502e+04  1.49295410e-03
    1.88447851e+04  2.64858865e-03]
  [ 2.85744349e-06  1.60894710e-05  2.35815738e+01  6.11350662e-06
    9.98430809e+01  1.18988106e-06  1.71693740e+03  2.25991703e-05
    1.60719319e+03  3.63226852e+01]
  [ 4.49854979e-01 -5.71130545e-04 -8.25166275e-03  2.83249426e+00
    6.39653269e+00 -1.07798357e-03 -4.70005995e-04 -1.29921108e-03
    1.34913070e-01 -1.19234983e-03]]

 [[ 3.02796996e+03  3.08268591e+03  3.71625561e+03  1.58856106e-04
    8.83234962e-05  2.24426607e+04  1.13308402e-04  7.33228718e-05
    5.32902585e+03  1.84352002e+02]
  [ 1.82008787e-07  1.91103316e-07  1.52752871e-06  2.30051907e+02
    3.44770475e-06  2.59035454e-06  6.78875242e-07  1.05983084e+01
    2.53683647e-06  1.38520608e-05]
  [-3.25015082e-02  1.07461572e+00  1.30241539e-01 -2.72411420e-03
    1.29174503e-01  6.50864631e-02 -1.02574105e-05  2.23687609e+00
   -1.13531527e-03  7.11082455e-02]]

 [[ 1.56924706e+00  2.18563623e+00  8.71939442e-01  2.16172060e+00
    6.22615067e-01  3.71518452e-01  1.88164305e-01  1.65421828e+00
    6.96529737e-01  6.14668649e-01]
  [ 1.06814681e-02  1.56954251e-02  1.50183436e-03  8.10449783e-03
    1.82251522e-03  4.27059178e-03  8.49942751e-04  3.97898639e-03
    8.21540412e-03  6.00697966e-04]
  [-5.71111113e-03  4.09011788e-01  3.54808921e+00  3.24049916e-01
   -2.39778065e-02  2.56165220e-01  4.36368814e-03  9.58756919e-01
   -1.69827544e-02 -1.33450695e-01]]

 [[ 2.66098967e-01  1.22235621e-01  7.75455909e-02  2.77262046e-01
    7.72360958e-02  7.66576949e-02  1.26693532e+00  1.53898813e-01
    6.83000399e-01  1.95551414e-01]
  [ 1.68489707e-03  1.82315310e-03  7.63083022e-04  2.47720300e-03
    1.23268008e-02  8.37915715e-04  2.49980089e-03  3.17684353e-03
    2.83638951e-03  2.17112110e-03]
  [-3.15067482e-03 -1.73154898e-02 -3.92769109e-03  4.49570430e-01
   -3.81754966e-02 -1.27343268e-02  7.73451316e-01  7.63166836e-01
   -1.26321992e-02  3.97929336e-01]]

 [[ 1.57724323e-01  2.77187480e-01  4.94325925e-02  2.13766291e-01
    3.44541490e-02  2.35378595e-02  1.07123725e-01  2.10097556e+00
    9.71510097e-02  1.82574488e-01]
  [ 2.86584411e-04  5.04139611e-04  2.52402581e-04  2.02754622e-03
    7.72491975e-04  5.64090120e-04  6.01751988e-04  3.90527529e-04
    9.34870262e-04  3.01921867e-04]
  [ 3.57300094e+00 -1.33594692e-01 -1.10437850e-01  1.01572553e+00
   -1.65627374e-02  1.13404160e+00  3.80143815e-01 -8.48161846e-02
   -4.14309996e-03  5.73456766e-01]]

 [[ 7.16072966e+00  2.99913871e+00  9.67078472e+00  3.44735051e+00
    3.42972269e+00  4.99465137e+00  4.52713943e+00  2.32866473e+00
    4.25954088e+00  9.72917010e+00]
  [ 1.55448928e-02  4.80775856e-02  4.27220779e-02  1.08264186e-02
    3.06997711e-02  1.39618865e-01  4.83385975e-02  6.33911750e-02
    2.29504222e-02  2.94486378e-02]
  [ 4.10849249e-01  7.00488431e-01 -3.46689948e-01  2.21466452e-01
    4.11597429e-01  1.64291773e+00 -6.33046520e-02 -2.12071026e-02
    4.00236956e-01  3.84131433e-01]]

 [[ 8.48098149e-01  4.93117392e+00  1.99376503e+00  2.12052034e+00
    2.10244729e+00  1.98913352e+00  1.12367666e+00  2.34989468e+00
    3.10461115e+00  3.64387389e+00]
  [ 1.75384660e-02  2.24412029e-02  5.17344608e-03  7.58369527e-03
    2.59975776e-02  5.23944694e-03  1.88707566e-03  3.14726079e-02
    1.18077511e-02  7.81961035e-03]
  [-3.17228494e-02  8.34677770e-01 -3.36384527e-02  5.83402366e-01
   -6.21995835e-02 -4.75194910e-02 -1.31693637e-02 -1.16329876e-03
   -6.42088312e-02 -1.97710396e-02]]

 [[ 1.90036033e+00  1.54754353e+00  3.48168231e-01  1.43532392e-01
    1.81927040e-01  6.16791446e-01  3.29565332e-01  9.20131012e-01
    1.25515586e+00  3.13610097e-01]
  [ 1.48680205e-03  7.16985095e-03  5.31100487e-03  5.46127159e-02
    6.06824284e-03  3.07333101e-03  1.31989751e-03  9.46120167e-03
    1.24066821e-03  2.92640625e-02]
  [-2.31773554e-02 -2.14388807e-02 -2.45979401e-02 -5.48408115e-02
   -4.00608117e-04 -1.08313678e-01 -2.53968813e-02 -3.41551164e-02
   -3.44432031e-03  1.07923630e+00]]

 [[ 5.84082192e+01  1.59812693e+01  3.08499803e+01  5.72897788e+01
    1.76525260e+02  3.87506024e+01  3.85141743e+01  5.67952492e+01
    2.38179579e+01  4.88169833e+00]
  [ 1.56305972e-01  3.35357391e-01  5.38003236e-02  7.11954634e-02
    3.37052280e-02  8.40191414e-02  1.18178825e-01  6.64031499e-02
    4.28979070e-02  7.51707759e-01]
  [-8.89279318e-03 -8.26719007e-02 -8.76598575e-02 -3.59466047e-03
    9.00407723e-02 -1.67297415e-02 -5.57327893e-02  3.83617495e-01
   -2.69381399e-02  1.71991495e-01]]

 [[ 9.47622365e+00  1.03539269e+00  6.94967693e+00  6.56023042e+00
    2.08793081e+01  4.09767045e+00  6.05199673e+00  2.06466112e+00
    2.39902205e+00  1.70394512e+00]
  [ 2.57394064e-02  2.29541759e-02  1.23931045e-02  1.32534994e-01
    7.45973196e-02  7.35488068e-02  1.08344604e-01  1.45807889e-01
    1.72294586e-02  5.42416003e-02]
  [-1.01258511e-01 -1.83892722e-02 -6.37623175e-02 -1.68070136e-02
   -3.48627188e-04 -1.46411042e-02 -1.00818106e-01 -2.81279438e-02
   -6.17523368e-03 -2.85754848e-02]]

 [[ 6.81441344e-01  1.12442669e+00  2.95676627e+00  3.22234397e+00
    2.79631566e+00  3.12306348e+00  5.21079299e-01  5.70862543e-01
    9.43598807e+00  2.33342775e+00]
  [ 1.01371945e-02  1.41322336e-02  6.99206920e-03  4.59857609e-02
    1.79006500e-02  9.52142994e-03  6.24957332e-03  1.56014090e-02
    6.02640414e-03  1.58657703e-02]
  [-2.18547104e-01 -7.05042782e-02 -1.38295782e-02 -1.41128055e-03
   -2.16865488e-02 -2.34585217e-02 -5.54289395e-02 -9.06322377e-02
   -7.34796963e-02 -2.56456846e-02]]

 [[ 5.80323605e+01  6.61186377e+01  9.55398357e+01  4.18191569e+01
    8.00312992e+01  9.76657161e+01  1.35910687e+02  3.94209992e+01
    5.96220944e+01  6.08533924e+01]
  [ 3.66036901e-01  5.85472495e-01  3.23220972e-01  1.47880163e+00
    2.39064833e-01  1.02328328e+00  1.10015316e+00  2.81232062e+00
    5.89347190e-01  1.10339759e+00]
  [-9.78141873e-03 -5.01804873e-02 -1.74754993e-01 -5.88015691e-02
   -8.92168190e-02 -2.11344858e-03 -8.27252029e-02 -2.05352917e-02
   -6.27343410e-03 -9.78278722e-02]]

 [[ 2.10755767e+02  5.07467756e+00  1.63009900e+02  1.26738729e+01
    1.84560390e+01  2.98139539e+01  8.71933372e+00  3.76377953e+01
    3.98993036e+01  5.76151083e+00]
  [ 1.14970702e-01  1.01276198e-01  1.66921611e-01  4.14938303e-01
    5.89516382e-01  2.04148507e-01  1.30297518e-01  7.73898505e-02
    2.49623361e-02  1.40577487e-01]
  [-2.11782475e-02 -7.64151680e-03 -4.32946482e-02 -2.63388110e-02
   -5.39660951e-02 -9.86818833e-02 -2.79990271e-02 -7.07324756e-02
   -3.01989932e-02 -7.03088559e-03]]

 [[ 1.61312293e+01  3.97064102e+00  2.71132097e+01  5.83665893e+01
    1.67433123e+00  9.58874891e+00  7.07428465e+00  4.06776051e+01
    2.59044479e+01  2.73186774e+01]
  [ 2.72342951e-01  2.20902877e-01  5.73374594e-02  3.02363500e-02
    5.43748950e-02  9.33716388e-02  6.99164703e-02  1.40012672e-02
    1.22853867e-01  1.19122119e-02]
  [-7.42513210e-02 -1.06988652e-02 -1.01736603e-02 -1.45922582e-01
   -1.77816514e-02 -1.65821372e-02 -1.32006071e-01 -8.86982129e-02
   -3.72340387e-02 -1.90754509e-01]]

 [[ 3.63977201e+02  1.70277160e+03  3.39680279e+03  6.39734232e+02
    1.30648127e+03  3.61648298e+02  2.69617000e+03  6.06212206e+02
    1.02636280e+03  3.53806403e+02]
  [ 1.90875896e+00  8.15382135e-01  2.50112411e+00  2.25587472e+00
    1.89438841e+00  1.89719829e+00  9.82617865e-01  4.59974201e+00
    2.72374891e+00  2.19608806e+00]
  [-3.21975271e-02 -2.04442832e-01 -1.25516520e-01 -4.30934483e-02
    7.25870700e-01 -1.31029927e-01 -9.36658618e-02 -9.26512433e-02
   -5.30952178e-02 -1.48374406e-01]]

 [[ 1.10359541e+02  5.99799881e+01  8.21399143e+01  4.84064756e+01
    3.03704342e+01  1.64090006e+02  1.48849592e+02  4.70643868e+02
    8.55344995e+01  1.17923405e+02]
  [ 7.61822175e-01  7.65275963e-01  2.91080951e+00  4.66858767e+00
    1.71628375e+00  1.00574501e+00  1.01122245e+00  1.22246144e+00
    2.87559453e-01  2.24513527e+00]
  [-9.84157184e-02 -9.06955934e-02 -1.48645116e-01 -1.74742740e-01
   -9.57778138e-02 -3.17969903e-02 -1.40679591e-02 -2.73021717e-02
   -1.56100358e-01 -1.93821370e-02]]

 [[ 6.95936644e+01  6.01660191e+01  4.91474235e+01  4.72783132e+01
    4.64728932e+02  5.94699590e+01  4.06210125e+00  2.21748733e+02
    1.94265938e+01  9.71771762e+01]
  [ 2.11595413e-01  8.72555974e-01  2.54473519e+00  1.70811852e+00
    1.47030024e+00  4.04293571e-01  7.78734576e-01  3.69231416e-01
    9.55263391e-01  4.74065592e-01]
  [-6.55315286e-02 -1.14236278e-01 -6.58389716e-02 -5.80336731e-03
   -6.89747877e-02 -2.11698650e-01 -7.34797674e-02 -7.66390451e-03
   -1.17644093e-01 -1.41757817e-02]]

 [[ 1.97395767e-01  1.36859264e-02  2.34314600e+01  5.65216286e-03
    1.11894100e-02  2.63766664e+02  1.36714444e-02  4.46008166e-03
    3.35640356e-02  9.89083361e+00]
  [ 8.59077337e-04  2.18418974e+01  2.27543925e-05  7.61944763e-05
    1.43952221e+02  4.02213966e-05  9.70726825e+02  1.87220483e-05
    5.12623924e+00  1.27488742e-03]
  [ 2.64926297e-01 -6.33150587e-03  4.45278466e-01  1.01210864e+00
    3.48810653e+00 -1.26848884e-04  5.57707098e-01 -2.21031396e-03
    1.76104089e+00 -9.90530344e-04]]

 [[ 1.91617176e+04  2.40997818e+04  1.16254021e-03  2.11085148e+03
    3.96480672e-03  1.68751546e-03  1.83882757e-03  4.40993765e-04
    1.33401240e+04  4.36571451e-02]
  [ 1.70441078e-05  2.58869264e+01  2.46935510e-05  1.48595360e-05
    3.08830070e-05  2.18010721e-06  8.11507152e-06  1.42588585e-05
    2.40691251e-05  1.92979683e-05]
  [-4.49928083e-04 -1.05007013e-03  6.13989454e+00  3.18126233e+00
    3.12934162e+00  3.11664759e+00 -1.02641554e-03 -1.05523551e-04
    6.08131491e+00  2.74975939e+00]]

 [[ 1.73033111e-03  5.79616829e-04  7.23896325e-04  1.03673647e-03
    8.14562710e-04  6.44556323e-03  4.18723039e-04  2.41148059e-03
    9.10450444e+03  6.15111134e-04]
  [ 1.08277300e-06  8.31584374e-06  7.02703212e-06  5.07844424e-06
    1.96642994e+00  8.27929350e-06  7.52935939e-06  1.50358664e-06
    9.91663923e-06  3.35681090e-06]
  [ 1.13678214e+00 -8.88824063e-04  4.28749837e+00 -3.13586301e-03
    4.32279103e+00 -5.90928607e-04  4.02395796e-01  4.75372493e+00
   -8.66436862e-04 -6.52087979e-04]]

 [[ 2.96993763e+00  1.87961206e+01  1.14989787e+01  1.24109325e+00
    3.56498595e+00  2.09109114e+00  1.32370255e+01  3.01953948e+00
    1.95302472e+00  1.14650316e+01]
  [ 2.59703015e-02  3.97773871e-02  6.71667955e-03  6.50279199e-02
    1.15335320e-02  4.24488625e-02  1.91436175e-02  7.07678837e-03
    8.49027646e-02  1.26942962e-02]
  [ 1.01934434e+00  3.90727694e-01 -4.02804801e-03  1.33559560e+00
    1.25386759e-01 -1.24711400e-02  2.25073494e+00  7.80254429e-01
    1.40294109e+00  9.61210414e-01]]

 [[ 1.43076240e+00  3.68601619e+00  5.24743335e-01  2.69336265e-01
    1.20019249e+00  1.77781380e+00  9.38649695e-01  1.17446846e+00
    3.15944223e-01  1.80772839e+00]
  [ 9.70158646e-03  6.59840035e-03  6.23787457e-03  1.71180709e-02
    1.31895119e-02  6.59884326e-03  6.44161647e-03  7.93461508e-02
    4.17747035e-03  8.34823019e-03]
  [ 3.91050275e+00  5.21093971e-01 -4.84027263e-03  8.65130203e-01
    1.16539484e+00 -2.10590803e-03  5.78896807e-01  6.68870054e-01
    2.30503133e+00  1.81661689e-03]]

 [[ 2.27829200e-01  3.78680124e-01  6.34538607e-01  3.96727699e-01
    4.38453284e-01  3.87321976e-01  2.27855452e-01  2.99504017e-01
    2.98016049e-01  8.33494238e-02]
  [ 4.66740915e-03  1.82617220e-02  1.10867568e-03  1.10835865e-03
    3.39778892e-03  1.87739395e-02  5.03172403e-03  6.16820122e-03
    7.51263665e-04  4.61322034e-03]
  [ 9.57247977e-01 -9.56598259e-03  2.07142484e+00 -2.03269622e-03
   -3.97846952e-02  1.15711867e+00  1.53177866e+00 -1.68487028e-04
   -6.24733105e-04  2.44272966e-01]]

 [[ 1.90191733e+01  4.72222158e+01  8.44755072e+00  3.49839588e+01
    2.13182068e+01  8.97702200e+01  2.09785846e+01  2.18266457e+01
    1.38533995e+01  5.15050384e+01]
  [ 1.51336014e-01  1.37300379e-01  5.23068773e-01  1.09755277e-01
    1.45583659e-01  2.34388751e-01  3.33195571e-01  3.66182318e-01
    4.91450536e-01  2.86543145e-02]
  [ 4.99439621e-01  6.39867306e-01 -5.84379421e-03  2.25920854e-01
    4.49838723e-01  3.16149603e-01 -7.98617393e-03  1.86562647e-01
   -6.28857737e-03 -4.68986234e-02]]

 [[ 1.42384374e+00  9.48960052e+00  4.16454158e+01  9.25267966e+00
    5.67326659e+00  9.36469481e+00  2.74189241e+00  5.46629060e+00
    1.15804515e+01  4.62667215e+00]
  [ 7.38223369e-02  4.39097097e-02  8.14594436e-02  4.16933706e-02
    2.13955213e-01  5.54693177e-02  5.37387829e-02  3.03753521e-01
    2.66516683e-02  1.24353174e-01]
  [ 4.29128989e-02 -8.01895771e-03 -1.66369251e-02  2.28126191e-01
   -1.64970716e-01  3.70192476e-01  6.33212984e-01  7.34597397e-01
   -8.89190577e-02 -4.55828705e-03]]

 [[ 1.53615106e+00  1.64366534e+01  2.24713534e+01  3.66451919e-01
    2.68012563e+00  1.28337179e+01  2.61699556e+00  1.06358928e+02
    3.93781972e+00  9.56375305e+00]
  [ 9.40750584e-03  1.41850745e-02  6.95444248e-02  2.93374411e-02
    6.58207958e-02  2.05438302e-02  2.79111142e-02  1.32578032e-02
    5.77401877e-03  1.78512196e-02]
  [-5.82144607e-03 -4.98592071e-02 -1.64645372e-02 -1.08581981e-01
    3.63948356e-01 -5.29397964e-02 -7.77187249e-04 -7.14182652e-03
    9.52620851e-01 -6.03453075e-03]]

 [[ 9.15865516e+01  2.73765095e+01  3.40727002e+01  1.75098616e+02
    4.67580598e+01  3.29889484e+02  1.18474269e+01  7.43529465e+01
    3.54753297e+01  5.22877023e+01]
  [ 6.47664528e-01  8.08395430e-02  1.67012984e-01  1.16312619e-01
    2.43137985e-01  9.84036568e-01  1.05719708e-01  2.51460810e-01
    2.07883137e-01  4.09280881e-01]
  [-1.54250435e-02  7.68345559e-01 -4.81057950e-02 -2.35720877e-02
    5.43602305e-01  9.91920642e-01  1.22454904e+00  6.10633023e-01
   -4.06204690e-02 -5.04711971e-03]]

 [[ 1.81032288e+01  2.02637509e+01  1.46950389e+01  5.00834480e+00
    5.90416581e+01  2.01732439e+01  2.82457365e+00  7.57199651e+00
    1.13556592e+01  3.40314937e+01]
  [ 1.16719897e-02  1.87730045e-01  1.04076474e-01  5.69019313e-01
    3.99628748e-02  9.17602029e-02  3.68724539e-02  8.97719083e-02
    1.63172613e-01  4.72089601e-02]
  [-4.12285582e-02  2.03183667e+00  2.10412574e-01 -1.20824172e-02
   -7.85856955e-03 -5.60950377e-03  4.72562263e-02  4.54914966e-02
   -1.89144385e-02  1.20669494e-01]]

 [[ 4.98636029e+00  4.49660169e+00  4.25222492e+00  2.52669892e+00
    3.36603774e+00  7.65969496e+00  8.11852783e+00  2.15447202e+00
    4.13973904e+00  4.24798464e+00]
  [ 2.75418425e-02  2.18975190e-01  1.09469813e-02  2.22888897e-02
    2.39103924e-02  4.13793742e-02  1.71341075e-03  1.97090707e-01
    2.45767931e-01  3.11387715e-02]
  [-3.97704850e-03 -7.39106395e-02 -8.18352283e-02 -7.62750650e-02
   -5.31207661e-02 -8.15777001e-02 -2.51097805e-03 -3.14843825e-02
   -2.27132316e-02 -3.68675970e-02]]

 [[ 1.86608892e+02  7.21139150e+01  2.52759405e+02  1.56772737e+02
    7.55335661e+02  5.61206591e+03  1.33540069e+02  2.11022215e+02
    8.21870493e+01  4.02109692e+02]
  [ 1.22155034e+00  1.19611543e+01  7.63218306e-01  2.70989505e+00
    9.03946727e-01  8.99071168e-02  1.58902611e-01  7.18758649e+00
    4.68153489e-01  4.97674219e+00]
  [ 3.03833146e+00 -1.53674673e-01 -4.06786968e-02 -1.36603107e-01
   -1.16949748e-02 -4.13869402e-02  4.62864414e-02  3.26716367e-02
   -4.64455520e-02  1.63331270e-01]]

 [[ 1.96762753e+01  1.69744838e+02  7.02864047e+01  6.91052363e+02
    4.72214046e+01  1.13347144e+02  4.68009029e+01  1.69904331e+01
    8.71813357e+01  3.59477116e+01]
  [ 1.32890932e+00  3.24984872e-01  6.95604469e-01  5.09749069e-01
    1.54426708e-01  1.21140367e-01  1.54352059e+00  9.31418120e-01
    1.29985402e+00  5.35157310e-01]
  [-2.92104930e-02 -1.64079874e-02 -9.11048465e-02  3.52114888e-01
   -6.25461098e-03 -1.83994012e-02 -1.57397299e-01 -9.21766223e-02
   -1.75311554e-02  1.28740470e+00]]

 [[ 3.34239847e+01  1.16512169e+01  5.95580137e+01  2.54945941e+02
    5.02228523e+01  7.99576404e+01  5.94562285e+01  4.99590301e+01
    4.38009166e+01  1.42466049e+01]
  [ 6.53275553e-02  3.49474990e-01  4.86774189e-01  1.10476678e+00
    2.11309829e-01  1.66991764e-01  8.98467477e-02  1.24778267e-01
    2.53260989e-01  1.60676496e-01]
  [-1.29175964e-03 -1.28985616e-02 -9.73170139e-02 -1.27571994e-02
   -3.81481922e-02 -1.83935221e-01 -1.54293239e-01 -6.93722001e-02
   -1.50383939e-02 -5.88936775e-02]]

 [[ 4.76357097e+02  1.10410418e+03  2.62566285e+03  2.12495918e+03
    7.11290786e+02  5.36538298e+03  8.53939357e+02  3.89522795e+03
    5.02522675e+02  1.46350402e+04]
  [ 3.17222231e+00  7.42895616e+00  8.53656757e+01  9.64115192e+00
    5.44856494e+00  6.71221001e+02  1.41021533e+01  7.27583570e+00
    7.21658175e+00  7.74433470e+00]
  [-1.31114494e-01  4.49572633e-01  3.57139809e+00  9.09523545e-01
    1.54563336e-01  3.19497422e-01 -2.83378451e-02 -1.96990835e-04
   -2.68624768e-02 -1.09101549e-01]]

 [[ 1.80769600e+03  3.78254870e+02  6.48475210e+01  1.69732054e+02
    2.13409584e+02  2.61845899e+03  2.15359079e+02  2.88611303e+02
    3.72529311e+02  3.06966850e+02]
  [ 2.95210490e+00  5.55439317e+00  1.43246251e+01  5.07141613e+00
    5.78677298e+00  6.56790588e+01  1.39798157e+01  6.19494491e+00
    3.36401823e+00  2.86974692e+00]
  [ 3.52489339e-01 -5.12224848e-03  6.09168548e-01 -8.78224018e-02
   -2.02769651e-02  9.53537624e-01 -2.05523246e-01 -3.47439172e-01
   -4.11912537e-02 -1.38163145e-01]]

 [[ 1.20478903e+03  1.93356525e+02  1.12738538e+02  9.95143646e+01
    5.88905029e+01  6.02628373e+01  3.41969193e+02  1.60390952e+02
    2.95838755e+02  8.79898388e+01]
  [ 2.28850900e+00  6.98690725e-01  1.26580117e+00  1.56141469e+00
    6.14650361e-01  1.79296641e+00  2.33824839e+00  2.30241501e+00
    2.29528768e+00  2.69487685e+00]
  [-2.68506106e-02 -2.05124641e-01 -1.33308121e-02 -4.88045198e-01
   -4.74161519e-02  1.04700233e+00 -4.89541863e-02 -1.79911994e-02
   -2.57513325e-01 -2.43328572e-01]]

 [[ 1.41576410e-02  6.04601693e-03  2.88638197e+03  9.39061498e+00
    9.08307036e-03  1.76943751e-03  4.27528881e-03  2.10858776e-02
    2.08117364e+04  6.98442540e-03]
  [ 5.29008133e-05  1.69130462e-05  3.34990290e+00  9.74337270e+01
    2.85465530e-04  1.94406594e-05  4.87200537e-06  1.70111546e-05
    1.36760772e-06  1.04767136e+02]
  [ 2.24097692e+00 -4.31618806e-03 -5.48708509e-05 -5.35908047e-03
   -6.47058189e-04  5.35903255e+00 -2.63656676e-03  1.93313038e+00
    1.39985884e+00  4.44868889e-01]]

 [[ 4.58560020e-03  3.00228095e-03  1.42562404e-03  1.92215905e-03
    2.36146121e+04  4.67146801e-03  9.57651030e-03  1.11746612e+04
    1.06662298e-03  2.10493287e+04]
  [ 7.71376197e-06  1.33119156e-05  6.36832458e-06  6.11581340e-06
    1.27361665e+01  2.64562131e-05  8.02076168e+01  1.07504643e-05
    8.37522573e-06  1.53079248e-05]
  [ 4.47670562e-01  1.10995993e+00 -7.69047852e-03 -1.79494992e-03
   -3.09580326e-03 -2.68529674e-02  6.34376651e-01 -2.13472340e-03
    8.22145635e-01  7.58377843e-01]]

 [[ 3.10460839e+03  8.28735972e-04  2.21770873e-05  1.22552473e-03
    2.65724584e-04  2.83807650e-04  9.23249485e-05  4.03250669e-03
    9.11576759e-04  7.30982290e-04]
  [ 5.95329480e-06  2.32924757e-06  2.34066444e-07  3.30258109e-06
    1.64265284e-06  1.13908491e-06  1.51802301e-06  2.42160326e-06
    5.12255682e-07  1.78633404e-06]
  [-1.91011487e-05  8.91937509e-03  3.39309499e+00  1.26505522e+00
    1.67820937e+00 -5.72956002e-05 -8.35907410e-03  3.20379593e-01
    7.74452974e+00  1.07915920e+00]]

 [[ 6.81544108e+00  8.35885397e-01  4.31341422e+00  2.31814161e+01
    1.56335683e+01  1.77478672e+00  4.89490152e+00  1.03753099e+00
    6.88564578e+00  5.85989142e+00]
  [ 2.23563117e-02  4.04548806e-03  1.05470210e-02  8.89004290e-03
    1.17021834e-02  6.57693478e-02  1.32000140e-02  1.63791896e-02
    4.18109102e-03  2.15020666e-03]
  [-4.80906275e-02  2.59940261e+00  5.50692987e-01  2.50558696e+00
    6.12452760e-01  9.55734682e-01  7.06048643e-01  8.85969586e-01
    4.12626600e-01  2.53330044e+00]]

 [[ 1.52436689e+00  4.37369277e+00  1.70494610e+00  4.04618470e-01
    1.32699000e+00  2.07193746e-01  4.23137000e+00  3.18852188e+00
    9.91554908e-01  1.48921310e+00]
  [ 3.73884416e-03  9.67326941e-03  2.37673974e-03  8.28390532e-03
    7.62308635e-03  5.43222511e-03  3.45994681e-03  6.76583517e-03
    6.86180779e-03  1.45620733e-03]
  [-1.90664962e-03  5.37839734e-01  6.32709301e-01 -5.25822355e-02
    5.17795516e-01  5.51877935e-01 -2.40758639e-04 -1.24816753e-02
    2.12186727e+00 -1.17066118e-02]]

 [[ 5.11943987e-01  1.96088166e-01  6.49101722e-01  1.67485569e+00
    4.21644042e-01  4.08755078e-01  1.53650096e-01  1.83169591e-01
    6.26110790e-01  1.08248975e+00]
  [ 5.95542760e-03  1.49452356e-03  4.23785308e-03  1.24566126e-03
    9.54082114e-04  2.17386395e-03  2.33721022e-03  1.74145113e-03
    2.94999350e-03  4.23083569e-04]
  [-8.51918599e-04  1.01507431e+00 -2.48386483e-03  4.19852267e-02
   -1.82452379e-02 -9.56654945e-03 -4.01947475e-04 -2.62354950e-03
   -1.82036393e-03  8.20892913e-01]]

 [[ 1.74047532e+01  6.96402071e+01  1.20118813e+01  6.18485499e+01
    3.78257836e+02  1.12262683e+01  7.17629521e+00  1.46181222e+01
    3.53662115e+01  1.15841346e+02]
  [ 1.55627354e-01  3.36440140e-02  5.12618244e-02  1.85451981e-01
    4.31907955e-02  9.28932196e-02  6.96375829e-02  2.92272356e-02
    3.58293712e-02  1.30859367e-01]
  [-2.16848290e-01  6.98876946e-01  1.96294533e+00  7.53931887e-01
   -1.64323315e-01  6.73483913e-02  4.45006695e-01 -1.12253301e-02
    9.66766353e-02  7.28616331e-01]]

 [[ 9.24185913e+00  3.58571749e+00  2.55940523e+00  1.72515221e+01
    1.50086801e+00  7.99864962e+00  2.56682009e+01  2.75999875e+00
    1.85533736e+00  1.16792926e+01]
  [ 1.44347226e-02  1.20586465e-02  1.26068882e-02  9.15243640e-03
    2.68275574e-02  9.93940854e-03  6.14540444e-02  2.63949554e-02
    2.53295638e-02  5.53784817e-02]
  [-1.20380522e-03 -6.88551865e-04 -2.95114500e-03 -4.15529203e-02
   -2.91152411e-02  1.59811111e-01  4.75425794e-01  9.33300609e-01
    9.38623956e-01 -2.35677356e-02]]

 [[ 4.25419288e-01  1.71266136e+00  6.03326794e+00  2.07360582e+01
    2.71803076e+00  5.76333322e+00  3.15965752e+00  1.12728284e+00
    2.01851123e+00  1.65567601e+00]
  [ 4.32200670e-02  4.99872779e-03  4.07835820e-03  2.47348924e-02
    2.59723797e-03  7.95467627e-03  3.63107683e-02  1.65848942e-02
    6.82690861e-03  1.91723882e-03]
  [-3.08718336e-02 -4.05818514e-02 -1.89008891e-03  7.67614955e-01
   -2.60490460e-02  9.68821585e-01 -9.92327597e-03 -5.63498428e-03
   -2.43072058e-03 -2.15190178e-02]]

 [[ 8.30980742e+01  1.02424287e+02  1.02635965e+02  8.06356666e+01
    2.93252344e+01  1.65335087e+02  5.28228331e+01  5.25977722e+01
    3.05306766e+01  5.51556916e+01]
  [ 4.16257270e-01  1.38384136e-01  7.94687339e-02  1.27092164e-01
    3.21304486e-01  6.86891083e-01  8.48770552e-02  4.73396348e-01
    5.82055692e-02  7.84162710e-02]
  [-4.72271039e-02 -5.18559975e-02 -6.02195033e-02  1.54984289e-01
    2.53729844e+00  1.10037214e+00 -1.34865704e-01  2.88492675e-01
   -6.63614033e-03  2.18575212e+00]]

 [[ 2.12409113e+01  1.79444784e+01  1.71407525e+01  1.79645150e+01
    4.45174405e+01  8.18786383e+00  2.87153463e+01  1.87083504e+01
    5.34513414e+00  1.49897683e+01]
  [ 9.79430983e-03  5.36303545e-02  6.10062057e-02  6.07526952e-02
    7.36274002e-02  3.38697599e-02  2.45965526e-02  2.82250620e-02
    9.52009763e-02  1.57181158e-01]
  [-6.03439573e-03 -6.31366454e-02 -6.39236259e-02 -9.08681033e-04
    4.71370913e-01 -1.57937358e-02 -4.28208348e-02 -3.55184947e-02
    2.72536811e-01 -1.30167562e-02]]

 [[ 4.34091111e+00  1.96519917e+01  1.73096866e+00  1.16534238e+01
    3.61891227e-01  3.24341372e+00  1.25708901e+01  2.46710819e+00
    2.39025349e+00  3.66853936e+00]
  [ 2.34227228e-02  1.25868669e-02  1.61772426e-02  1.20545105e-02
    1.51807470e-02  3.12185717e-03  2.66530430e-02  1.88857345e-03
    4.06173624e-02  1.56512003e-02]
  [-6.07700552e-02 -1.85872073e-01 -3.30806835e-02 -6.07009103e-03
   -1.57776395e-01 -5.65656215e-03 -2.20095581e-03 -4.93256027e-02
   -6.68020642e-05 -3.64790620e-02]]

 [[ 1.05171607e+03  3.38512744e+02  2.44383152e+02  9.81295017e+01
    3.91547874e+02  1.61989909e+02  1.84568078e+02  1.61513972e+02
    5.00182938e+02  5.75543632e+02]
  [ 4.02912428e-01  6.07871158e-01  1.48532722e+00  1.54581506e+00
    9.07568072e-01  2.41227988e-01  2.10003702e-01  1.29233954e+00
    5.82705666e-01  9.03782893e-01]
  [-2.15694437e-01 -2.43557540e-01 -5.57757046e-02 -8.37226217e-02
   -3.56438108e-02 -2.29673144e-02  2.73936669e-02 -1.31221407e-01
    4.87583491e-01  1.68319034e-01]]

 [[ 8.57749179e+01  1.37340864e+02  6.82886744e+01  7.77924157e+01
    9.22434004e+01  1.70377546e+01  1.57311886e+02  2.01050736e+02
    1.93392302e+01  1.74708704e+02]
  [ 8.06230943e-01  5.90971279e-01  7.99071067e-02  1.53868049e+00
    1.61896131e-01  4.90628922e-01  1.90696908e-01  6.31379798e-02
    1.17977161e-01  4.51672505e-01]
  [-1.20900070e-01 -1.26775757e-02 -4.11361337e-01 -1.85236362e-01
   -2.91118141e-02 -4.31587831e-04 -8.14367547e-02 -2.28491817e-01
   -6.40390553e-04 -8.00566040e-03]]

 [[ 1.95383597e+01  1.66725016e+01  2.44511628e+01  5.01384428e+01
    4.48791218e+01  1.09193832e+01  2.66263030e+01  7.88874874e+01
    2.73331639e+01  7.41548177e+00]
  [ 2.55690200e-02  1.76417567e-01  1.41543519e-02  5.75555802e-02
    1.45342271e-01  1.79947987e-01  6.34952412e-02  1.58560925e-01
    5.97322257e-02  1.24448593e-01]
  [-3.61299700e-02 -4.98659689e-03 -7.52492784e-02 -4.10629485e-02
   -7.03852311e-03 -2.54563271e-03 -6.39866482e-02 -7.21050970e-02
   -1.27194378e-01 -4.28364029e-02]]

 [[ 7.11605717e+02  2.19135228e+03  3.40495768e+03  1.28894614e+03
    1.32466532e+04  1.73666226e+03  1.20712674e+03  5.80681696e+02
    2.48682347e+03  2.07226140e+03]
  [ 1.08770354e+00  9.76875889e+00  4.21628262e+00  2.56772844e+01
    4.31333775e+00  2.10953811e+01  6.09939584e+00  2.04178229e+00
    5.91494727e+00  2.17917433e+00]
  [-1.17330478e-01  1.30119106e+00  3.55964787e+00  1.35467274e+00
    5.48736612e-01 -5.13318328e-02  3.85557263e-02  4.73625227e-01
    7.82342318e-02  5.45378320e-01]]

 [[ 2.41759340e+02  2.18504664e+03  9.90622479e+02  3.19145161e+02
    1.27179212e+03  4.09302522e+02  4.55596614e+02  1.60525572e+03
    8.20785149e+02  1.75599952e+03]
  [ 2.36143267e-01  1.42179026e+00  1.93332948e+00  1.99499885e+00
    1.39835768e+00  1.02431871e+00  1.81705058e-01  3.00245892e+00
    7.59774044e-01  8.14204970e-01]
  [ 1.24806292e+00 -1.24693877e-01 -9.85992296e-02 -4.69285252e-02
   -5.73621837e-02 -1.54219236e-01 -1.55862033e-01  5.09684563e-01
    6.97689966e-01 -7.05067234e-03]]

 [[ 7.09852476e+01  2.44679781e+02  5.64660137e+01  4.45121355e+02
    9.03977106e+01  9.28032331e+01  1.43049870e+02  9.04650546e+01
    5.95376352e+02  8.52543158e+01]
  [ 9.33937816e-01  5.35141157e-01  6.02393977e-01  4.69119209e-01
    4.27569703e-01  1.71665505e+00  1.47522031e+00  7.28149797e-01
    5.54089787e-01  3.67348159e-01]
  [-6.15750772e-02 -1.40725850e-02 -6.90285195e-03 -3.41862282e-03
   -3.10630828e-02 -7.05995279e-02 -9.18579452e-03 -3.24220397e-03
   -2.08986050e-01 -8.83869114e-02]]

 [[ 3.32305793e+01  1.64969485e-02  4.65590269e+03  7.73403728e-03
    1.05072806e-02  2.70832867e+02  3.70743829e-03  4.08520947e-01
    1.19829434e-02  4.83344126e+00]
  [ 4.65167380e-05  6.79370765e+01  7.80094344e-05  8.49647695e-05
    1.05845737e-05  1.13745268e+02  1.03109596e-04  5.46191567e-05
    2.32270616e-05  4.58895390e-05]
  [-7.42389651e-06 -6.77674740e-03 -1.49119196e-03 -9.12062886e-04
    9.95803090e-02  1.32730062e+00  1.94635016e+00  7.24400387e-01
    6.44559873e-01  7.88281604e+00]]

 [[ 9.28093708e-03  4.43408778e-03  2.44542911e-03  5.60637500e-04
    3.80557112e-03  7.18873647e-03  7.42298904e-04  2.36034349e-02
    1.62932757e-03  7.11129880e-04]
  [ 1.78193379e+01  1.87170599e-05  5.98651689e-06  1.57916277e-05
    3.48189577e-06  7.81412079e-01  1.15653098e-05  6.31318253e-06
    1.24460106e-05  7.04436436e-06]
  [ 6.61905859e+00  4.32042830e+00  2.12088037e+00  4.97675038e-01
    2.63717534e+00  1.07462083e+00  4.71142994e-01 -2.04073370e-03
    2.18361615e+00  6.31845683e-01]]

 [[ 1.04364700e-03  8.65514555e-04  3.77176176e-04  2.17844178e-03
    2.08102206e-04  7.14015054e-04  3.09775423e-03  1.52439910e-03
    9.63924427e-04  9.10226474e-04]
  [ 1.22298140e-05  2.31448398e-05  1.97446217e-06  1.87812971e-06
    4.40232079e-06  5.41866094e-06  1.35879069e-04  4.86394018e-06
    2.50464109e-06  4.38076124e-06]
  [ 5.75694330e+00  3.74227710e+00  2.42710895e+00  7.37563766e-02
   -3.20148894e-03  3.12584615e+00  4.71379665e+00 -2.64866458e-04
   -1.17980640e-02 -4.45313844e-04]]

 [[ 1.19900882e+01  3.72016909e+00  3.74077784e+00  2.21457404e+00
    4.05155936e+00  5.74377319e+00  3.01991250e+00  1.07283915e+00
    9.62444552e-01  6.52920799e+00]
  [ 7.57987717e-03  3.45959410e-02  9.48720524e-03  1.89205007e-02
    9.14611408e-02  5.50295153e-02  5.92113776e-03  1.72872542e-02
    5.37156189e-01  2.46948550e-02]
  [-4.81803463e-03  1.52794199e+00  5.27601352e-01  1.35258884e+00
   -6.14362947e-03  5.01587033e-01  1.25369514e+00  3.17695607e+00
    2.31307754e+00  8.07027652e-01]]

 [[ 1.62929554e+00  8.80739052e-01  2.62697473e+00  1.13965953e+01
    4.00203304e-01  5.55728680e+01  2.01296648e+00  1.49416407e+01
    1.98362450e-01  1.42917393e+00]
  [ 1.11887083e-02  3.43574627e-02  2.45276963e-03  6.10757054e-03
    9.61166798e-03  4.54638475e-03  6.33968149e-03  1.49022397e-02
    1.33525886e-02  4.32478344e-03]
  [ 4.93547068e-01  1.27251448e+00 -1.50219772e-01  3.87759559e-01
    1.94896106e+00  1.89036715e+00 -3.66469445e-02 -7.70391594e-02
    9.70891988e-01 -3.58736899e-02]]

 [[ 2.31840788e-01  4.55768569e-01  4.77035679e+00  2.81047063e-01
    2.82734697e-01  6.12784558e-01  1.73959947e-01  4.47580040e-01
    7.81327438e-01  1.42913608e+00]
  [ 1.15934100e-03  6.89702118e-04  6.48748250e-03  4.78911055e-03
    1.58910860e-02  3.38440432e-03  2.19442907e-03  1.74624198e-02
    3.63850306e-03  7.34391618e-04]
  [ 1.01700690e+00 -1.73575139e-02  1.44506443e+00 -7.37250738e-04
    6.50456954e-01 -1.81136454e-02 -1.25738163e-02  6.07480123e-01
    2.03972437e+00 -7.00723346e-03]]

 [[ 2.93758227e+01  1.13776994e+01  7.20310500e+00  1.35048542e+01
    2.47840785e+01  6.42981964e+03  5.77719824e+01  1.92750539e+03
    1.81421855e+00  1.27790746e+01]
  [ 7.02642495e-02  3.28272084e-02  2.92691913e-01  2.75298372e-01
    9.80938624e-02  4.66712264e-02  6.80661118e-02  1.37354716e-01
    1.80857502e-01  5.91753514e-01]
  [ 2.59388907e+00 -1.28360829e-02  9.71135319e-01  6.39394391e-01
   -1.31094707e-03  6.95683359e-01  4.85304097e-01  6.12067229e-02
   -2.28627696e-02  1.68119912e+00]]

 [[ 4.72614889e+00  9.46162526e+02  2.13038023e+00  9.55339158e+00
    5.77802612e+00  6.43614175e+00  1.65291600e+01  6.81537105e+00
    8.96448381e+00  2.00365813e+01]
  [ 3.03543747e-02  8.18597159e-02  1.07439284e-01  6.54019981e-02
    3.82313837e-02  7.89578734e-03  2.61287209e-02  9.79940488e-02
    1.65998123e-01  1.64860797e-02]
  [-1.19650971e-02  6.08153523e-02  5.00035648e+00 -2.33838943e-02
    1.50114087e-01  5.25343550e-01 -3.61856379e-02 -9.47114502e-03
    8.57614198e-02  1.13464482e+00]]

 [[ 3.43396599e+00  1.97548015e+00  4.67473833e+00  9.54858558e+00
    2.69884227e+00  4.20120970e+00  1.53088095e+00  2.63553616e+00
    7.71571579e+00  4.40221534e+00]
  [ 3.08931419e-02  1.69902052e-02  5.10159160e-03  2.96973567e-02
    6.98150784e-03  5.12143679e-03  7.12318738e-03  1.70860306e-02
    1.18661285e-01  1.21516974e-02]
  [-1.54780717e-02  2.78988587e-01 -6.22953426e-02 -9.34558888e-02
    8.91907659e-01 -1.54560957e-02 -4.19902183e-03  6.13906123e-01
   -8.69204017e-05 -2.04323973e-02]]

 [[ 4.92834618e+02  3.67496386e+02  1.64060534e+01  4.92648206e+02
    8.40849178e+01  2.05713073e+02  4.59672160e+01  4.82460332e+01
    2.28332100e+02  4.27127257e+01]
  [ 1.98640191e+00  1.01860441e+00  2.57221025e-01  6.74027211e-01
    3.54816161e-01  1.25860051e-01  7.65861547e-01  6.07269437e-01
    4.54558398e-01  5.86190937e+00]
  [ 1.17657270e+00  8.69902513e-01 -1.26008696e-03  1.17422659e-01
   -8.14413479e-03 -5.25656577e-03  4.02600379e-01  1.74549185e-01
    1.09082637e+00 -8.92856535e-03]]

 [[ 3.15083879e+01  1.45425046e+02  3.26817217e+01  4.95244059e+01
    1.72224020e+01  1.00663932e+01  1.29524405e+01  1.05059490e+02
    1.94083505e+01  8.52248947e+01]
  [ 2.73289794e-02  3.50836359e-02  4.17770070e-02  2.93869191e-01
    4.90463271e-02  5.05861867e-01  3.84702465e-02  3.39792798e-01
    3.74962540e-01  3.71075888e-02]
  [-8.31600747e-02 -3.79010068e-02 -2.50893584e-02 -1.91254348e-02
   -3.93036096e-02  7.57596589e-01  9.73274120e-01 -6.06368377e-03
   -2.70832309e-02  1.97119970e-01]]

 [[ 1.00611885e+01  3.40623382e+00  6.73973495e+00  8.38761140e+00
    1.54069653e+01  4.33839967e+00  1.99154568e+01  3.95862506e+00
    2.01067271e+01  1.84157402e+01]
  [ 8.24477326e-02  4.93852402e-02  1.03812270e-01  1.71141731e-01
    1.03207712e-01  1.15025657e-01  1.00666654e-02  1.12077725e-01
    6.81334725e-02  2.44096278e-02]
  [-4.04285788e-02 -1.70888018e-03 -9.43542409e-02 -9.86724343e-03
   -5.24610893e-02 -3.35114385e-02 -9.40469299e-02  1.58788666e-01
    3.87928723e-01 -5.39727208e-02]]

 [[ 1.40838432e+03  1.79526516e+02  6.73206455e+01  1.35554900e+03
    1.60650213e+03  4.94187599e+02  6.40496224e+02  3.61064075e+02
    8.00729622e+02  5.76971632e+02]
  [ 9.31075545e+00  6.10127576e+00  6.64993976e-01  3.49487665e+00
    1.67790447e+00  2.36871927e+00  2.49201918e+00  5.17830111e+00
    2.50557251e+00  7.24196156e-01]
  [ 2.82249827e-01 -4.11450656e-02 -7.23937511e-02  9.05749669e-01
    2.65472842e+00 -4.93724779e-02 -1.70549815e-02  2.19583837e+00
    9.56007350e-01  2.55498288e-01]]

 [[ 1.85129112e+02  3.96871780e+01  9.86257449e+01  1.35537380e+02
    1.96499966e+02  2.05189807e+02  5.18476004e+01  1.14855083e+02
    2.19539856e+01  8.55795266e+02]
  [ 1.65074106e+00  3.59438882e-01  1.10663155e+00  2.13569737e-01
    2.56884774e+00  3.96709926e-01  3.66660434e-01  6.27070658e-01
    1.55404109e-01  4.79546360e-01]
  [-4.09643580e-04 -1.45509925e-03 -1.42902919e-01 -1.36611530e-01
   -3.14165452e-02 -3.59993680e-02 -2.30734193e-03 -2.94195148e-02
    2.02267259e-01  2.06586197e-01]]

 [[ 6.87090151e+01  5.35192793e+01  3.46419920e+01  7.79510943e+02
    8.25920403e+00  2.87387515e+01  8.39961711e+00  1.68100776e+01
    1.61477307e+01  3.00640314e+01]
  [ 2.06132065e-01  2.26276218e-01  1.50172613e+00  2.16278524e-01
    3.13677456e-01  3.80093475e-02  5.43836626e-01  6.31937604e-01
    2.49173857e-02  3.83226659e-02]
  [-8.19359939e-02 -3.61696212e-01 -1.59205834e-01 -3.09736737e-02
   -1.64111983e-02 -7.22012243e-02 -4.83088173e-02 -7.63690535e-02
   -3.04882912e-02 -6.26270970e-03]]

 [[ 2.69955542e+03  6.95852521e+03  2.90019238e+02  4.78553345e+03
    6.62631121e+03  6.46756453e+03  2.38159924e+03  7.32190053e+02
    1.49201494e+03  3.31025182e+03]
  [ 1.57099976e+01  8.70634778e+00  2.69874149e+01  2.69637603e+01
    6.87293104e+00  1.72945996e+01  1.56477308e+01  1.04500909e+01
    3.18531571e+00  3.17831488e+01]
  [ 4.88941646e-01 -4.01797086e-03  2.43609204e-01  4.79039331e-01
   -3.25545539e-02 -5.09442917e-03 -8.28344834e-02  4.17327955e+04
    7.70101554e-03 -3.36797892e-02]]

 [[ 4.37976719e+03  3.31237009e+02  5.31349466e+02  5.44537874e+02
    8.03955002e+02  2.53152979e+03  7.22657146e+02  8.98600948e+02
    8.63786792e+02  9.21614104e+02]
  [ 7.85882986e+00  3.11032346e+01  4.50291908e+00  1.39812201e+00
    3.89731214e+00  5.91754680e+00  7.25259445e+00  1.56224197e+01
    1.63543008e+01  2.17163607e+00]
  [-6.24593822e-02 -8.21255354e-03  2.92548286e-01  2.13225617e-01
    7.68501881e-01  5.62772010e-01 -6.00960726e-02 -3.59802747e-02
    5.69779588e-01 -7.74548445e-02]]

 [[ 9.56041030e+01  1.24364777e+03  8.10502380e+02  6.26331334e+02
    6.36078318e+02  4.98938901e+01  6.05064384e+02  3.74524141e+01
    2.79876371e+02  3.35916517e+02]
  [ 1.22054996e+00  2.42139767e+00  1.49749546e+00  3.77621274e-01
    9.49554581e+00  4.22224877e+00  8.28126525e-01  5.56361176e+00
    2.25956265e+00  7.99470026e-01]
  [-4.83885149e-02 -5.82694848e-02 -1.09793330e-01 -2.06313526e-01
   -1.47925556e-03 -1.27336041e-02 -9.83273871e-02 -7.47786683e-02
   -4.67055209e-02 -2.55741181e-03]]

 [[ 5.11289043e-03  2.94901833e+02  6.29137783e+04  1.71759821e+04
    5.92318201e+03  1.84194439e-02  1.70184315e-03  2.51232027e-03
    6.54596739e+04  6.55171806e-03]
  [ 2.77343730e-05  3.57591569e-05  1.93703974e-05  1.71084699e-04
    5.29643604e-05  7.69818935e-06  3.53209745e-05  1.32565058e+02
    8.05659846e-05  4.14610302e+01]
  [-5.24767397e-04  5.44671804e-02 -5.95852832e-04 -1.16541685e-02
    1.30871705e+00  1.80058139e+00  2.94261883e+00 -5.70332970e-03
    3.39226598e-01 -3.92817526e-05]]

 [[ 1.34897861e-03  1.56018107e-03  1.83905144e-03  7.44100224e+03
    3.26845290e-04  2.96860744e-03  9.14295403e-04  4.94982452e-03
    2.17958117e-03  1.08213585e-02]
  [ 9.82733769e-06  7.67274787e-01  3.14213036e+00  2.80536202e-06
    2.11186594e-06  6.21076514e-06  1.46016824e-05  8.87416422e-06
    1.44518943e-05  8.21805406e-07]
  [ 5.14807828e-01  1.18936641e+00  1.95398222e+00  7.37590455e-02
   -1.65395924e-04 -4.50805280e-03 -1.71947082e-04  1.23381980e+00
    7.76801510e-01 -4.26798540e-05]]

 [[ 5.63827634e-04  1.36798097e-04  1.73896624e-03  5.22976922e-04
    7.58367455e-03  5.55821926e-05  7.29775716e-05  2.61802648e-04
    1.97520138e-04  8.69113272e-04]
  [ 8.78557662e-07  2.81870290e-06  3.73265038e-06  2.38746789e-06
    3.13824624e-06  2.34120520e-06  6.95184119e-06  4.42777140e-06
    3.11336961e-06  1.78351782e-06]
  [-1.29092991e-03 -6.95447624e-04  2.37183981e+00 -6.09396150e-04
    3.61863878e+00  1.01013520e+00  1.20004782e+00 -1.79790787e-03
    2.73139877e+00  6.62824890e+00]]

 [[ 1.84214094e+01  2.43660646e+00  1.36666787e+01  2.89232500e+00
    2.40574091e+00  2.56772007e+00  2.57722315e+00  9.98692081e+00
    1.09018647e+02  3.25179870e+00]
  [ 3.83055843e-02  2.74922828e-03  5.27538176e-03  2.34872764e-02
    5.95824156e-03  2.04674305e-02  1.13976206e-02  9.31421607e-03
    3.22292338e-02  1.14201360e-02]
  [ 5.80698915e-01  4.47312496e-01 -1.21592393e-02  3.46824142e-01
    6.05695965e-01  1.46202404e-01 -1.15414123e-02  1.57773364e+00
    5.99012786e-01 -3.59117170e-04]]

 [[ 8.53692779e-01  4.50133976e+00  6.16223838e-01  1.08622428e+00
    2.33505246e+00  7.65731563e-01  1.53931390e+00  9.12094822e+00
    4.20593290e+00  3.46441859e+00]
  [ 3.55048731e-03  4.43537067e-03  1.63091777e-02  5.44784090e-02
    3.77882355e-03  7.54423786e-03  5.30076657e-03  2.24544614e-03
    2.19839642e-03  3.53723905e-03]
  [ 9.59916461e-01 -1.75075665e-02 -3.63176776e-01  1.01802567e+00
    1.63352355e+00 -1.24210185e-04  7.12987656e-01  6.25533726e-01
    5.85269550e-01  8.31389543e-01]]

 [[ 2.99396279e+00  1.72670136e-01  2.87904214e-01  4.37544054e-01
    1.78971094e+00  7.90581286e-01  5.09350299e-01  1.24198972e+00
    3.86469346e-01  5.86265261e-01]
  [ 2.05853763e-02  3.08958545e-03  3.27953117e-03  1.67856353e-03
    6.84339339e-04  1.87341606e-03  2.23397114e-03  1.17471645e-03
    1.97711038e-03  2.87271937e-03]
  [-4.42021302e-03  1.34353972e-01  1.33582400e+00  2.62997826e-01
   -9.55870359e-03 -8.93147721e-04  7.62775633e-01 -2.68726905e-02
   -1.85265788e-02 -3.97649798e-02]]

 [[ 1.04766247e+01  1.66189707e+01  2.10750430e+01  5.30050146e+01
    2.93129185e+01  2.00086435e+01  1.19923582e+01  2.30834519e+01
    1.27259117e+01  1.56562047e+01]
  [ 7.98580345e-02  7.84739805e-02  1.32930531e-01  1.35062836e-01
    1.04468002e-01  1.12563172e-01  6.86656284e-02  9.43820526e-02
    1.43472516e-01  8.47253700e-02]
  [ 6.43428564e-01  2.43686699e-01 -1.41811646e-02  3.16964571e-01
    1.87909526e+00  3.35555669e+00 -1.74775140e-03 -1.11057561e-01
    5.98942573e-01  1.59994465e-01]]

 [[ 1.09853206e+01  2.92448969e+00  5.56262422e+00  2.98322456e+00
    5.93108311e+00  1.82570055e+01  7.01410648e+00  1.58520218e+00
    2.55749020e+01  2.30630089e+00]
  [ 4.87998757e-02  5.03833080e-02  1.08232710e-02  6.42727439e-03
    4.79296650e-02  2.66875433e-02  2.05492858e-02  2.38393868e-02
    4.62238280e-02  1.55962544e-02]
  [-5.74419398e-03 -5.53071703e-02  2.07915921e-01 -1.59844336e-02
   -2.08097325e-02  2.70993950e-01 -4.53154894e-02 -6.38323526e-02
    1.21474208e+00 -8.47310812e-02]]

 [[ 8.67383951e-01  7.13908703e+00  4.89050559e+00  3.68958986e+00
    6.16082981e-01  2.11794114e+00  2.39544509e+00  2.11005617e+00
    3.02493421e+00  7.13536103e-01]
  [ 2.94119066e-03  1.85783161e-03  4.10392432e-03  5.17354967e-03
    1.04715044e-02  1.66446375e-02  1.36334421e-02  3.48840918e-03
    6.22927133e-03  2.93619592e-03]
  [-2.86615551e-03 -6.42481785e-03 -4.64658213e-02 -1.25945665e-03
   -1.21223757e-02 -4.26833352e-03 -2.50429011e-02 -2.15950899e-02
    6.82529501e-01 -1.12278085e-01]]

 [[ 9.35861199e+00  2.43545441e+02  9.12959364e+01  5.33928677e+01
    3.17556281e+02  3.49467588e+01  1.11164462e+02  3.01052561e+01
    2.51116533e+01  4.92270740e+01]
  [ 8.01210391e-02  6.15618105e-02  1.66965949e-01  3.72634152e-01
    8.27253497e-02  9.23958958e-01  2.03873174e-01  9.87383056e-02
    1.09523451e-01  4.55564086e-01]
  [-1.50513321e-01 -4.42542740e-03  1.70542009e+00  2.11821406e-01
    9.56872859e-01 -1.25493052e-02  4.20993399e-01  3.93746909e-02
   -6.58538651e-02  1.73640966e-01]]]