Sequence for iterations : [500, 1000, 2000, 3000]
Sequence for mutation_rate : [0.1, 0.5, 1.0, 2.0]
Sequence for local_search : [0.1, 0.5, 1.0, 2.0]
Sequence for num_individuals : [50, 100, 150]
Sequence for m_range : [0.5, 1.0, 2.0, 5.0]
Sequence for range_mutation : [0.5, 1.0, 2.0, 5.0]
500,0.1,0.1,50,0.5,0.5,
500,0.1,0.1,50,0.5,1.0,
500,0.1,0.1,50,0.5,2.0,
500,0.1,0.1,50,0.5,5.0,
500,0.1,0.1,50,1.0,0.5,
500,0.1,0.1,50,1.0,1.0,
500,0.1,0.1,50,1.0,2.0,
500,0.1,0.1,50,1.0,5.0,
500,0.1,0.1,50,2.0,0.5,
500,0.1,0.1,50,2.0,1.0,
500,0.1,0.1,50,2.0,2.0,
500,0.1,0.1,50,2.0,5.0,
500,0.1,0.1,50,5.0,0.5,
500,0.1,0.1,50,5.0,1.0,
500,0.1,0.1,50,5.0,2.0,
500,0.1,0.1,50,5.0,5.0,
500,0.1,0.1,100,0.5,0.5,
500,0.1,0.1,100,0.5,1.0,
500,0.1,0.1,100,0.5,2.0,
500,0.1,0.1,100,0.5,5.0,
500,0.1,0.1,100,1.0,0.5,
500,0.1,0.1,100,1.0,1.0,
500,0.1,0.1,100,1.0,2.0,
500,0.1,0.1,100,1.0,5.0,
500,0.1,0.1,100,2.0,0.5,
500,0.1,0.1,100,2.0,1.0,
500,0.1,0.1,100,2.0,2.0,
500,0.1,0.1,100,2.0,5.0,
500,0.1,0.1,100,5.0,0.5,
500,0.1,0.1,100,5.0,1.0,
500,0.1,0.1,100,5.0,2.0,
500,0.1,0.1,100,5.0,5.0,
500,0.1,0.1,150,0.5,0.5,
500,0.1,0.1,150,0.5,1.0,
500,0.1,0.1,150,0.5,2.0,
500,0.1,0.1,150,0.5,5.0,
500,0.1,0.1,150,1.0,0.5,
500,0.1,0.1,150,1.0,1.0,
500,0.1,0.1,150,1.0,2.0,
500,0.1,0.1,150,1.0,5.0,
500,0.1,0.1,150,2.0,0.5,
500,0.1,0.1,150,2.0,1.0,
500,0.1,0.1,150,2.0,2.0,
500,0.1,0.1,150,2.0,5.0,
500,0.1,0.1,150,5.0,0.5,
500,0.1,0.1,150,5.0,1.0,
500,0.1,0.1,150,5.0,2.0,
500,0.1,0.1,150,5.0,5.0,
500,0.1,0.5,50,0.5,0.5,
500,0.1,0.5,50,0.5,1.0,
500,0.1,0.5,50,0.5,2.0,
500,0.1,0.5,50,0.5,5.0,
500,0.1,0.5,50,1.0,0.5,
500,0.1,0.5,50,1.0,1.0,
500,0.1,0.5,50,1.0,2.0,
500,0.1,0.5,50,1.0,5.0,
500,0.1,0.5,50,2.0,0.5,
500,0.1,0.5,50,2.0,1.0,
500,0.1,0.5,50,2.0,2.0,
500,0.1,0.5,50,2.0,5.0,
500,0.1,0.5,50,5.0,0.5,
500,0.1,0.5,50,5.0,1.0,
500,0.1,0.5,50,5.0,2.0,
500,0.1,0.5,50,5.0,5.0,
500,0.1,0.5,100,0.5,0.5,
500,0.1,0.5,100,0.5,1.0,
500,0.1,0.5,100,0.5,2.0,
500,0.1,0.5,100,0.5,5.0,
500,0.1,0.5,100,1.0,0.5,
500,0.1,0.5,100,1.0,1.0,
500,0.1,0.5,100,1.0,2.0,
500,0.1,0.5,100,1.0,5.0,
500,0.1,0.5,100,2.0,0.5,
500,0.1,0.5,100,2.0,1.0,
500,0.1,0.5,100,2.0,2.0,
500,0.1,0.5,100,2.0,5.0,
500,0.1,0.5,100,5.0,0.5,
500,0.1,0.5,100,5.0,1.0,
500,0.1,0.5,100,5.0,2.0,
500,0.1,0.5,100,5.0,5.0,
500,0.1,0.5,150,0.5,0.5,
500,0.1,0.5,150,0.5,1.0,
500,0.1,0.5,150,0.5,2.0,
500,0.1,0.5,150,0.5,5.0,
500,0.1,0.5,150,1.0,0.5,
500,0.1,0.5,150,1.0,1.0,
500,0.1,0.5,150,1.0,2.0,
500,0.1,0.5,150,1.0,5.0,
500,0.1,0.5,150,2.0,0.5,
500,0.1,0.5,150,2.0,1.0,
500,0.1,0.5,150,2.0,2.0,
500,0.1,0.5,150,2.0,5.0,
500,0.1,0.5,150,5.0,0.5,
500,0.1,0.5,150,5.0,1.0,
500,0.1,0.5,150,5.0,2.0,
500,0.1,0.5,150,5.0,5.0,
500,0.1,1.0,50,0.5,0.5,
500,0.1,1.0,50,0.5,1.0,
500,0.1,1.0,50,0.5,2.0,
500,0.1,1.0,50,0.5,5.0,
500,0.1,1.0,50,1.0,0.5,
500,0.1,1.0,50,1.0,1.0,
500,0.1,1.0,50,1.0,2.0,
500,0.1,1.0,50,1.0,5.0,
500,0.1,1.0,50,2.0,0.5,
500,0.1,1.0,50,2.0,1.0,
500,0.1,1.0,50,2.0,2.0,
500,0.1,1.0,50,2.0,5.0,
500,0.1,1.0,50,5.0,0.5,
500,0.1,1.0,50,5.0,1.0,
500,0.1,1.0,50,5.0,2.0,
500,0.1,1.0,50,5.0,5.0,
500,0.1,1.0,100,0.5,0.5,
500,0.1,1.0,100,0.5,1.0,
500,0.1,1.0,100,0.5,2.0,
500,0.1,1.0,100,0.5,5.0,
500,0.1,1.0,100,1.0,0.5,
500,0.1,1.0,100,1.0,1.0,
500,0.1,1.0,100,1.0,2.0,
500,0.1,1.0,100,1.0,5.0,
500,0.1,1.0,100,2.0,0.5,
500,0.1,1.0,100,2.0,1.0,
500,0.1,1.0,100,2.0,2.0,
500,0.1,1.0,100,2.0,5.0,
500,0.1,1.0,100,5.0,0.5,
500,0.1,1.0,100,5.0,1.0,
500,0.1,1.0,100,5.0,2.0,
500,0.1,1.0,100,5.0,5.0,
500,0.1,1.0,150,0.5,0.5,
500,0.1,1.0,150,0.5,1.0,
500,0.1,1.0,150,0.5,2.0,
500,0.1,1.0,150,0.5,5.0,
500,0.1,1.0,150,1.0,0.5,
500,0.1,1.0,150,1.0,1.0,
500,0.1,1.0,150,1.0,2.0,
500,0.1,1.0,150,1.0,5.0,
500,0.1,1.0,150,2.0,0.5,
500,0.1,1.0,150,2.0,1.0,
500,0.1,1.0,150,2.0,2.0,
500,0.1,1.0,150,2.0,5.0,
500,0.1,1.0,150,5.0,0.5,
500,0.1,1.0,150,5.0,1.0,
500,0.1,1.0,150,5.0,2.0,
500,0.1,1.0,150,5.0,5.0,
500,0.1,2.0,50,0.5,0.5,
500,0.1,2.0,50,0.5,1.0,
500,0.1,2.0,50,0.5,2.0,
500,0.1,2.0,50,0.5,5.0,
500,0.1,2.0,50,1.0,0.5,
500,0.1,2.0,50,1.0,1.0,
500,0.1,2.0,50,1.0,2.0,
500,0.1,2.0,50,1.0,5.0,
500,0.1,2.0,50,2.0,0.5,
500,0.1,2.0,50,2.0,1.0,
500,0.1,2.0,50,2.0,2.0,
500,0.1,2.0,50,2.0,5.0,
500,0.1,2.0,50,5.0,0.5,
500,0.1,2.0,50,5.0,1.0,
500,0.1,2.0,50,5.0,2.0,
500,0.1,2.0,50,5.0,5.0,
500,0.1,2.0,100,0.5,0.5,
500,0.1,2.0,100,0.5,1.0,
500,0.1,2.0,100,0.5,2.0,
500,0.1,2.0,100,0.5,5.0,
500,0.1,2.0,100,1.0,0.5,
500,0.1,2.0,100,1.0,1.0,
500,0.1,2.0,100,1.0,2.0,
500,0.1,2.0,100,1.0,5.0,
500,0.1,2.0,100,2.0,0.5,
500,0.1,2.0,100,2.0,1.0,
500,0.1,2.0,100,2.0,2.0,
500,0.1,2.0,100,2.0,5.0,
500,0.1,2.0,100,5.0,0.5,
500,0.1,2.0,100,5.0,1.0,
500,0.1,2.0,100,5.0,2.0,
500,0.1,2.0,100,5.0,5.0,
500,0.1,2.0,150,0.5,0.5,
500,0.1,2.0,150,0.5,1.0,
500,0.1,2.0,150,0.5,2.0,
500,0.1,2.0,150,0.5,5.0,
500,0.1,2.0,150,1.0,0.5,
500,0.1,2.0,150,1.0,1.0,
500,0.1,2.0,150,1.0,2.0,
500,0.1,2.0,150,1.0,5.0,
500,0.1,2.0,150,2.0,0.5,
500,0.1,2.0,150,2.0,1.0,
500,0.1,2.0,150,2.0,2.0,
500,0.1,2.0,150,2.0,5.0,
500,0.1,2.0,150,5.0,0.5,
500,0.1,2.0,150,5.0,1.0,
500,0.1,2.0,150,5.0,2.0,
500,0.1,2.0,150,5.0,5.0,
500,0.5,0.1,50,0.5,0.5,
500,0.5,0.1,50,0.5,1.0,
500,0.5,0.1,50,0.5,2.0,
500,0.5,0.1,50,0.5,5.0,
500,0.5,0.1,50,1.0,0.5,
500,0.5,0.1,50,1.0,1.0,
500,0.5,0.1,50,1.0,2.0,
500,0.5,0.1,50,1.0,5.0,
500,0.5,0.1,50,2.0,0.5,
500,0.5,0.1,50,2.0,1.0,
500,0.5,0.1,50,2.0,2.0,
500,0.5,0.1,50,2.0,5.0,
500,0.5,0.1,50,5.0,0.5,
500,0.5,0.1,50,5.0,1.0,
500,0.5,0.1,50,5.0,2.0,
500,0.5,0.1,50,5.0,5.0,
500,0.5,0.1,100,0.5,0.5,
500,0.5,0.1,100,0.5,1.0,
500,0.5,0.1,100,0.5,2.0,
500,0.5,0.1,100,0.5,5.0,
500,0.5,0.1,100,1.0,0.5,
500,0.5,0.1,100,1.0,1.0,
500,0.5,0.1,100,1.0,2.0,
500,0.5,0.1,100,1.0,5.0,
500,0.5,0.1,100,2.0,0.5,
500,0.5,0.1,100,2.0,1.0,
500,0.5,0.1,100,2.0,2.0,
500,0.5,0.1,100,2.0,5.0,
500,0.5,0.1,100,5.0,0.5,
500,0.5,0.1,100,5.0,1.0,
500,0.5,0.1,100,5.0,2.0,
500,0.5,0.1,100,5.0,5.0,
500,0.5,0.1,150,0.5,0.5,
500,0.5,0.1,150,0.5,1.0,
500,0.5,0.1,150,0.5,2.0,
500,0.5,0.1,150,0.5,5.0,
500,0.5,0.1,150,1.0,0.5,
500,0.5,0.1,150,1.0,1.0,
500,0.5,0.1,150,1.0,2.0,
500,0.5,0.1,150,1.0,5.0,
500,0.5,0.1,150,2.0,0.5,
500,0.5,0.1,150,2.0,1.0,
500,0.5,0.1,150,2.0,2.0,
500,0.5,0.1,150,2.0,5.0,
500,0.5,0.1,150,5.0,0.5,
500,0.5,0.1,150,5.0,1.0,
500,0.5,0.1,150,5.0,2.0,
500,0.5,0.1,150,5.0,5.0,
500,0.5,0.5,50,0.5,0.5,
500,0.5,0.5,50,0.5,1.0,
500,0.5,0.5,50,0.5,2.0,
500,0.5,0.5,50,0.5,5.0,
500,0.5,0.5,50,1.0,0.5,
500,0.5,0.5,50,1.0,1.0,
500,0.5,0.5,50,1.0,2.0,
500,0.5,0.5,50,1.0,5.0,
500,0.5,0.5,50,2.0,0.5,
500,0.5,0.5,50,2.0,1.0,
500,0.5,0.5,50,2.0,2.0,
500,0.5,0.5,50,2.0,5.0,
500,0.5,0.5,50,5.0,0.5,
500,0.5,0.5,50,5.0,1.0,
500,0.5,0.5,50,5.0,2.0,
500,0.5,0.5,50,5.0,5.0,
500,0.5,0.5,100,0.5,0.5,
500,0.5,0.5,100,0.5,1.0,
500,0.5,0.5,100,0.5,2.0,
500,0.5,0.5,100,0.5,5.0,
500,0.5,0.5,100,1.0,0.5,
500,0.5,0.5,100,1.0,1.0,
500,0.5,0.5,100,1.0,2.0,
500,0.5,0.5,100,1.0,5.0,
500,0.5,0.5,100,2.0,0.5,
500,0.5,0.5,100,2.0,1.0,
500,0.5,0.5,100,2.0,2.0,
500,0.5,0.5,100,2.0,5.0,
500,0.5,0.5,100,5.0,0.5,
500,0.5,0.5,100,5.0,1.0,
500,0.5,0.5,100,5.0,2.0,
500,0.5,0.5,100,5.0,5.0,
500,0.5,0.5,150,0.5,0.5,
500,0.5,0.5,150,0.5,1.0,
500,0.5,0.5,150,0.5,2.0,
500,0.5,0.5,150,0.5,5.0,
500,0.5,0.5,150,1.0,0.5,
500,0.5,0.5,150,1.0,1.0,
500,0.5,0.5,150,1.0,2.0,
500,0.5,0.5,150,1.0,5.0,
500,0.5,0.5,150,2.0,0.5,
500,0.5,0.5,150,2.0,1.0,
500,0.5,0.5,150,2.0,2.0,
500,0.5,0.5,150,2.0,5.0,
500,0.5,0.5,150,5.0,0.5,
500,0.5,0.5,150,5.0,1.0,
500,0.5,0.5,150,5.0,2.0,
500,0.5,0.5,150,5.0,5.0,
500,0.5,1.0,50,0.5,0.5,
500,0.5,1.0,50,0.5,1.0,
500,0.5,1.0,50,0.5,2.0,
500,0.5,1.0,50,0.5,5.0,
500,0.5,1.0,50,1.0,0.5,
500,0.5,1.0,50,1.0,1.0,
500,0.5,1.0,50,1.0,2.0,
500,0.5,1.0,50,1.0,5.0,
500,0.5,1.0,50,2.0,0.5,
500,0.5,1.0,50,2.0,1.0,
500,0.5,1.0,50,2.0,2.0,
500,0.5,1.0,50,2.0,5.0,
500,0.5,1.0,50,5.0,0.5,
500,0.5,1.0,50,5.0,1.0,
500,0.5,1.0,50,5.0,2.0,
500,0.5,1.0,50,5.0,5.0,
500,0.5,1.0,100,0.5,0.5,
500,0.5,1.0,100,0.5,1.0,
500,0.5,1.0,100,0.5,2.0,
500,0.5,1.0,100,0.5,5.0,
500,0.5,1.0,100,1.0,0.5,
500,0.5,1.0,100,1.0,1.0,
500,0.5,1.0,100,1.0,2.0,
500,0.5,1.0,100,1.0,5.0,
500,0.5,1.0,100,2.0,0.5,
500,0.5,1.0,100,2.0,1.0,
500,0.5,1.0,100,2.0,2.0,
500,0.5,1.0,100,2.0,5.0,
500,0.5,1.0,100,5.0,0.5,
500,0.5,1.0,100,5.0,1.0,
500,0.5,1.0,100,5.0,2.0,
500,0.5,1.0,100,5.0,5.0,
500,0.5,1.0,150,0.5,0.5,
500,0.5,1.0,150,0.5,1.0,
500,0.5,1.0,150,0.5,2.0,
500,0.5,1.0,150,0.5,5.0,
500,0.5,1.0,150,1.0,0.5,
500,0.5,1.0,150,1.0,1.0,
500,0.5,1.0,150,1.0,2.0,
500,0.5,1.0,150,1.0,5.0,
500,0.5,1.0,150,2.0,0.5,
500,0.5,1.0,150,2.0,1.0,
500,0.5,1.0,150,2.0,2.0,
500,0.5,1.0,150,2.0,5.0,
500,0.5,1.0,150,5.0,0.5,
500,0.5,1.0,150,5.0,1.0,
500,0.5,1.0,150,5.0,2.0,
500,0.5,1.0,150,5.0,5.0,
500,0.5,2.0,50,0.5,0.5,
500,0.5,2.0,50,0.5,1.0,
500,0.5,2.0,50,0.5,2.0,
500,0.5,2.0,50,0.5,5.0,
500,0.5,2.0,50,1.0,0.5,
500,0.5,2.0,50,1.0,1.0,
500,0.5,2.0,50,1.0,2.0,
500,0.5,2.0,50,1.0,5.0,
500,0.5,2.0,50,2.0,0.5,
500,0.5,2.0,50,2.0,1.0,
500,0.5,2.0,50,2.0,2.0,
500,0.5,2.0,50,2.0,5.0,
500,0.5,2.0,50,5.0,0.5,
500,0.5,2.0,50,5.0,1.0,
500,0.5,2.0,50,5.0,2.0,
500,0.5,2.0,50,5.0,5.0,
500,0.5,2.0,100,0.5,0.5,
500,0.5,2.0,100,0.5,1.0,
500,0.5,2.0,100,0.5,2.0,
500,0.5,2.0,100,0.5,5.0,
500,0.5,2.0,100,1.0,0.5,
500,0.5,2.0,100,1.0,1.0,
500,0.5,2.0,100,1.0,2.0,
500,0.5,2.0,100,1.0,5.0,
500,0.5,2.0,100,2.0,0.5,
500,0.5,2.0,100,2.0,1.0,
500,0.5,2.0,100,2.0,2.0,
500,0.5,2.0,100,2.0,5.0,
500,0.5,2.0,100,5.0,0.5,
500,0.5,2.0,100,5.0,1.0,
500,0.5,2.0,100,5.0,2.0,
500,0.5,2.0,100,5.0,5.0,
500,0.5,2.0,150,0.5,0.5,
500,0.5,2.0,150,0.5,1.0,
500,0.5,2.0,150,0.5,2.0,
500,0.5,2.0,150,0.5,5.0,
500,0.5,2.0,150,1.0,0.5,
500,0.5,2.0,150,1.0,1.0,
500,0.5,2.0,150,1.0,2.0,
500,0.5,2.0,150,1.0,5.0,
500,0.5,2.0,150,2.0,0.5,
500,0.5,2.0,150,2.0,1.0,
500,0.5,2.0,150,2.0,2.0,
500,0.5,2.0,150,2.0,5.0,
500,0.5,2.0,150,5.0,0.5,
500,0.5,2.0,150,5.0,1.0,
500,0.5,2.0,150,5.0,2.0,
500,0.5,2.0,150,5.0,5.0,
500,1.0,0.1,50,0.5,0.5,
500,1.0,0.1,50,0.5,1.0,
500,1.0,0.1,50,0.5,2.0,
500,1.0,0.1,50,0.5,5.0,
500,1.0,0.1,50,1.0,0.5,
500,1.0,0.1,50,1.0,1.0,
500,1.0,0.1,50,1.0,2.0,
500,1.0,0.1,50,1.0,5.0,
500,1.0,0.1,50,2.0,0.5,
500,1.0,0.1,50,2.0,1.0,
500,1.0,0.1,50,2.0,2.0,
500,1.0,0.1,50,2.0,5.0,
500,1.0,0.1,50,5.0,0.5,
500,1.0,0.1,50,5.0,1.0,
500,1.0,0.1,50,5.0,2.0,
500,1.0,0.1,50,5.0,5.0,
500,1.0,0.1,100,0.5,0.5,
500,1.0,0.1,100,0.5,1.0,
500,1.0,0.1,100,0.5,2.0,
500,1.0,0.1,100,0.5,5.0,
500,1.0,0.1,100,1.0,0.5,
500,1.0,0.1,100,1.0,1.0,
500,1.0,0.1,100,1.0,2.0,
500,1.0,0.1,100,1.0,5.0,
500,1.0,0.1,100,2.0,0.5,
500,1.0,0.1,100,2.0,1.0,
500,1.0,0.1,100,2.0,2.0,
500,1.0,0.1,100,2.0,5.0,
500,1.0,0.1,100,5.0,0.5,
500,1.0,0.1,100,5.0,1.0,
500,1.0,0.1,100,5.0,2.0,
500,1.0,0.1,100,5.0,5.0,
500,1.0,0.1,150,0.5,0.5,
500,1.0,0.1,150,0.5,1.0,
500,1.0,0.1,150,0.5,2.0,
500,1.0,0.1,150,0.5,5.0,
500,1.0,0.1,150,1.0,0.5,
500,1.0,0.1,150,1.0,1.0,
500,1.0,0.1,150,1.0,2.0,
500,1.0,0.1,150,1.0,5.0,
500,1.0,0.1,150,2.0,0.5,
500,1.0,0.1,150,2.0,1.0,
500,1.0,0.1,150,2.0,2.0,
500,1.0,0.1,150,2.0,5.0,
500,1.0,0.1,150,5.0,0.5,
500,1.0,0.1,150,5.0,1.0,
500,1.0,0.1,150,5.0,2.0,
500,1.0,0.1,150,5.0,5.0,
500,1.0,0.5,50,0.5,0.5,
500,1.0,0.5,50,0.5,1.0,
500,1.0,0.5,50,0.5,2.0,
500,1.0,0.5,50,0.5,5.0,
500,1.0,0.5,50,1.0,0.5,
500,1.0,0.5,50,1.0,1.0,
500,1.0,0.5,50,1.0,2.0,
500,1.0,0.5,50,1.0,5.0,
500,1.0,0.5,50,2.0,0.5,
500,1.0,0.5,50,2.0,1.0,
500,1.0,0.5,50,2.0,2.0,
500,1.0,0.5,50,2.0,5.0,
500,1.0,0.5,50,5.0,0.5,
500,1.0,0.5,50,5.0,1.0,
500,1.0,0.5,50,5.0,2.0,
500,1.0,0.5,50,5.0,5.0,
500,1.0,0.5,100,0.5,0.5,
500,1.0,0.5,100,0.5,1.0,
500,1.0,0.5,100,0.5,2.0,
500,1.0,0.5,100,0.5,5.0,
500,1.0,0.5,100,1.0,0.5,
500,1.0,0.5,100,1.0,1.0,
500,1.0,0.5,100,1.0,2.0,
500,1.0,0.5,100,1.0,5.0,
500,1.0,0.5,100,2.0,0.5,
500,1.0,0.5,100,2.0,1.0,
500,1.0,0.5,100,2.0,2.0,
500,1.0,0.5,100,2.0,5.0,
500,1.0,0.5,100,5.0,0.5,
500,1.0,0.5,100,5.0,1.0,
500,1.0,0.5,100,5.0,2.0,
500,1.0,0.5,100,5.0,5.0,
500,1.0,0.5,150,0.5,0.5,
500,1.0,0.5,150,0.5,1.0,
500,1.0,0.5,150,0.5,2.0,
500,1.0,0.5,150,0.5,5.0,
500,1.0,0.5,150,1.0,0.5,
500,1.0,0.5,150,1.0,1.0,
500,1.0,0.5,150,1.0,2.0,
500,1.0,0.5,150,1.0,5.0,
500,1.0,0.5,150,2.0,0.5,
500,1.0,0.5,150,2.0,1.0,
500,1.0,0.5,150,2.0,2.0,
500,1.0,0.5,150,2.0,5.0,
500,1.0,0.5,150,5.0,0.5,
500,1.0,0.5,150,5.0,1.0,
500,1.0,0.5,150,5.0,2.0,
500,1.0,0.5,150,5.0,5.0,
500,1.0,1.0,50,0.5,0.5,
500,1.0,1.0,50,0.5,1.0,
500,1.0,1.0,50,0.5,2.0,
500,1.0,1.0,50,0.5,5.0,
500,1.0,1.0,50,1.0,0.5,
500,1.0,1.0,50,1.0,1.0,
500,1.0,1.0,50,1.0,2.0,
500,1.0,1.0,50,1.0,5.0,
500,1.0,1.0,50,2.0,0.5,
500,1.0,1.0,50,2.0,1.0,
500,1.0,1.0,50,2.0,2.0,
500,1.0,1.0,50,2.0,5.0,
500,1.0,1.0,50,5.0,0.5,
500,1.0,1.0,50,5.0,1.0,
500,1.0,1.0,50,5.0,2.0,
500,1.0,1.0,50,5.0,5.0,
500,1.0,1.0,100,0.5,0.5,
500,1.0,1.0,100,0.5,1.0,
500,1.0,1.0,100,0.5,2.0,
500,1.0,1.0,100,0.5,5.0,
500,1.0,1.0,100,1.0,0.5,
500,1.0,1.0,100,1.0,1.0,
500,1.0,1.0,100,1.0,2.0,
500,1.0,1.0,100,1.0,5.0,
500,1.0,1.0,100,2.0,0.5,
500,1.0,1.0,100,2.0,1.0,
500,1.0,1.0,100,2.0,2.0,
500,1.0,1.0,100,2.0,5.0,
500,1.0,1.0,100,5.0,0.5,
500,1.0,1.0,100,5.0,1.0,
500,1.0,1.0,100,5.0,2.0,
500,1.0,1.0,100,5.0,5.0,
500,1.0,1.0,150,0.5,0.5,
500,1.0,1.0,150,0.5,1.0,
500,1.0,1.0,150,0.5,2.0,
500,1.0,1.0,150,0.5,5.0,
500,1.0,1.0,150,1.0,0.5,
500,1.0,1.0,150,1.0,1.0,
500,1.0,1.0,150,1.0,2.0,
500,1.0,1.0,150,1.0,5.0,
500,1.0,1.0,150,2.0,0.5,
500,1.0,1.0,150,2.0,1.0,
500,1.0,1.0,150,2.0,2.0,
500,1.0,1.0,150,2.0,5.0,
500,1.0,1.0,150,5.0,0.5,
500,1.0,1.0,150,5.0,1.0,
500,1.0,1.0,150,5.0,2.0,
500,1.0,1.0,150,5.0,5.0,
500,1.0,2.0,50,0.5,0.5,
500,1.0,2.0,50,0.5,1.0,
500,1.0,2.0,50,0.5,2.0,
500,1.0,2.0,50,0.5,5.0,
500,1.0,2.0,50,1.0,0.5,
500,1.0,2.0,50,1.0,1.0,
500,1.0,2.0,50,1.0,2.0,
500,1.0,2.0,50,1.0,5.0,
500,1.0,2.0,50,2.0,0.5,
500,1.0,2.0,50,2.0,1.0,
500,1.0,2.0,50,2.0,2.0,
500,1.0,2.0,50,2.0,5.0,
500,1.0,2.0,50,5.0,0.5,
500,1.0,2.0,50,5.0,1.0,
500,1.0,2.0,50,5.0,2.0,
500,1.0,2.0,50,5.0,5.0,
500,1.0,2.0,100,0.5,0.5,
500,1.0,2.0,100,0.5,1.0,
500,1.0,2.0,100,0.5,2.0,
500,1.0,2.0,100,0.5,5.0,
500,1.0,2.0,100,1.0,0.5,
500,1.0,2.0,100,1.0,1.0,
500,1.0,2.0,100,1.0,2.0,
500,1.0,2.0,100,1.0,5.0,
500,1.0,2.0,100,2.0,0.5,
500,1.0,2.0,100,2.0,1.0,
500,1.0,2.0,100,2.0,2.0,
500,1.0,2.0,100,2.0,5.0,
500,1.0,2.0,100,5.0,0.5,
500,1.0,2.0,100,5.0,1.0,
500,1.0,2.0,100,5.0,2.0,
500,1.0,2.0,100,5.0,5.0,
500,1.0,2.0,150,0.5,0.5,
500,1.0,2.0,150,0.5,1.0,
500,1.0,2.0,150,0.5,2.0,
500,1.0,2.0,150,0.5,5.0,
500,1.0,2.0,150,1.0,0.5,
500,1.0,2.0,150,1.0,1.0,
500,1.0,2.0,150,1.0,2.0,
500,1.0,2.0,150,1.0,5.0,
500,1.0,2.0,150,2.0,0.5,
500,1.0,2.0,150,2.0,1.0,
500,1.0,2.0,150,2.0,2.0,
500,1.0,2.0,150,2.0,5.0,
500,1.0,2.0,150,5.0,0.5,
500,1.0,2.0,150,5.0,1.0,
500,1.0,2.0,150,5.0,2.0,
500,1.0,2.0,150,5.0,5.0,
500,2.0,0.1,50,0.5,0.5,
500,2.0,0.1,50,0.5,1.0,
500,2.0,0.1,50,0.5,2.0,
500,2.0,0.1,50,0.5,5.0,
500,2.0,0.1,50,1.0,0.5,
500,2.0,0.1,50,1.0,1.0,
500,2.0,0.1,50,1.0,2.0,
500,2.0,0.1,50,1.0,5.0,
500,2.0,0.1,50,2.0,0.5,
500,2.0,0.1,50,2.0,1.0,
500,2.0,0.1,50,2.0,2.0,
500,2.0,0.1,50,2.0,5.0,
500,2.0,0.1,50,5.0,0.5,
500,2.0,0.1,50,5.0,1.0,
500,2.0,0.1,50,5.0,2.0,
500,2.0,0.1,50,5.0,5.0,
500,2.0,0.1,100,0.5,0.5,
500,2.0,0.1,100,0.5,1.0,
500,2.0,0.1,100,0.5,2.0,
500,2.0,0.1,100,0.5,5.0,
500,2.0,0.1,100,1.0,0.5,
500,2.0,0.1,100,1.0,1.0,
500,2.0,0.1,100,1.0,2.0,
500,2.0,0.1,100,1.0,5.0,
500,2.0,0.1,100,2.0,0.5,
500,2.0,0.1,100,2.0,1.0,
500,2.0,0.1,100,2.0,2.0,
500,2.0,0.1,100,2.0,5.0,
500,2.0,0.1,100,5.0,0.5,
500,2.0,0.1,100,5.0,1.0,
500,2.0,0.1,100,5.0,2.0,
500,2.0,0.1,100,5.0,5.0,
500,2.0,0.1,150,0.5,0.5,
500,2.0,0.1,150,0.5,1.0,
500,2.0,0.1,150,0.5,2.0,
500,2.0,0.1,150,0.5,5.0,
500,2.0,0.1,150,1.0,0.5,
500,2.0,0.1,150,1.0,1.0,
500,2.0,0.1,150,1.0,2.0,
500,2.0,0.1,150,1.0,5.0,
500,2.0,0.1,150,2.0,0.5,
500,2.0,0.1,150,2.0,1.0,
500,2.0,0.1,150,2.0,2.0,
500,2.0,0.1,150,2.0,5.0,
500,2.0,0.1,150,5.0,0.5,
500,2.0,0.1,150,5.0,1.0,
500,2.0,0.1,150,5.0,2.0,
500,2.0,0.1,150,5.0,5.0,
500,2.0,0.5,50,0.5,0.5,
500,2.0,0.5,50,0.5,1.0,
500,2.0,0.5,50,0.5,2.0,
500,2.0,0.5,50,0.5,5.0,
500,2.0,0.5,50,1.0,0.5,
500,2.0,0.5,50,1.0,1.0,
500,2.0,0.5,50,1.0,2.0,
500,2.0,0.5,50,1.0,5.0,
500,2.0,0.5,50,2.0,0.5,
500,2.0,0.5,50,2.0,1.0,
500,2.0,0.5,50,2.0,2.0,
500,2.0,0.5,50,2.0,5.0,
500,2.0,0.5,50,5.0,0.5,
500,2.0,0.5,50,5.0,1.0,
500,2.0,0.5,50,5.0,2.0,
500,2.0,0.5,50,5.0,5.0,
500,2.0,0.5,100,0.5,0.5,
500,2.0,0.5,100,0.5,1.0,
500,2.0,0.5,100,0.5,2.0,
500,2.0,0.5,100,0.5,5.0,
500,2.0,0.5,100,1.0,0.5,
500,2.0,0.5,100,1.0,1.0,
500,2.0,0.5,100,1.0,2.0,
500,2.0,0.5,100,1.0,5.0,
500,2.0,0.5,100,2.0,0.5,
500,2.0,0.5,100,2.0,1.0,
500,2.0,0.5,100,2.0,2.0,
500,2.0,0.5,100,2.0,5.0,
500,2.0,0.5,100,5.0,0.5,
500,2.0,0.5,100,5.0,1.0,
500,2.0,0.5,100,5.0,2.0,
500,2.0,0.5,100,5.0,5.0,
500,2.0,0.5,150,0.5,0.5,
500,2.0,0.5,150,0.5,1.0,
500,2.0,0.5,150,0.5,2.0,
500,2.0,0.5,150,0.5,5.0,
500,2.0,0.5,150,1.0,0.5,
500,2.0,0.5,150,1.0,1.0,
500,2.0,0.5,150,1.0,2.0,
500,2.0,0.5,150,1.0,5.0,
500,2.0,0.5,150,2.0,0.5,
500,2.0,0.5,150,2.0,1.0,
500,2.0,0.5,150,2.0,2.0,
500,2.0,0.5,150,2.0,5.0,
500,2.0,0.5,150,5.0,0.5,
500,2.0,0.5,150,5.0,1.0,
500,2.0,0.5,150,5.0,2.0,
500,2.0,0.5,150,5.0,5.0,
500,2.0,1.0,50,0.5,0.5,
500,2.0,1.0,50,0.5,1.0,
500,2.0,1.0,50,0.5,2.0,
500,2.0,1.0,50,0.5,5.0,
500,2.0,1.0,50,1.0,0.5,
500,2.0,1.0,50,1.0,1.0,
500,2.0,1.0,50,1.0,2.0,
500,2.0,1.0,50,1.0,5.0,
500,2.0,1.0,50,2.0,0.5,
500,2.0,1.0,50,2.0,1.0,
500,2.0,1.0,50,2.0,2.0,
500,2.0,1.0,50,2.0,5.0,
500,2.0,1.0,50,5.0,0.5,
500,2.0,1.0,50,5.0,1.0,
500,2.0,1.0,50,5.0,2.0,
500,2.0,1.0,50,5.0,5.0,
500,2.0,1.0,100,0.5,0.5,
500,2.0,1.0,100,0.5,1.0,
500,2.0,1.0,100,0.5,2.0,
500,2.0,1.0,100,0.5,5.0,
500,2.0,1.0,100,1.0,0.5,
500,2.0,1.0,100,1.0,1.0,
500,2.0,1.0,100,1.0,2.0,
500,2.0,1.0,100,1.0,5.0,
500,2.0,1.0,100,2.0,0.5,
500,2.0,1.0,100,2.0,1.0,
500,2.0,1.0,100,2.0,2.0,
500,2.0,1.0,100,2.0,5.0,
500,2.0,1.0,100,5.0,0.5,
500,2.0,1.0,100,5.0,1.0,
500,2.0,1.0,100,5.0,2.0,
500,2.0,1.0,100,5.0,5.0,
500,2.0,1.0,150,0.5,0.5,
500,2.0,1.0,150,0.5,1.0,
500,2.0,1.0,150,0.5,2.0,
500,2.0,1.0,150,0.5,5.0,
500,2.0,1.0,150,1.0,0.5,
500,2.0,1.0,150,1.0,1.0,
500,2.0,1.0,150,1.0,2.0,
500,2.0,1.0,150,1.0,5.0,
500,2.0,1.0,150,2.0,0.5,
500,2.0,1.0,150,2.0,1.0,
500,2.0,1.0,150,2.0,2.0,
500,2.0,1.0,150,2.0,5.0,
500,2.0,1.0,150,5.0,0.5,
500,2.0,1.0,150,5.0,1.0,
500,2.0,1.0,150,5.0,2.0,
500,2.0,1.0,150,5.0,5.0,
500,2.0,2.0,50,0.5,0.5,
500,2.0,2.0,50,0.5,1.0,
500,2.0,2.0,50,0.5,2.0,
500,2.0,2.0,50,0.5,5.0,
500,2.0,2.0,50,1.0,0.5,
500,2.0,2.0,50,1.0,1.0,
500,2.0,2.0,50,1.0,2.0,
500,2.0,2.0,50,1.0,5.0,
500,2.0,2.0,50,2.0,0.5,
500,2.0,2.0,50,2.0,1.0,
500,2.0,2.0,50,2.0,2.0,
500,2.0,2.0,50,2.0,5.0,
500,2.0,2.0,50,5.0,0.5,
500,2.0,2.0,50,5.0,1.0,
500,2.0,2.0,50,5.0,2.0,
500,2.0,2.0,50,5.0,5.0,
500,2.0,2.0,100,0.5,0.5,
500,2.0,2.0,100,0.5,1.0,
500,2.0,2.0,100,0.5,2.0,
500,2.0,2.0,100,0.5,5.0,
500,2.0,2.0,100,1.0,0.5,
500,2.0,2.0,100,1.0,1.0,
500,2.0,2.0,100,1.0,2.0,
500,2.0,2.0,100,1.0,5.0,
500,2.0,2.0,100,2.0,0.5,
500,2.0,2.0,100,2.0,1.0,
500,2.0,2.0,100,2.0,2.0,
500,2.0,2.0,100,2.0,5.0,
500,2.0,2.0,100,5.0,0.5,
500,2.0,2.0,100,5.0,1.0,
500,2.0,2.0,100,5.0,2.0,
500,2.0,2.0,100,5.0,5.0,
500,2.0,2.0,150,0.5,0.5,
500,2.0,2.0,150,0.5,1.0,
500,2.0,2.0,150,0.5,2.0,
500,2.0,2.0,150,0.5,5.0,
500,2.0,2.0,150,1.0,0.5,
500,2.0,2.0,150,1.0,1.0,
500,2.0,2.0,150,1.0,2.0,
500,2.0,2.0,150,1.0,5.0,
500,2.0,2.0,150,2.0,0.5,
500,2.0,2.0,150,2.0,1.0,
500,2.0,2.0,150,2.0,2.0,
500,2.0,2.0,150,2.0,5.0,
500,2.0,2.0,150,5.0,0.5,
500,2.0,2.0,150,5.0,1.0,
500,2.0,2.0,150,5.0,2.0,
500,2.0,2.0,150,5.0,5.0,
1000,0.1,0.1,50,0.5,0.5,
1000,0.1,0.1,50,0.5,1.0,
1000,0.1,0.1,50,0.5,2.0,
1000,0.1,0.1,50,0.5,5.0,
1000,0.1,0.1,50,1.0,0.5,
1000,0.1,0.1,50,1.0,1.0,
1000,0.1,0.1,50,1.0,2.0,
1000,0.1,0.1,50,1.0,5.0,
1000,0.1,0.1,50,2.0,0.5,
1000,0.1,0.1,50,2.0,1.0,
1000,0.1,0.1,50,2.0,2.0,
1000,0.1,0.1,50,2.0,5.0,
1000,0.1,0.1,50,5.0,0.5,
1000,0.1,0.1,50,5.0,1.0,
1000,0.1,0.1,50,5.0,2.0,
1000,0.1,0.1,50,5.0,5.0,
1000,0.1,0.1,100,0.5,0.5,
1000,0.1,0.1,100,0.5,1.0,
1000,0.1,0.1,100,0.5,2.0,
1000,0.1,0.1,100,0.5,5.0,
1000,0.1,0.1,100,1.0,0.5,
1000,0.1,0.1,100,1.0,1.0,
1000,0.1,0.1,100,1.0,2.0,
1000,0.1,0.1,100,1.0,5.0,
1000,0.1,0.1,100,2.0,0.5,
1000,0.1,0.1,100,2.0,1.0,
1000,0.1,0.1,100,2.0,2.0,
1000,0.1,0.1,100,2.0,5.0,
1000,0.1,0.1,100,5.0,0.5,
1000,0.1,0.1,100,5.0,1.0,
1000,0.1,0.1,100,5.0,2.0,
1000,0.1,0.1,100,5.0,5.0,
1000,0.1,0.1,150,0.5,0.5,
1000,0.1,0.1,150,0.5,1.0,
1000,0.1,0.1,150,0.5,2.0,
1000,0.1,0.1,150,0.5,5.0,
1000,0.1,0.1,150,1.0,0.5,
1000,0.1,0.1,150,1.0,1.0,
1000,0.1,0.1,150,1.0,2.0,
1000,0.1,0.1,150,1.0,5.0,
1000,0.1,0.1,150,2.0,0.5,
1000,0.1,0.1,150,2.0,1.0,
1000,0.1,0.1,150,2.0,2.0,
1000,0.1,0.1,150,2.0,5.0,
1000,0.1,0.1,150,5.0,0.5,
1000,0.1,0.1,150,5.0,1.0,
1000,0.1,0.1,150,5.0,2.0,
1000,0.1,0.1,150,5.0,5.0,
1000,0.1,0.5,50,0.5,0.5,
1000,0.1,0.5,50,0.5,1.0,
1000,0.1,0.5,50,0.5,2.0,
1000,0.1,0.5,50,0.5,5.0,
1000,0.1,0.5,50,1.0,0.5,
1000,0.1,0.5,50,1.0,1.0,
1000,0.1,0.5,50,1.0,2.0,
1000,0.1,0.5,50,1.0,5.0,
1000,0.1,0.5,50,2.0,0.5,
1000,0.1,0.5,50,2.0,1.0,
1000,0.1,0.5,50,2.0,2.0,
1000,0.1,0.5,50,2.0,5.0,
1000,0.1,0.5,50,5.0,0.5,
1000,0.1,0.5,50,5.0,1.0,
1000,0.1,0.5,50,5.0,2.0,
1000,0.1,0.5,50,5.0,5.0,
1000,0.1,0.5,100,0.5,0.5,
1000,0.1,0.5,100,0.5,1.0,
1000,0.1,0.5,100,0.5,2.0,
1000,0.1,0.5,100,0.5,5.0,
1000,0.1,0.5,100,1.0,0.5,
1000,0.1,0.5,100,1.0,1.0,
1000,0.1,0.5,100,1.0,2.0,
1000,0.1,0.5,100,1.0,5.0,
1000,0.1,0.5,100,2.0,0.5,
1000,0.1,0.5,100,2.0,1.0,
1000,0.1,0.5,100,2.0,2.0,
1000,0.1,0.5,100,2.0,5.0,
1000,0.1,0.5,100,5.0,0.5,
1000,0.1,0.5,100,5.0,1.0,
1000,0.1,0.5,100,5.0,2.0,
1000,0.1,0.5,100,5.0,5.0,
1000,0.1,0.5,150,0.5,0.5,
1000,0.1,0.5,150,0.5,1.0,
1000,0.1,0.5,150,0.5,2.0,
1000,0.1,0.5,150,0.5,5.0,
1000,0.1,0.5,150,1.0,0.5,
1000,0.1,0.5,150,1.0,1.0,
1000,0.1,0.5,150,1.0,2.0,
1000,0.1,0.5,150,1.0,5.0,
1000,0.1,0.5,150,2.0,0.5,
1000,0.1,0.5,150,2.0,1.0,
1000,0.1,0.5,150,2.0,2.0,
1000,0.1,0.5,150,2.0,5.0,
1000,0.1,0.5,150,5.0,0.5,
1000,0.1,0.5,150,5.0,1.0,
1000,0.1,0.5,150,5.0,2.0,
1000,0.1,0.5,150,5.0,5.0,
1000,0.1,1.0,50,0.5,0.5,
1000,0.1,1.0,50,0.5,1.0,
1000,0.1,1.0,50,0.5,2.0,
1000,0.1,1.0,50,0.5,5.0,
1000,0.1,1.0,50,1.0,0.5,
1000,0.1,1.0,50,1.0,1.0,
1000,0.1,1.0,50,1.0,2.0,
1000,0.1,1.0,50,1.0,5.0,
1000,0.1,1.0,50,2.0,0.5,
1000,0.1,1.0,50,2.0,1.0,
1000,0.1,1.0,50,2.0,2.0,
1000,0.1,1.0,50,2.0,5.0,
1000,0.1,1.0,50,5.0,0.5,
1000,0.1,1.0,50,5.0,1.0,
1000,0.1,1.0,50,5.0,2.0,
1000,0.1,1.0,50,5.0,5.0,
1000,0.1,1.0,100,0.5,0.5,
1000,0.1,1.0,100,0.5,1.0,
1000,0.1,1.0,100,0.5,2.0,
1000,0.1,1.0,100,0.5,5.0,
1000,0.1,1.0,100,1.0,0.5,
1000,0.1,1.0,100,1.0,1.0,
1000,0.1,1.0,100,1.0,2.0,
1000,0.1,1.0,100,1.0,5.0,
1000,0.1,1.0,100,2.0,0.5,
1000,0.1,1.0,100,2.0,1.0,
1000,0.1,1.0,100,2.0,2.0,
1000,0.1,1.0,100,2.0,5.0,
1000,0.1,1.0,100,5.0,0.5,
1000,0.1,1.0,100,5.0,1.0,
1000,0.1,1.0,100,5.0,2.0,
1000,0.1,1.0,100,5.0,5.0,
1000,0.1,1.0,150,0.5,0.5,
1000,0.1,1.0,150,0.5,1.0,
1000,0.1,1.0,150,0.5,2.0,
1000,0.1,1.0,150,0.5,5.0,
1000,0.1,1.0,150,1.0,0.5,
1000,0.1,1.0,150,1.0,1.0,
1000,0.1,1.0,150,1.0,2.0,
1000,0.1,1.0,150,1.0,5.0,
1000,0.1,1.0,150,2.0,0.5,
1000,0.1,1.0,150,2.0,1.0,
1000,0.1,1.0,150,2.0,2.0,
1000,0.1,1.0,150,2.0,5.0,
1000,0.1,1.0,150,5.0,0.5,
1000,0.1,1.0,150,5.0,1.0,
1000,0.1,1.0,150,5.0,2.0,
1000,0.1,1.0,150,5.0,5.0,
1000,0.1,2.0,50,0.5,0.5,
1000,0.1,2.0,50,0.5,1.0,
1000,0.1,2.0,50,0.5,2.0,
1000,0.1,2.0,50,0.5,5.0,
1000,0.1,2.0,50,1.0,0.5,
1000,0.1,2.0,50,1.0,1.0,
1000,0.1,2.0,50,1.0,2.0,
1000,0.1,2.0,50,1.0,5.0,
1000,0.1,2.0,50,2.0,0.5,
1000,0.1,2.0,50,2.0,1.0,
1000,0.1,2.0,50,2.0,2.0,
1000,0.1,2.0,50,2.0,5.0,
1000,0.1,2.0,50,5.0,0.5,
1000,0.1,2.0,50,5.0,1.0,
1000,0.1,2.0,50,5.0,2.0,
1000,0.1,2.0,50,5.0,5.0,
1000,0.1,2.0,100,0.5,0.5,
1000,0.1,2.0,100,0.5,1.0,
1000,0.1,2.0,100,0.5,2.0,
1000,0.1,2.0,100,0.5,5.0,
1000,0.1,2.0,100,1.0,0.5,
1000,0.1,2.0,100,1.0,1.0,
1000,0.1,2.0,100,1.0,2.0,
1000,0.1,2.0,100,1.0,5.0,
1000,0.1,2.0,100,2.0,0.5,
1000,0.1,2.0,100,2.0,1.0,
1000,0.1,2.0,100,2.0,2.0,
1000,0.1,2.0,100,2.0,5.0,
1000,0.1,2.0,100,5.0,0.5,
1000,0.1,2.0,100,5.0,1.0,
1000,0.1,2.0,100,5.0,2.0,
1000,0.1,2.0,100,5.0,5.0,
1000,0.1,2.0,150,0.5,0.5,
1000,0.1,2.0,150,0.5,1.0,
1000,0.1,2.0,150,0.5,2.0,
1000,0.1,2.0,150,0.5,5.0,
1000,0.1,2.0,150,1.0,0.5,
1000,0.1,2.0,150,1.0,1.0,
1000,0.1,2.0,150,1.0,2.0,
1000,0.1,2.0,150,1.0,5.0,
1000,0.1,2.0,150,2.0,0.5,
1000,0.1,2.0,150,2.0,1.0,
1000,0.1,2.0,150,2.0,2.0,
1000,0.1,2.0,150,2.0,5.0,
1000,0.1,2.0,150,5.0,0.5,
1000,0.1,2.0,150,5.0,1.0,
1000,0.1,2.0,150,5.0,2.0,
1000,0.1,2.0,150,5.0,5.0,
1000,0.5,0.1,50,0.5,0.5,
1000,0.5,0.1,50,0.5,1.0,
1000,0.5,0.1,50,0.5,2.0,
1000,0.5,0.1,50,0.5,5.0,
1000,0.5,0.1,50,1.0,0.5,
1000,0.5,0.1,50,1.0,1.0,
1000,0.5,0.1,50,1.0,2.0,
1000,0.5,0.1,50,1.0,5.0,
1000,0.5,0.1,50,2.0,0.5,
1000,0.5,0.1,50,2.0,1.0,
1000,0.5,0.1,50,2.0,2.0,
1000,0.5,0.1,50,2.0,5.0,
1000,0.5,0.1,50,5.0,0.5,
1000,0.5,0.1,50,5.0,1.0,
1000,0.5,0.1,50,5.0,2.0,
1000,0.5,0.1,50,5.0,5.0,
1000,0.5,0.1,100,0.5,0.5,
1000,0.5,0.1,100,0.5,1.0,
1000,0.5,0.1,100,0.5,2.0,
1000,0.5,0.1,100,0.5,5.0,
1000,0.5,0.1,100,1.0,0.5,
1000,0.5,0.1,100,1.0,1.0,
1000,0.5,0.1,100,1.0,2.0,
1000,0.5,0.1,100,1.0,5.0,
1000,0.5,0.1,100,2.0,0.5,
1000,0.5,0.1,100,2.0,1.0,
1000,0.5,0.1,100,2.0,2.0,
1000,0.5,0.1,100,2.0,5.0,
1000,0.5,0.1,100,5.0,0.5,
1000,0.5,0.1,100,5.0,1.0,
1000,0.5,0.1,100,5.0,2.0,
1000,0.5,0.1,100,5.0,5.0,
1000,0.5,0.1,150,0.5,0.5,
1000,0.5,0.1,150,0.5,1.0,
1000,0.5,0.1,150,0.5,2.0,
1000,0.5,0.1,150,0.5,5.0,
1000,0.5,0.1,150,1.0,0.5,
1000,0.5,0.1,150,1.0,1.0,
1000,0.5,0.1,150,1.0,2.0,
1000,0.5,0.1,150,1.0,5.0,
1000,0.5,0.1,150,2.0,0.5,
1000,0.5,0.1,150,2.0,1.0,
1000,0.5,0.1,150,2.0,2.0,
1000,0.5,0.1,150,2.0,5.0,
1000,0.5,0.1,150,5.0,0.5,
1000,0.5,0.1,150,5.0,1.0,
1000,0.5,0.1,150,5.0,2.0,
1000,0.5,0.1,150,5.0,5.0,
1000,0.5,0.5,50,0.5,0.5,
1000,0.5,0.5,50,0.5,1.0,
1000,0.5,0.5,50,0.5,2.0,
1000,0.5,0.5,50,0.5,5.0,
1000,0.5,0.5,50,1.0,0.5,
1000,0.5,0.5,50,1.0,1.0,
1000,0.5,0.5,50,1.0,2.0,
1000,0.5,0.5,50,1.0,5.0,
1000,0.5,0.5,50,2.0,0.5,
1000,0.5,0.5,50,2.0,1.0,
1000,0.5,0.5,50,2.0,2.0,
1000,0.5,0.5,50,2.0,5.0,
1000,0.5,0.5,50,5.0,0.5,
1000,0.5,0.5,50,5.0,1.0,
1000,0.5,0.5,50,5.0,2.0,
1000,0.5,0.5,50,5.0,5.0,
1000,0.5,0.5,100,0.5,0.5,
1000,0.5,0.5,100,0.5,1.0,
1000,0.5,0.5,100,0.5,2.0,
1000,0.5,0.5,100,0.5,5.0,
1000,0.5,0.5,100,1.0,0.5,
1000,0.5,0.5,100,1.0,1.0,
1000,0.5,0.5,100,1.0,2.0,
1000,0.5,0.5,100,1.0,5.0,
1000,0.5,0.5,100,2.0,0.5,
1000,0.5,0.5,100,2.0,1.0,
1000,0.5,0.5,100,2.0,2.0,
1000,0.5,0.5,100,2.0,5.0,
1000,0.5,0.5,100,5.0,0.5,
1000,0.5,0.5,100,5.0,1.0,
1000,0.5,0.5,100,5.0,2.0,
1000,0.5,0.5,100,5.0,5.0,
1000,0.5,0.5,150,0.5,0.5,
1000,0.5,0.5,150,0.5,1.0,
1000,0.5,0.5,150,0.5,2.0,
1000,0.5,0.5,150,0.5,5.0,
1000,0.5,0.5,150,1.0,0.5,
1000,0.5,0.5,150,1.0,1.0,
1000,0.5,0.5,150,1.0,2.0,
1000,0.5,0.5,150,1.0,5.0,
1000,0.5,0.5,150,2.0,0.5,
1000,0.5,0.5,150,2.0,1.0,
1000,0.5,0.5,150,2.0,2.0,
1000,0.5,0.5,150,2.0,5.0,
1000,0.5,0.5,150,5.0,0.5,
1000,0.5,0.5,150,5.0,1.0,
1000,0.5,0.5,150,5.0,2.0,
1000,0.5,0.5,150,5.0,5.0,
1000,0.5,1.0,50,0.5,0.5,
1000,0.5,1.0,50,0.5,1.0,
1000,0.5,1.0,50,0.5,2.0,
1000,0.5,1.0,50,0.5,5.0,
1000,0.5,1.0,50,1.0,0.5,
1000,0.5,1.0,50,1.0,1.0,
1000,0.5,1.0,50,1.0,2.0,
1000,0.5,1.0,50,1.0,5.0,
1000,0.5,1.0,50,2.0,0.5,
1000,0.5,1.0,50,2.0,1.0,
1000,0.5,1.0,50,2.0,2.0,
1000,0.5,1.0,50,2.0,5.0,
1000,0.5,1.0,50,5.0,0.5,
1000,0.5,1.0,50,5.0,1.0,
1000,0.5,1.0,50,5.0,2.0,
1000,0.5,1.0,50,5.0,5.0,
1000,0.5,1.0,100,0.5,0.5,
1000,0.5,1.0,100,0.5,1.0,
1000,0.5,1.0,100,0.5,2.0,
1000,0.5,1.0,100,0.5,5.0,
1000,0.5,1.0,100,1.0,0.5,
1000,0.5,1.0,100,1.0,1.0,
1000,0.5,1.0,100,1.0,2.0,
1000,0.5,1.0,100,1.0,5.0,
1000,0.5,1.0,100,2.0,0.5,
1000,0.5,1.0,100,2.0,1.0,
1000,0.5,1.0,100,2.0,2.0,
1000,0.5,1.0,100,2.0,5.0,
1000,0.5,1.0,100,5.0,0.5,
1000,0.5,1.0,100,5.0,1.0,
1000,0.5,1.0,100,5.0,2.0,
1000,0.5,1.0,100,5.0,5.0,
1000,0.5,1.0,150,0.5,0.5,
1000,0.5,1.0,150,0.5,1.0,
1000,0.5,1.0,150,0.5,2.0,
1000,0.5,1.0,150,0.5,5.0,
1000,0.5,1.0,150,1.0,0.5,
1000,0.5,1.0,150,1.0,1.0,
1000,0.5,1.0,150,1.0,2.0,
1000,0.5,1.0,150,1.0,5.0,
1000,0.5,1.0,150,2.0,0.5,
1000,0.5,1.0,150,2.0,1.0,
1000,0.5,1.0,150,2.0,2.0,
1000,0.5,1.0,150,2.0,5.0,
1000,0.5,1.0,150,5.0,0.5,
1000,0.5,1.0,150,5.0,1.0,
1000,0.5,1.0,150,5.0,2.0,
1000,0.5,1.0,150,5.0,5.0,
1000,0.5,2.0,50,0.5,0.5,
1000,0.5,2.0,50,0.5,1.0,
1000,0.5,2.0,50,0.5,2.0,
1000,0.5,2.0,50,0.5,5.0,
1000,0.5,2.0,50,1.0,0.5,
1000,0.5,2.0,50,1.0,1.0,
1000,0.5,2.0,50,1.0,2.0,
1000,0.5,2.0,50,1.0,5.0,
1000,0.5,2.0,50,2.0,0.5,
1000,0.5,2.0,50,2.0,1.0,
1000,0.5,2.0,50,2.0,2.0,
1000,0.5,2.0,50,2.0,5.0,
1000,0.5,2.0,50,5.0,0.5,
1000,0.5,2.0,50,5.0,1.0,
1000,0.5,2.0,50,5.0,2.0,
1000,0.5,2.0,50,5.0,5.0,
1000,0.5,2.0,100,0.5,0.5,
1000,0.5,2.0,100,0.5,1.0,
1000,0.5,2.0,100,0.5,2.0,
1000,0.5,2.0,100,0.5,5.0,
1000,0.5,2.0,100,1.0,0.5,
1000,0.5,2.0,100,1.0,1.0,
1000,0.5,2.0,100,1.0,2.0,
1000,0.5,2.0,100,1.0,5.0,
1000,0.5,2.0,100,2.0,0.5,
1000,0.5,2.0,100,2.0,1.0,
1000,0.5,2.0,100,2.0,2.0,
1000,0.5,2.0,100,2.0,5.0,
1000,0.5,2.0,100,5.0,0.5,
1000,0.5,2.0,100,5.0,1.0,
1000,0.5,2.0,100,5.0,2.0,
1000,0.5,2.0,100,5.0,5.0,
1000,0.5,2.0,150,0.5,0.5,
1000,0.5,2.0,150,0.5,1.0,
1000,0.5,2.0,150,0.5,2.0,
1000,0.5,2.0,150,0.5,5.0,
1000,0.5,2.0,150,1.0,0.5,
1000,0.5,2.0,150,1.0,1.0,
1000,0.5,2.0,150,1.0,2.0,
1000,0.5,2.0,150,1.0,5.0,
1000,0.5,2.0,150,2.0,0.5,
1000,0.5,2.0,150,2.0,1.0,
1000,0.5,2.0,150,2.0,2.0,
1000,0.5,2.0,150,2.0,5.0,
1000,0.5,2.0,150,5.0,0.5,
1000,0.5,2.0,150,5.0,1.0,
1000,0.5,2.0,150,5.0,2.0,
1000,0.5,2.0,150,5.0,5.0,
1000,1.0,0.1,50,0.5,0.5,
1000,1.0,0.1,50,0.5,1.0,
1000,1.0,0.1,50,0.5,2.0,
1000,1.0,0.1,50,0.5,5.0,
1000,1.0,0.1,50,1.0,0.5,
1000,1.0,0.1,50,1.0,1.0,
1000,1.0,0.1,50,1.0,2.0,
1000,1.0,0.1,50,1.0,5.0,
1000,1.0,0.1,50,2.0,0.5,
1000,1.0,0.1,50,2.0,1.0,
1000,1.0,0.1,50,2.0,2.0,
1000,1.0,0.1,50,2.0,5.0,
1000,1.0,0.1,50,5.0,0.5,
1000,1.0,0.1,50,5.0,1.0,
1000,1.0,0.1,50,5.0,2.0,
1000,1.0,0.1,50,5.0,5.0,
1000,1.0,0.1,100,0.5,0.5,
1000,1.0,0.1,100,0.5,1.0,
1000,1.0,0.1,100,0.5,2.0,
1000,1.0,0.1,100,0.5,5.0,
1000,1.0,0.1,100,1.0,0.5,
1000,1.0,0.1,100,1.0,1.0,
1000,1.0,0.1,100,1.0,2.0,
1000,1.0,0.1,100,1.0,5.0,
1000,1.0,0.1,100,2.0,0.5,
1000,1.0,0.1,100,2.0,1.0,
1000,1.0,0.1,100,2.0,2.0,
1000,1.0,0.1,100,2.0,5.0,
1000,1.0,0.1,100,5.0,0.5,
1000,1.0,0.1,100,5.0,1.0,
1000,1.0,0.1,100,5.0,2.0,
1000,1.0,0.1,100,5.0,5.0,
1000,1.0,0.1,150,0.5,0.5,
1000,1.0,0.1,150,0.5,1.0,
1000,1.0,0.1,150,0.5,2.0,
1000,1.0,0.1,150,0.5,5.0,
1000,1.0,0.1,150,1.0,0.5,
1000,1.0,0.1,150,1.0,1.0,
1000,1.0,0.1,150,1.0,2.0,
1000,1.0,0.1,150,1.0,5.0,
1000,1.0,0.1,150,2.0,0.5,
1000,1.0,0.1,150,2.0,1.0,
1000,1.0,0.1,150,2.0,2.0,
1000,1.0,0.1,150,2.0,5.0,
1000,1.0,0.1,150,5.0,0.5,
1000,1.0,0.1,150,5.0,1.0,
1000,1.0,0.1,150,5.0,2.0,
1000,1.0,0.1,150,5.0,5.0,
1000,1.0,0.5,50,0.5,0.5,
1000,1.0,0.5,50,0.5,1.0,
1000,1.0,0.5,50,0.5,2.0,
1000,1.0,0.5,50,0.5,5.0,
1000,1.0,0.5,50,1.0,0.5,
1000,1.0,0.5,50,1.0,1.0,
1000,1.0,0.5,50,1.0,2.0,
1000,1.0,0.5,50,1.0,5.0,
1000,1.0,0.5,50,2.0,0.5,
1000,1.0,0.5,50,2.0,1.0,
1000,1.0,0.5,50,2.0,2.0,
1000,1.0,0.5,50,2.0,5.0,
1000,1.0,0.5,50,5.0,0.5,
1000,1.0,0.5,50,5.0,1.0,
1000,1.0,0.5,50,5.0,2.0,
1000,1.0,0.5,50,5.0,5.0,
1000,1.0,0.5,100,0.5,0.5,
1000,1.0,0.5,100,0.5,1.0,
1000,1.0,0.5,100,0.5,2.0,
1000,1.0,0.5,100,0.5,5.0,
1000,1.0,0.5,100,1.0,0.5,
1000,1.0,0.5,100,1.0,1.0,
1000,1.0,0.5,100,1.0,2.0,
1000,1.0,0.5,100,1.0,5.0,
1000,1.0,0.5,100,2.0,0.5,
1000,1.0,0.5,100,2.0,1.0,
1000,1.0,0.5,100,2.0,2.0,
1000,1.0,0.5,100,2.0,5.0,
1000,1.0,0.5,100,5.0,0.5,
1000,1.0,0.5,100,5.0,1.0,
1000,1.0,0.5,100,5.0,2.0,
1000,1.0,0.5,100,5.0,5.0,
1000,1.0,0.5,150,0.5,0.5,
1000,1.0,0.5,150,0.5,1.0,
1000,1.0,0.5,150,0.5,2.0,
1000,1.0,0.5,150,0.5,5.0,
1000,1.0,0.5,150,1.0,0.5,
1000,1.0,0.5,150,1.0,1.0,
1000,1.0,0.5,150,1.0,2.0,
1000,1.0,0.5,150,1.0,5.0,
1000,1.0,0.5,150,2.0,0.5,
1000,1.0,0.5,150,2.0,1.0,
1000,1.0,0.5,150,2.0,2.0,
1000,1.0,0.5,150,2.0,5.0,
1000,1.0,0.5,150,5.0,0.5,
1000,1.0,0.5,150,5.0,1.0,
1000,1.0,0.5,150,5.0,2.0,
1000,1.0,0.5,150,5.0,5.0,
1000,1.0,1.0,50,0.5,0.5,
1000,1.0,1.0,50,0.5,1.0,
1000,1.0,1.0,50,0.5,2.0,
1000,1.0,1.0,50,0.5,5.0,
1000,1.0,1.0,50,1.0,0.5,
1000,1.0,1.0,50,1.0,1.0,
1000,1.0,1.0,50,1.0,2.0,
1000,1.0,1.0,50,1.0,5.0,
1000,1.0,1.0,50,2.0,0.5,
1000,1.0,1.0,50,2.0,1.0,
1000,1.0,1.0,50,2.0,2.0,
1000,1.0,1.0,50,2.0,5.0,
1000,1.0,1.0,50,5.0,0.5,
1000,1.0,1.0,50,5.0,1.0,
1000,1.0,1.0,50,5.0,2.0,
1000,1.0,1.0,50,5.0,5.0,
1000,1.0,1.0,100,0.5,0.5,
1000,1.0,1.0,100,0.5,1.0,
1000,1.0,1.0,100,0.5,2.0,
1000,1.0,1.0,100,0.5,5.0,
1000,1.0,1.0,100,1.0,0.5,
1000,1.0,1.0,100,1.0,1.0,
1000,1.0,1.0,100,1.0,2.0,
1000,1.0,1.0,100,1.0,5.0,
1000,1.0,1.0,100,2.0,0.5,
1000,1.0,1.0,100,2.0,1.0,
1000,1.0,1.0,100,2.0,2.0,
1000,1.0,1.0,100,2.0,5.0,
1000,1.0,1.0,100,5.0,0.5,
1000,1.0,1.0,100,5.0,1.0,
1000,1.0,1.0,100,5.0,2.0,
1000,1.0,1.0,100,5.0,5.0,
1000,1.0,1.0,150,0.5,0.5,
1000,1.0,1.0,150,0.5,1.0,
1000,1.0,1.0,150,0.5,2.0,
1000,1.0,1.0,150,0.5,5.0,
1000,1.0,1.0,150,1.0,0.5,
1000,1.0,1.0,150,1.0,1.0,
1000,1.0,1.0,150,1.0,2.0,
1000,1.0,1.0,150,1.0,5.0,
1000,1.0,1.0,150,2.0,0.5,
1000,1.0,1.0,150,2.0,1.0,
1000,1.0,1.0,150,2.0,2.0,
1000,1.0,1.0,150,2.0,5.0,
1000,1.0,1.0,150,5.0,0.5,
1000,1.0,1.0,150,5.0,1.0,
1000,1.0,1.0,150,5.0,2.0,
1000,1.0,1.0,150,5.0,5.0,
1000,1.0,2.0,50,0.5,0.5,
1000,1.0,2.0,50,0.5,1.0,
1000,1.0,2.0,50,0.5,2.0,
1000,1.0,2.0,50,0.5,5.0,
1000,1.0,2.0,50,1.0,0.5,
1000,1.0,2.0,50,1.0,1.0,
1000,1.0,2.0,50,1.0,2.0,
1000,1.0,2.0,50,1.0,5.0,
1000,1.0,2.0,50,2.0,0.5,
1000,1.0,2.0,50,2.0,1.0,
1000,1.0,2.0,50,2.0,2.0,
1000,1.0,2.0,50,2.0,5.0,
1000,1.0,2.0,50,5.0,0.5,
1000,1.0,2.0,50,5.0,1.0,
1000,1.0,2.0,50,5.0,2.0,
1000,1.0,2.0,50,5.0,5.0,
1000,1.0,2.0,100,0.5,0.5,
1000,1.0,2.0,100,0.5,1.0,
1000,1.0,2.0,100,0.5,2.0,
1000,1.0,2.0,100,0.5,5.0,
1000,1.0,2.0,100,1.0,0.5,
1000,1.0,2.0,100,1.0,1.0,
1000,1.0,2.0,100,1.0,2.0,
1000,1.0,2.0,100,1.0,5.0,
1000,1.0,2.0,100,2.0,0.5,
1000,1.0,2.0,100,2.0,1.0,
1000,1.0,2.0,100,2.0,2.0,
1000,1.0,2.0,100,2.0,5.0,
1000,1.0,2.0,100,5.0,0.5,
1000,1.0,2.0,100,5.0,1.0,
1000,1.0,2.0,100,5.0,2.0,
1000,1.0,2.0,100,5.0,5.0,
1000,1.0,2.0,150,0.5,0.5,
1000,1.0,2.0,150,0.5,1.0,
1000,1.0,2.0,150,0.5,2.0,
1000,1.0,2.0,150,0.5,5.0,
1000,1.0,2.0,150,1.0,0.5,
1000,1.0,2.0,150,1.0,1.0,
1000,1.0,2.0,150,1.0,2.0,
1000,1.0,2.0,150,1.0,5.0,
1000,1.0,2.0,150,2.0,0.5,
1000,1.0,2.0,150,2.0,1.0,
1000,1.0,2.0,150,2.0,2.0,
1000,1.0,2.0,150,2.0,5.0,
1000,1.0,2.0,150,5.0,0.5,
1000,1.0,2.0,150,5.0,1.0,
1000,1.0,2.0,150,5.0,2.0,
1000,1.0,2.0,150,5.0,5.0,
1000,2.0,0.1,50,0.5,0.5,
1000,2.0,0.1,50,0.5,1.0,
1000,2.0,0.1,50,0.5,2.0,
1000,2.0,0.1,50,0.5,5.0,
1000,2.0,0.1,50,1.0,0.5,
1000,2.0,0.1,50,1.0,1.0,
1000,2.0,0.1,50,1.0,2.0,
1000,2.0,0.1,50,1.0,5.0,
1000,2.0,0.1,50,2.0,0.5,
1000,2.0,0.1,50,2.0,1.0,
1000,2.0,0.1,50,2.0,2.0,
1000,2.0,0.1,50,2.0,5.0,
1000,2.0,0.1,50,5.0,0.5,
1000,2.0,0.1,50,5.0,1.0,
1000,2.0,0.1,50,5.0,2.0,
1000,2.0,0.1,50,5.0,5.0,
1000,2.0,0.1,100,0.5,0.5,
1000,2.0,0.1,100,0.5,1.0,
1000,2.0,0.1,100,0.5,2.0,
1000,2.0,0.1,100,0.5,5.0,
1000,2.0,0.1,100,1.0,0.5,
1000,2.0,0.1,100,1.0,1.0,
1000,2.0,0.1,100,1.0,2.0,
1000,2.0,0.1,100,1.0,5.0,
1000,2.0,0.1,100,2.0,0.5,
1000,2.0,0.1,100,2.0,1.0,
1000,2.0,0.1,100,2.0,2.0,
1000,2.0,0.1,100,2.0,5.0,
1000,2.0,0.1,100,5.0,0.5,
1000,2.0,0.1,100,5.0,1.0,
1000,2.0,0.1,100,5.0,2.0,
1000,2.0,0.1,100,5.0,5.0,
1000,2.0,0.1,150,0.5,0.5,
1000,2.0,0.1,150,0.5,1.0,
1000,2.0,0.1,150,0.5,2.0,
1000,2.0,0.1,150,0.5,5.0,
1000,2.0,0.1,150,1.0,0.5,
1000,2.0,0.1,150,1.0,1.0,
1000,2.0,0.1,150,1.0,2.0,
1000,2.0,0.1,150,1.0,5.0,
1000,2.0,0.1,150,2.0,0.5,
1000,2.0,0.1,150,2.0,1.0,
1000,2.0,0.1,150,2.0,2.0,
1000,2.0,0.1,150,2.0,5.0,
1000,2.0,0.1,150,5.0,0.5,
1000,2.0,0.1,150,5.0,1.0,
1000,2.0,0.1,150,5.0,2.0,
1000,2.0,0.1,150,5.0,5.0,
1000,2.0,0.5,50,0.5,0.5,
1000,2.0,0.5,50,0.5,1.0,
1000,2.0,0.5,50,0.5,2.0,
1000,2.0,0.5,50,0.5,5.0,
1000,2.0,0.5,50,1.0,0.5,
1000,2.0,0.5,50,1.0,1.0,
1000,2.0,0.5,50,1.0,2.0,
1000,2.0,0.5,50,1.0,5.0,
1000,2.0,0.5,50,2.0,0.5,
1000,2.0,0.5,50,2.0,1.0,
1000,2.0,0.5,50,2.0,2.0,
1000,2.0,0.5,50,2.0,5.0,
1000,2.0,0.5,50,5.0,0.5,
1000,2.0,0.5,50,5.0,1.0,
1000,2.0,0.5,50,5.0,2.0,
1000,2.0,0.5,50,5.0,5.0,
1000,2.0,0.5,100,0.5,0.5,
1000,2.0,0.5,100,0.5,1.0,
1000,2.0,0.5,100,0.5,2.0,
1000,2.0,0.5,100,0.5,5.0,
1000,2.0,0.5,100,1.0,0.5,
1000,2.0,0.5,100,1.0,1.0,
1000,2.0,0.5,100,1.0,2.0,
1000,2.0,0.5,100,1.0,5.0,
1000,2.0,0.5,100,2.0,0.5,
1000,2.0,0.5,100,2.0,1.0,
1000,2.0,0.5,100,2.0,2.0,
1000,2.0,0.5,100,2.0,5.0,
1000,2.0,0.5,100,5.0,0.5,
1000,2.0,0.5,100,5.0,1.0,
1000,2.0,0.5,100,5.0,2.0,
1000,2.0,0.5,100,5.0,5.0,
1000,2.0,0.5,150,0.5,0.5,
1000,2.0,0.5,150,0.5,1.0,
1000,2.0,0.5,150,0.5,2.0,
1000,2.0,0.5,150,0.5,5.0,
1000,2.0,0.5,150,1.0,0.5,
1000,2.0,0.5,150,1.0,1.0,
1000,2.0,0.5,150,1.0,2.0,
1000,2.0,0.5,150,1.0,5.0,
1000,2.0,0.5,150,2.0,0.5,
1000,2.0,0.5,150,2.0,1.0,
1000,2.0,0.5,150,2.0,2.0,
1000,2.0,0.5,150,2.0,5.0,
1000,2.0,0.5,150,5.0,0.5,
1000,2.0,0.5,150,5.0,1.0,
1000,2.0,0.5,150,5.0,2.0,
1000,2.0,0.5,150,5.0,5.0,
1000,2.0,1.0,50,0.5,0.5,
1000,2.0,1.0,50,0.5,1.0,
1000,2.0,1.0,50,0.5,2.0,
1000,2.0,1.0,50,0.5,5.0,
1000,2.0,1.0,50,1.0,0.5,
1000,2.0,1.0,50,1.0,1.0,
1000,2.0,1.0,50,1.0,2.0,
1000,2.0,1.0,50,1.0,5.0,
1000,2.0,1.0,50,2.0,0.5,
1000,2.0,1.0,50,2.0,1.0,
1000,2.0,1.0,50,2.0,2.0,
1000,2.0,1.0,50,2.0,5.0,
1000,2.0,1.0,50,5.0,0.5,
1000,2.0,1.0,50,5.0,1.0,
1000,2.0,1.0,50,5.0,2.0,
1000,2.0,1.0,50,5.0,5.0,
1000,2.0,1.0,100,0.5,0.5,
1000,2.0,1.0,100,0.5,1.0,
1000,2.0,1.0,100,0.5,2.0,
1000,2.0,1.0,100,0.5,5.0,
1000,2.0,1.0,100,1.0,0.5,
1000,2.0,1.0,100,1.0,1.0,
1000,2.0,1.0,100,1.0,2.0,
1000,2.0,1.0,100,1.0,5.0,
1000,2.0,1.0,100,2.0,0.5,
1000,2.0,1.0,100,2.0,1.0,
1000,2.0,1.0,100,2.0,2.0,
1000,2.0,1.0,100,2.0,5.0,
1000,2.0,1.0,100,5.0,0.5,
1000,2.0,1.0,100,5.0,1.0,
1000,2.0,1.0,100,5.0,2.0,
1000,2.0,1.0,100,5.0,5.0,
1000,2.0,1.0,150,0.5,0.5,
1000,2.0,1.0,150,0.5,1.0,
1000,2.0,1.0,150,0.5,2.0,
1000,2.0,1.0,150,0.5,5.0,
1000,2.0,1.0,150,1.0,0.5,
1000,2.0,1.0,150,1.0,1.0,
1000,2.0,1.0,150,1.0,2.0,
1000,2.0,1.0,150,1.0,5.0,
1000,2.0,1.0,150,2.0,0.5,
1000,2.0,1.0,150,2.0,1.0,
1000,2.0,1.0,150,2.0,2.0,
1000,2.0,1.0,150,2.0,5.0,
1000,2.0,1.0,150,5.0,0.5,
1000,2.0,1.0,150,5.0,1.0,
1000,2.0,1.0,150,5.0,2.0,
1000,2.0,1.0,150,5.0,5.0,
1000,2.0,2.0,50,0.5,0.5,
1000,2.0,2.0,50,0.5,1.0,
1000,2.0,2.0,50,0.5,2.0,
1000,2.0,2.0,50,0.5,5.0,
1000,2.0,2.0,50,1.0,0.5,
1000,2.0,2.0,50,1.0,1.0,
1000,2.0,2.0,50,1.0,2.0,
1000,2.0,2.0,50,1.0,5.0,
1000,2.0,2.0,50,2.0,0.5,
1000,2.0,2.0,50,2.0,1.0,
1000,2.0,2.0,50,2.0,2.0,
1000,2.0,2.0,50,2.0,5.0,
1000,2.0,2.0,50,5.0,0.5,
1000,2.0,2.0,50,5.0,1.0,
1000,2.0,2.0,50,5.0,2.0,
1000,2.0,2.0,50,5.0,5.0,
1000,2.0,2.0,100,0.5,0.5,
1000,2.0,2.0,100,0.5,1.0,
1000,2.0,2.0,100,0.5,2.0,
1000,2.0,2.0,100,0.5,5.0,
1000,2.0,2.0,100,1.0,0.5,
1000,2.0,2.0,100,1.0,1.0,
1000,2.0,2.0,100,1.0,2.0,
1000,2.0,2.0,100,1.0,5.0,
1000,2.0,2.0,100,2.0,0.5,
1000,2.0,2.0,100,2.0,1.0,
1000,2.0,2.0,100,2.0,2.0,
1000,2.0,2.0,100,2.0,5.0,
1000,2.0,2.0,100,5.0,0.5,
1000,2.0,2.0,100,5.0,1.0,
1000,2.0,2.0,100,5.0,2.0,
1000,2.0,2.0,100,5.0,5.0,
1000,2.0,2.0,150,0.5,0.5,
1000,2.0,2.0,150,0.5,1.0,
1000,2.0,2.0,150,0.5,2.0,
1000,2.0,2.0,150,0.5,5.0,
1000,2.0,2.0,150,1.0,0.5,
1000,2.0,2.0,150,1.0,1.0,
1000,2.0,2.0,150,1.0,2.0,
1000,2.0,2.0,150,1.0,5.0,
1000,2.0,2.0,150,2.0,0.5,
1000,2.0,2.0,150,2.0,1.0,
1000,2.0,2.0,150,2.0,2.0,
1000,2.0,2.0,150,2.0,5.0,
1000,2.0,2.0,150,5.0,0.5,
1000,2.0,2.0,150,5.0,1.0,
1000,2.0,2.0,150,5.0,2.0,
1000,2.0,2.0,150,5.0,5.0,
2000,0.1,0.1,50,0.5,0.5,
2000,0.1,0.1,50,0.5,1.0,
2000,0.1,0.1,50,0.5,2.0,
2000,0.1,0.1,50,0.5,5.0,
2000,0.1,0.1,50,1.0,0.5,
2000,0.1,0.1,50,1.0,1.0,
2000,0.1,0.1,50,1.0,2.0,
2000,0.1,0.1,50,1.0,5.0,
2000,0.1,0.1,50,2.0,0.5,
2000,0.1,0.1,50,2.0,1.0,
2000,0.1,0.1,50,2.0,2.0,
2000,0.1,0.1,50,2.0,5.0,
2000,0.1,0.1,50,5.0,0.5,
2000,0.1,0.1,50,5.0,1.0,
2000,0.1,0.1,50,5.0,2.0,
2000,0.1,0.1,50,5.0,5.0,
2000,0.1,0.1,100,0.5,0.5,
2000,0.1,0.1,100,0.5,1.0,
2000,0.1,0.1,100,0.5,2.0,
2000,0.1,0.1,100,0.5,5.0,
2000,0.1,0.1,100,1.0,0.5,
2000,0.1,0.1,100,1.0,1.0,
2000,0.1,0.1,100,1.0,2.0,
2000,0.1,0.1,100,1.0,5.0,
2000,0.1,0.1,100,2.0,0.5,
2000,0.1,0.1,100,2.0,1.0,
2000,0.1,0.1,100,2.0,2.0,
2000,0.1,0.1,100,2.0,5.0,
2000,0.1,0.1,100,5.0,0.5,
2000,0.1,0.1,100,5.0,1.0,
2000,0.1,0.1,100,5.0,2.0,
2000,0.1,0.1,100,5.0,5.0,
2000,0.1,0.1,150,0.5,0.5,
2000,0.1,0.1,150,0.5,1.0,
2000,0.1,0.1,150,0.5,2.0,
2000,0.1,0.1,150,0.5,5.0,
2000,0.1,0.1,150,1.0,0.5,
2000,0.1,0.1,150,1.0,1.0,
2000,0.1,0.1,150,1.0,2.0,
2000,0.1,0.1,150,1.0,5.0,
2000,0.1,0.1,150,2.0,0.5,
2000,0.1,0.1,150,2.0,1.0,
2000,0.1,0.1,150,2.0,2.0,
2000,0.1,0.1,150,2.0,5.0,
2000,0.1,0.1,150,5.0,0.5,
2000,0.1,0.1,150,5.0,1.0,
2000,0.1,0.1,150,5.0,2.0,
2000,0.1,0.1,150,5.0,5.0,
2000,0.1,0.5,50,0.5,0.5,
2000,0.1,0.5,50,0.5,1.0,
2000,0.1,0.5,50,0.5,2.0,
2000,0.1,0.5,50,0.5,5.0,
2000,0.1,0.5,50,1.0,0.5,
2000,0.1,0.5,50,1.0,1.0,
2000,0.1,0.5,50,1.0,2.0,
2000,0.1,0.5,50,1.0,5.0,
2000,0.1,0.5,50,2.0,0.5,
2000,0.1,0.5,50,2.0,1.0,
2000,0.1,0.5,50,2.0,2.0,
2000,0.1,0.5,50,2.0,5.0,
2000,0.1,0.5,50,5.0,0.5,
2000,0.1,0.5,50,5.0,1.0,
2000,0.1,0.5,50,5.0,2.0,
2000,0.1,0.5,50,5.0,5.0,
2000,0.1,0.5,100,0.5,0.5,
2000,0.1,0.5,100,0.5,1.0,
2000,0.1,0.5,100,0.5,2.0,
2000,0.1,0.5,100,0.5,5.0,
2000,0.1,0.5,100,1.0,0.5,
2000,0.1,0.5,100,1.0,1.0,
2000,0.1,0.5,100,1.0,2.0,
2000,0.1,0.5,100,1.0,5.0,
2000,0.1,0.5,100,2.0,0.5,
2000,0.1,0.5,100,2.0,1.0,
2000,0.1,0.5,100,2.0,2.0,
2000,0.1,0.5,100,2.0,5.0,
2000,0.1,0.5,100,5.0,0.5,
2000,0.1,0.5,100,5.0,1.0,
2000,0.1,0.5,100,5.0,2.0,
2000,0.1,0.5,100,5.0,5.0,
2000,0.1,0.5,150,0.5,0.5,
2000,0.1,0.5,150,0.5,1.0,
2000,0.1,0.5,150,0.5,2.0,
2000,0.1,0.5,150,0.5,5.0,
2000,0.1,0.5,150,1.0,0.5,
2000,0.1,0.5,150,1.0,1.0,
2000,0.1,0.5,150,1.0,2.0,
2000,0.1,0.5,150,1.0,5.0,
2000,0.1,0.5,150,2.0,0.5,
2000,0.1,0.5,150,2.0,1.0,
2000,0.1,0.5,150,2.0,2.0,
2000,0.1,0.5,150,2.0,5.0,
2000,0.1,0.5,150,5.0,0.5,
2000,0.1,0.5,150,5.0,1.0,
2000,0.1,0.5,150,5.0,2.0,
2000,0.1,0.5,150,5.0,5.0,
2000,0.1,1.0,50,0.5,0.5,
2000,0.1,1.0,50,0.5,1.0,
2000,0.1,1.0,50,0.5,2.0,
2000,0.1,1.0,50,0.5,5.0,
2000,0.1,1.0,50,1.0,0.5,
2000,0.1,1.0,50,1.0,1.0,
2000,0.1,1.0,50,1.0,2.0,
2000,0.1,1.0,50,1.0,5.0,
2000,0.1,1.0,50,2.0,0.5,
2000,0.1,1.0,50,2.0,1.0,
2000,0.1,1.0,50,2.0,2.0,
2000,0.1,1.0,50,2.0,5.0,
2000,0.1,1.0,50,5.0,0.5,
2000,0.1,1.0,50,5.0,1.0,
2000,0.1,1.0,50,5.0,2.0,
2000,0.1,1.0,50,5.0,5.0,
2000,0.1,1.0,100,0.5,0.5,
2000,0.1,1.0,100,0.5,1.0,
2000,0.1,1.0,100,0.5,2.0,
2000,0.1,1.0,100,0.5,5.0,
2000,0.1,1.0,100,1.0,0.5,
2000,0.1,1.0,100,1.0,1.0,
2000,0.1,1.0,100,1.0,2.0,
2000,0.1,1.0,100,1.0,5.0,
2000,0.1,1.0,100,2.0,0.5,
2000,0.1,1.0,100,2.0,1.0,
2000,0.1,1.0,100,2.0,2.0,
2000,0.1,1.0,100,2.0,5.0,
2000,0.1,1.0,100,5.0,0.5,
2000,0.1,1.0,100,5.0,1.0,
2000,0.1,1.0,100,5.0,2.0,
2000,0.1,1.0,100,5.0,5.0,
2000,0.1,1.0,150,0.5,0.5,
2000,0.1,1.0,150,0.5,1.0,
2000,0.1,1.0,150,0.5,2.0,
2000,0.1,1.0,150,0.5,5.0,
2000,0.1,1.0,150,1.0,0.5,
2000,0.1,1.0,150,1.0,1.0,
2000,0.1,1.0,150,1.0,2.0,
2000,0.1,1.0,150,1.0,5.0,
2000,0.1,1.0,150,2.0,0.5,
2000,0.1,1.0,150,2.0,1.0,
2000,0.1,1.0,150,2.0,2.0,
2000,0.1,1.0,150,2.0,5.0,
2000,0.1,1.0,150,5.0,0.5,
2000,0.1,1.0,150,5.0,1.0,
2000,0.1,1.0,150,5.0,2.0,
2000,0.1,1.0,150,5.0,5.0,
2000,0.1,2.0,50,0.5,0.5,
2000,0.1,2.0,50,0.5,1.0,
2000,0.1,2.0,50,0.5,2.0,
2000,0.1,2.0,50,0.5,5.0,
2000,0.1,2.0,50,1.0,0.5,
2000,0.1,2.0,50,1.0,1.0,
2000,0.1,2.0,50,1.0,2.0,
2000,0.1,2.0,50,1.0,5.0,
2000,0.1,2.0,50,2.0,0.5,
2000,0.1,2.0,50,2.0,1.0,
2000,0.1,2.0,50,2.0,2.0,
2000,0.1,2.0,50,2.0,5.0,
2000,0.1,2.0,50,5.0,0.5,
2000,0.1,2.0,50,5.0,1.0,
2000,0.1,2.0,50,5.0,2.0,
2000,0.1,2.0,50,5.0,5.0,
2000,0.1,2.0,100,0.5,0.5,
2000,0.1,2.0,100,0.5,1.0,
2000,0.1,2.0,100,0.5,2.0,
2000,0.1,2.0,100,0.5,5.0,
2000,0.1,2.0,100,1.0,0.5,
2000,0.1,2.0,100,1.0,1.0,
2000,0.1,2.0,100,1.0,2.0,
2000,0.1,2.0,100,1.0,5.0,
2000,0.1,2.0,100,2.0,0.5,
2000,0.1,2.0,100,2.0,1.0,
2000,0.1,2.0,100,2.0,2.0,
2000,0.1,2.0,100,2.0,5.0,
2000,0.1,2.0,100,5.0,0.5,
2000,0.1,2.0,100,5.0,1.0,
2000,0.1,2.0,100,5.0,2.0,
2000,0.1,2.0,100,5.0,5.0,
2000,0.1,2.0,150,0.5,0.5,
2000,0.1,2.0,150,0.5,1.0,
2000,0.1,2.0,150,0.5,2.0,
2000,0.1,2.0,150,0.5,5.0,
2000,0.1,2.0,150,1.0,0.5,
2000,0.1,2.0,150,1.0,1.0,
2000,0.1,2.0,150,1.0,2.0,
2000,0.1,2.0,150,1.0,5.0,
2000,0.1,2.0,150,2.0,0.5,
2000,0.1,2.0,150,2.0,1.0,
2000,0.1,2.0,150,2.0,2.0,
2000,0.1,2.0,150,2.0,5.0,
2000,0.1,2.0,150,5.0,0.5,
2000,0.1,2.0,150,5.0,1.0,
2000,0.1,2.0,150,5.0,2.0,
2000,0.1,2.0,150,5.0,5.0,
2000,0.5,0.1,50,0.5,0.5,
2000,0.5,0.1,50,0.5,1.0,
2000,0.5,0.1,50,0.5,2.0,
2000,0.5,0.1,50,0.5,5.0,
2000,0.5,0.1,50,1.0,0.5,
2000,0.5,0.1,50,1.0,1.0,
2000,0.5,0.1,50,1.0,2.0,
2000,0.5,0.1,50,1.0,5.0,
2000,0.5,0.1,50,2.0,0.5,
2000,0.5,0.1,50,2.0,1.0,
2000,0.5,0.1,50,2.0,2.0,
2000,0.5,0.1,50,2.0,5.0,
2000,0.5,0.1,50,5.0,0.5,
2000,0.5,0.1,50,5.0,1.0,
2000,0.5,0.1,50,5.0,2.0,
2000,0.5,0.1,50,5.0,5.0,
2000,0.5,0.1,100,0.5,0.5,
2000,0.5,0.1,100,0.5,1.0,
2000,0.5,0.1,100,0.5,2.0,
2000,0.5,0.1,100,0.5,5.0,
2000,0.5,0.1,100,1.0,0.5,
2000,0.5,0.1,100,1.0,1.0,
2000,0.5,0.1,100,1.0,2.0,
2000,0.5,0.1,100,1.0,5.0,
2000,0.5,0.1,100,2.0,0.5,
2000,0.5,0.1,100,2.0,1.0,
2000,0.5,0.1,100,2.0,2.0,
2000,0.5,0.1,100,2.0,5.0,
2000,0.5,0.1,100,5.0,0.5,
2000,0.5,0.1,100,5.0,1.0,
2000,0.5,0.1,100,5.0,2.0,
2000,0.5,0.1,100,5.0,5.0,
2000,0.5,0.1,150,0.5,0.5,
2000,0.5,0.1,150,0.5,1.0,
2000,0.5,0.1,150,0.5,2.0,
2000,0.5,0.1,150,0.5,5.0,
2000,0.5,0.1,150,1.0,0.5,
2000,0.5,0.1,150,1.0,1.0,
2000,0.5,0.1,150,1.0,2.0,
2000,0.5,0.1,150,1.0,5.0,
2000,0.5,0.1,150,2.0,0.5,
2000,0.5,0.1,150,2.0,1.0,
2000,0.5,0.1,150,2.0,2.0,
2000,0.5,0.1,150,2.0,5.0,
2000,0.5,0.1,150,5.0,0.5,
2000,0.5,0.1,150,5.0,1.0,
2000,0.5,0.1,150,5.0,2.0,
2000,0.5,0.1,150,5.0,5.0,
2000,0.5,0.5,50,0.5,0.5,
2000,0.5,0.5,50,0.5,1.0,
2000,0.5,0.5,50,0.5,2.0,
2000,0.5,0.5,50,0.5,5.0,
2000,0.5,0.5,50,1.0,0.5,
2000,0.5,0.5,50,1.0,1.0,
2000,0.5,0.5,50,1.0,2.0,
2000,0.5,0.5,50,1.0,5.0,
2000,0.5,0.5,50,2.0,0.5,
2000,0.5,0.5,50,2.0,1.0,
2000,0.5,0.5,50,2.0,2.0,
2000,0.5,0.5,50,2.0,5.0,
2000,0.5,0.5,50,5.0,0.5,
2000,0.5,0.5,50,5.0,1.0,
2000,0.5,0.5,50,5.0,2.0,
2000,0.5,0.5,50,5.0,5.0,
2000,0.5,0.5,100,0.5,0.5,
2000,0.5,0.5,100,0.5,1.0,
2000,0.5,0.5,100,0.5,2.0,
2000,0.5,0.5,100,0.5,5.0,
2000,0.5,0.5,100,1.0,0.5,
2000,0.5,0.5,100,1.0,1.0,
2000,0.5,0.5,100,1.0,2.0,
2000,0.5,0.5,100,1.0,5.0,
2000,0.5,0.5,100,2.0,0.5,
2000,0.5,0.5,100,2.0,1.0,
2000,0.5,0.5,100,2.0,2.0,
2000,0.5,0.5,100,2.0,5.0,
2000,0.5,0.5,100,5.0,0.5,
2000,0.5,0.5,100,5.0,1.0,
2000,0.5,0.5,100,5.0,2.0,
2000,0.5,0.5,100,5.0,5.0,
2000,0.5,0.5,150,0.5,0.5,
2000,0.5,0.5,150,0.5,1.0,
2000,0.5,0.5,150,0.5,2.0,
2000,0.5,0.5,150,0.5,5.0,
2000,0.5,0.5,150,1.0,0.5,
2000,0.5,0.5,150,1.0,1.0,
2000,0.5,0.5,150,1.0,2.0,
2000,0.5,0.5,150,1.0,5.0,
2000,0.5,0.5,150,2.0,0.5,
2000,0.5,0.5,150,2.0,1.0,
2000,0.5,0.5,150,2.0,2.0,
2000,0.5,0.5,150,2.0,5.0,
2000,0.5,0.5,150,5.0,0.5,
2000,0.5,0.5,150,5.0,1.0,
2000,0.5,0.5,150,5.0,2.0,
2000,0.5,0.5,150,5.0,5.0,
2000,0.5,1.0,50,0.5,0.5,
2000,0.5,1.0,50,0.5,1.0,
2000,0.5,1.0,50,0.5,2.0,
2000,0.5,1.0,50,0.5,5.0,
2000,0.5,1.0,50,1.0,0.5,
2000,0.5,1.0,50,1.0,1.0,
2000,0.5,1.0,50,1.0,2.0,
2000,0.5,1.0,50,1.0,5.0,
2000,0.5,1.0,50,2.0,0.5,
2000,0.5,1.0,50,2.0,1.0,
2000,0.5,1.0,50,2.0,2.0,
2000,0.5,1.0,50,2.0,5.0,
2000,0.5,1.0,50,5.0,0.5,
2000,0.5,1.0,50,5.0,1.0,
2000,0.5,1.0,50,5.0,2.0,
2000,0.5,1.0,50,5.0,5.0,
2000,0.5,1.0,100,0.5,0.5,
2000,0.5,1.0,100,0.5,1.0,
2000,0.5,1.0,100,0.5,2.0,
2000,0.5,1.0,100,0.5,5.0,
2000,0.5,1.0,100,1.0,0.5,
2000,0.5,1.0,100,1.0,1.0,
2000,0.5,1.0,100,1.0,2.0,
2000,0.5,1.0,100,1.0,5.0,
2000,0.5,1.0,100,2.0,0.5,
2000,0.5,1.0,100,2.0,1.0,
2000,0.5,1.0,100,2.0,2.0,
2000,0.5,1.0,100,2.0,5.0,
2000,0.5,1.0,100,5.0,0.5,
2000,0.5,1.0,100,5.0,1.0,
2000,0.5,1.0,100,5.0,2.0,
2000,0.5,1.0,100,5.0,5.0,
2000,0.5,1.0,150,0.5,0.5,
2000,0.5,1.0,150,0.5,1.0,
2000,0.5,1.0,150,0.5,2.0,
2000,0.5,1.0,150,0.5,5.0,
2000,0.5,1.0,150,1.0,0.5,
2000,0.5,1.0,150,1.0,1.0,
2000,0.5,1.0,150,1.0,2.0,
2000,0.5,1.0,150,1.0,5.0,
2000,0.5,1.0,150,2.0,0.5,
2000,0.5,1.0,150,2.0,1.0,
2000,0.5,1.0,150,2.0,2.0,
2000,0.5,1.0,150,2.0,5.0,
2000,0.5,1.0,150,5.0,0.5,
2000,0.5,1.0,150,5.0,1.0,
2000,0.5,1.0,150,5.0,2.0,
2000,0.5,1.0,150,5.0,5.0,
2000,0.5,2.0,50,0.5,0.5,
2000,0.5,2.0,50,0.5,1.0,
2000,0.5,2.0,50,0.5,2.0,
2000,0.5,2.0,50,0.5,5.0,
2000,0.5,2.0,50,1.0,0.5,
2000,0.5,2.0,50,1.0,1.0,
2000,0.5,2.0,50,1.0,2.0,
2000,0.5,2.0,50,1.0,5.0,
2000,0.5,2.0,50,2.0,0.5,
2000,0.5,2.0,50,2.0,1.0,
2000,0.5,2.0,50,2.0,2.0,
2000,0.5,2.0,50,2.0,5.0,
2000,0.5,2.0,50,5.0,0.5,
2000,0.5,2.0,50,5.0,1.0,
2000,0.5,2.0,50,5.0,2.0,
2000,0.5,2.0,50,5.0,5.0,
2000,0.5,2.0,100,0.5,0.5,
2000,0.5,2.0,100,0.5,1.0,
2000,0.5,2.0,100,0.5,2.0,
2000,0.5,2.0,100,0.5,5.0,
2000,0.5,2.0,100,1.0,0.5,
2000,0.5,2.0,100,1.0,1.0,
2000,0.5,2.0,100,1.0,2.0,
2000,0.5,2.0,100,1.0,5.0,
2000,0.5,2.0,100,2.0,0.5,
2000,0.5,2.0,100,2.0,1.0,
2000,0.5,2.0,100,2.0,2.0,
2000,0.5,2.0,100,2.0,5.0,
2000,0.5,2.0,100,5.0,0.5,
2000,0.5,2.0,100,5.0,1.0,
2000,0.5,2.0,100,5.0,2.0,
2000,0.5,2.0,100,5.0,5.0,
2000,0.5,2.0,150,0.5,0.5,
2000,0.5,2.0,150,0.5,1.0,
2000,0.5,2.0,150,0.5,2.0,
2000,0.5,2.0,150,0.5,5.0,
2000,0.5,2.0,150,1.0,0.5,
2000,0.5,2.0,150,1.0,1.0,
2000,0.5,2.0,150,1.0,2.0,
2000,0.5,2.0,150,1.0,5.0,
2000,0.5,2.0,150,2.0,0.5,
2000,0.5,2.0,150,2.0,1.0,
2000,0.5,2.0,150,2.0,2.0,
2000,0.5,2.0,150,2.0,5.0,
2000,0.5,2.0,150,5.0,0.5,
2000,0.5,2.0,150,5.0,1.0,
2000,0.5,2.0,150,5.0,2.0,
2000,0.5,2.0,150,5.0,5.0,
2000,1.0,0.1,50,0.5,0.5,
2000,1.0,0.1,50,0.5,1.0,
2000,1.0,0.1,50,0.5,2.0,
2000,1.0,0.1,50,0.5,5.0,
2000,1.0,0.1,50,1.0,0.5,
2000,1.0,0.1,50,1.0,1.0,
2000,1.0,0.1,50,1.0,2.0,
2000,1.0,0.1,50,1.0,5.0,
2000,1.0,0.1,50,2.0,0.5,
2000,1.0,0.1,50,2.0,1.0,
2000,1.0,0.1,50,2.0,2.0,
2000,1.0,0.1,50,2.0,5.0,
2000,1.0,0.1,50,5.0,0.5,
2000,1.0,0.1,50,5.0,1.0,
2000,1.0,0.1,50,5.0,2.0,
2000,1.0,0.1,50,5.0,5.0,
2000,1.0,0.1,100,0.5,0.5,
2000,1.0,0.1,100,0.5,1.0,
2000,1.0,0.1,100,0.5,2.0,
2000,1.0,0.1,100,0.5,5.0,
2000,1.0,0.1,100,1.0,0.5,
2000,1.0,0.1,100,1.0,1.0,
2000,1.0,0.1,100,1.0,2.0,
2000,1.0,0.1,100,1.0,5.0,
2000,1.0,0.1,100,2.0,0.5,
2000,1.0,0.1,100,2.0,1.0,
2000,1.0,0.1,100,2.0,2.0,
2000,1.0,0.1,100,2.0,5.0,
2000,1.0,0.1,100,5.0,0.5,
2000,1.0,0.1,100,5.0,1.0,
2000,1.0,0.1,100,5.0,2.0,
2000,1.0,0.1,100,5.0,5.0,
2000,1.0,0.1,150,0.5,0.5,
2000,1.0,0.1,150,0.5,1.0,
2000,1.0,0.1,150,0.5,2.0,
2000,1.0,0.1,150,0.5,5.0,
2000,1.0,0.1,150,1.0,0.5,
2000,1.0,0.1,150,1.0,1.0,
2000,1.0,0.1,150,1.0,2.0,
2000,1.0,0.1,150,1.0,5.0,
2000,1.0,0.1,150,2.0,0.5,
2000,1.0,0.1,150,2.0,1.0,
2000,1.0,0.1,150,2.0,2.0,
2000,1.0,0.1,150,2.0,5.0,
2000,1.0,0.1,150,5.0,0.5,
2000,1.0,0.1,150,5.0,1.0,
2000,1.0,0.1,150,5.0,2.0,
2000,1.0,0.1,150,5.0,5.0,
2000,1.0,0.5,50,0.5,0.5,
2000,1.0,0.5,50,0.5,1.0,
2000,1.0,0.5,50,0.5,2.0,
2000,1.0,0.5,50,0.5,5.0,
2000,1.0,0.5,50,1.0,0.5,
2000,1.0,0.5,50,1.0,1.0,
2000,1.0,0.5,50,1.0,2.0,
2000,1.0,0.5,50,1.0,5.0,
2000,1.0,0.5,50,2.0,0.5,
2000,1.0,0.5,50,2.0,1.0,
2000,1.0,0.5,50,2.0,2.0,
2000,1.0,0.5,50,2.0,5.0,
2000,1.0,0.5,50,5.0,0.5,
2000,1.0,0.5,50,5.0,1.0,
2000,1.0,0.5,50,5.0,2.0,
2000,1.0,0.5,50,5.0,5.0,
2000,1.0,0.5,100,0.5,0.5,
2000,1.0,0.5,100,0.5,1.0,
2000,1.0,0.5,100,0.5,2.0,
2000,1.0,0.5,100,0.5,5.0,
2000,1.0,0.5,100,1.0,0.5,
2000,1.0,0.5,100,1.0,1.0,
2000,1.0,0.5,100,1.0,2.0,
2000,1.0,0.5,100,1.0,5.0,
2000,1.0,0.5,100,2.0,0.5,
2000,1.0,0.5,100,2.0,1.0,
2000,1.0,0.5,100,2.0,2.0,
2000,1.0,0.5,100,2.0,5.0,
2000,1.0,0.5,100,5.0,0.5,
2000,1.0,0.5,100,5.0,1.0,
2000,1.0,0.5,100,5.0,2.0,
2000,1.0,0.5,100,5.0,5.0,
2000,1.0,0.5,150,0.5,0.5,
2000,1.0,0.5,150,0.5,1.0,
2000,1.0,0.5,150,0.5,2.0,
2000,1.0,0.5,150,0.5,5.0,
2000,1.0,0.5,150,1.0,0.5,
2000,1.0,0.5,150,1.0,1.0,
2000,1.0,0.5,150,1.0,2.0,
2000,1.0,0.5,150,1.0,5.0,
2000,1.0,0.5,150,2.0,0.5,
2000,1.0,0.5,150,2.0,1.0,
2000,1.0,0.5,150,2.0,2.0,
2000,1.0,0.5,150,2.0,5.0,
2000,1.0,0.5,150,5.0,0.5,
2000,1.0,0.5,150,5.0,1.0,
2000,1.0,0.5,150,5.0,2.0,
2000,1.0,0.5,150,5.0,5.0,
2000,1.0,1.0,50,0.5,0.5,
2000,1.0,1.0,50,0.5,1.0,
2000,1.0,1.0,50,0.5,2.0,
2000,1.0,1.0,50,0.5,5.0,
2000,1.0,1.0,50,1.0,0.5,
2000,1.0,1.0,50,1.0,1.0,
2000,1.0,1.0,50,1.0,2.0,
2000,1.0,1.0,50,1.0,5.0,
2000,1.0,1.0,50,2.0,0.5,
2000,1.0,1.0,50,2.0,1.0,
2000,1.0,1.0,50,2.0,2.0,
2000,1.0,1.0,50,2.0,5.0,
2000,1.0,1.0,50,5.0,0.5,
2000,1.0,1.0,50,5.0,1.0,
2000,1.0,1.0,50,5.0,2.0,
2000,1.0,1.0,50,5.0,5.0,
2000,1.0,1.0,100,0.5,0.5,
2000,1.0,1.0,100,0.5,1.0,
2000,1.0,1.0,100,0.5,2.0,
2000,1.0,1.0,100,0.5,5.0,
2000,1.0,1.0,100,1.0,0.5,
2000,1.0,1.0,100,1.0,1.0,
2000,1.0,1.0,100,1.0,2.0,
2000,1.0,1.0,100,1.0,5.0,
2000,1.0,1.0,100,2.0,0.5,
2000,1.0,1.0,100,2.0,1.0,
2000,1.0,1.0,100,2.0,2.0,
2000,1.0,1.0,100,2.0,5.0,
2000,1.0,1.0,100,5.0,0.5,
2000,1.0,1.0,100,5.0,1.0,
2000,1.0,1.0,100,5.0,2.0,
2000,1.0,1.0,100,5.0,5.0,
2000,1.0,1.0,150,0.5,0.5,
2000,1.0,1.0,150,0.5,1.0,
2000,1.0,1.0,150,0.5,2.0,
2000,1.0,1.0,150,0.5,5.0,
2000,1.0,1.0,150,1.0,0.5,
2000,1.0,1.0,150,1.0,1.0,
2000,1.0,1.0,150,1.0,2.0,
2000,1.0,1.0,150,1.0,5.0,
2000,1.0,1.0,150,2.0,0.5,
2000,1.0,1.0,150,2.0,1.0,
2000,1.0,1.0,150,2.0,2.0,
2000,1.0,1.0,150,2.0,5.0,
2000,1.0,1.0,150,5.0,0.5,
2000,1.0,1.0,150,5.0,1.0,
2000,1.0,1.0,150,5.0,2.0,
2000,1.0,1.0,150,5.0,5.0,
2000,1.0,2.0,50,0.5,0.5,
2000,1.0,2.0,50,0.5,1.0,
2000,1.0,2.0,50,0.5,2.0,
2000,1.0,2.0,50,0.5,5.0,
2000,1.0,2.0,50,1.0,0.5,
2000,1.0,2.0,50,1.0,1.0,
2000,1.0,2.0,50,1.0,2.0,
2000,1.0,2.0,50,1.0,5.0,
2000,1.0,2.0,50,2.0,0.5,
2000,1.0,2.0,50,2.0,1.0,
2000,1.0,2.0,50,2.0,2.0,
2000,1.0,2.0,50,2.0,5.0,
2000,1.0,2.0,50,5.0,0.5,
2000,1.0,2.0,50,5.0,1.0,
2000,1.0,2.0,50,5.0,2.0,
2000,1.0,2.0,50,5.0,5.0,
2000,1.0,2.0,100,0.5,0.5,
2000,1.0,2.0,100,0.5,1.0,
2000,1.0,2.0,100,0.5,2.0,
2000,1.0,2.0,100,0.5,5.0,
2000,1.0,2.0,100,1.0,0.5,
2000,1.0,2.0,100,1.0,1.0,
2000,1.0,2.0,100,1.0,2.0,
2000,1.0,2.0,100,1.0,5.0,
2000,1.0,2.0,100,2.0,0.5,
2000,1.0,2.0,100,2.0,1.0,
2000,1.0,2.0,100,2.0,2.0,
2000,1.0,2.0,100,2.0,5.0,
2000,1.0,2.0,100,5.0,0.5,
2000,1.0,2.0,100,5.0,1.0,
2000,1.0,2.0,100,5.0,2.0,
2000,1.0,2.0,100,5.0,5.0,
2000,1.0,2.0,150,0.5,0.5,
2000,1.0,2.0,150,0.5,1.0,
2000,1.0,2.0,150,0.5,2.0,
2000,1.0,2.0,150,0.5,5.0,
2000,1.0,2.0,150,1.0,0.5,
2000,1.0,2.0,150,1.0,1.0,
2000,1.0,2.0,150,1.0,2.0,
2000,1.0,2.0,150,1.0,5.0,
2000,1.0,2.0,150,2.0,0.5,
2000,1.0,2.0,150,2.0,1.0,
2000,1.0,2.0,150,2.0,2.0,
2000,1.0,2.0,150,2.0,5.0,
2000,1.0,2.0,150,5.0,0.5,
2000,1.0,2.0,150,5.0,1.0,
2000,1.0,2.0,150,5.0,2.0,
2000,1.0,2.0,150,5.0,5.0,
2000,2.0,0.1,50,0.5,0.5,
2000,2.0,0.1,50,0.5,1.0,
2000,2.0,0.1,50,0.5,2.0,
2000,2.0,0.1,50,0.5,5.0,
2000,2.0,0.1,50,1.0,0.5,
2000,2.0,0.1,50,1.0,1.0,
2000,2.0,0.1,50,1.0,2.0,
2000,2.0,0.1,50,1.0,5.0,
2000,2.0,0.1,50,2.0,0.5,
2000,2.0,0.1,50,2.0,1.0,
2000,2.0,0.1,50,2.0,2.0,
2000,2.0,0.1,50,2.0,5.0,
2000,2.0,0.1,50,5.0,0.5,
2000,2.0,0.1,50,5.0,1.0,
2000,2.0,0.1,50,5.0,2.0,
2000,2.0,0.1,50,5.0,5.0,
2000,2.0,0.1,100,0.5,0.5,
2000,2.0,0.1,100,0.5,1.0,
2000,2.0,0.1,100,0.5,2.0,
2000,2.0,0.1,100,0.5,5.0,
2000,2.0,0.1,100,1.0,0.5,
2000,2.0,0.1,100,1.0,1.0,
2000,2.0,0.1,100,1.0,2.0,
2000,2.0,0.1,100,1.0,5.0,
2000,2.0,0.1,100,2.0,0.5,
2000,2.0,0.1,100,2.0,1.0,
2000,2.0,0.1,100,2.0,2.0,
2000,2.0,0.1,100,2.0,5.0,
2000,2.0,0.1,100,5.0,0.5,
2000,2.0,0.1,100,5.0,1.0,
2000,2.0,0.1,100,5.0,2.0,
2000,2.0,0.1,100,5.0,5.0,
2000,2.0,0.1,150,0.5,0.5,
2000,2.0,0.1,150,0.5,1.0,
2000,2.0,0.1,150,0.5,2.0,
2000,2.0,0.1,150,0.5,5.0,
2000,2.0,0.1,150,1.0,0.5,
2000,2.0,0.1,150,1.0,1.0,
2000,2.0,0.1,150,1.0,2.0,
2000,2.0,0.1,150,1.0,5.0,
2000,2.0,0.1,150,2.0,0.5,
2000,2.0,0.1,150,2.0,1.0,
2000,2.0,0.1,150,2.0,2.0,
2000,2.0,0.1,150,2.0,5.0,
2000,2.0,0.1,150,5.0,0.5,
2000,2.0,0.1,150,5.0,1.0,
2000,2.0,0.1,150,5.0,2.0,
2000,2.0,0.1,150,5.0,5.0,
2000,2.0,0.5,50,0.5,0.5,
2000,2.0,0.5,50,0.5,1.0,
2000,2.0,0.5,50,0.5,2.0,
2000,2.0,0.5,50,0.5,5.0,
2000,2.0,0.5,50,1.0,0.5,
2000,2.0,0.5,50,1.0,1.0,
2000,2.0,0.5,50,1.0,2.0,
2000,2.0,0.5,50,1.0,5.0,
2000,2.0,0.5,50,2.0,0.5,
2000,2.0,0.5,50,2.0,1.0,
2000,2.0,0.5,50,2.0,2.0,
2000,2.0,0.5,50,2.0,5.0,
2000,2.0,0.5,50,5.0,0.5,
2000,2.0,0.5,50,5.0,1.0,
2000,2.0,0.5,50,5.0,2.0,
2000,2.0,0.5,50,5.0,5.0,
2000,2.0,0.5,100,0.5,0.5,
2000,2.0,0.5,100,0.5,1.0,
2000,2.0,0.5,100,0.5,2.0,
2000,2.0,0.5,100,0.5,5.0,
2000,2.0,0.5,100,1.0,0.5,
2000,2.0,0.5,100,1.0,1.0,
2000,2.0,0.5,100,1.0,2.0,
2000,2.0,0.5,100,1.0,5.0,
2000,2.0,0.5,100,2.0,0.5,
2000,2.0,0.5,100,2.0,1.0,
2000,2.0,0.5,100,2.0,2.0,
2000,2.0,0.5,100,2.0,5.0,
2000,2.0,0.5,100,5.0,0.5,
2000,2.0,0.5,100,5.0,1.0,
2000,2.0,0.5,100,5.0,2.0,
2000,2.0,0.5,100,5.0,5.0,
2000,2.0,0.5,150,0.5,0.5,
2000,2.0,0.5,150,0.5,1.0,
2000,2.0,0.5,150,0.5,2.0,
2000,2.0,0.5,150,0.5,5.0,
2000,2.0,0.5,150,1.0,0.5,
2000,2.0,0.5,150,1.0,1.0,
2000,2.0,0.5,150,1.0,2.0,
2000,2.0,0.5,150,1.0,5.0,
2000,2.0,0.5,150,2.0,0.5,
2000,2.0,0.5,150,2.0,1.0,
2000,2.0,0.5,150,2.0,2.0,
2000,2.0,0.5,150,2.0,5.0,
2000,2.0,0.5,150,5.0,0.5,
2000,2.0,0.5,150,5.0,1.0,
2000,2.0,0.5,150,5.0,2.0,
2000,2.0,0.5,150,5.0,5.0,
2000,2.0,1.0,50,0.5,0.5,
2000,2.0,1.0,50,0.5,1.0,
2000,2.0,1.0,50,0.5,2.0,
2000,2.0,1.0,50,0.5,5.0,
2000,2.0,1.0,50,1.0,0.5,
2000,2.0,1.0,50,1.0,1.0,
2000,2.0,1.0,50,1.0,2.0,
2000,2.0,1.0,50,1.0,5.0,
2000,2.0,1.0,50,2.0,0.5,
2000,2.0,1.0,50,2.0,1.0,
2000,2.0,1.0,50,2.0,2.0,
2000,2.0,1.0,50,2.0,5.0,
2000,2.0,1.0,50,5.0,0.5,
2000,2.0,1.0,50,5.0,1.0,
2000,2.0,1.0,50,5.0,2.0,
2000,2.0,1.0,50,5.0,5.0,
2000,2.0,1.0,100,0.5,0.5,
2000,2.0,1.0,100,0.5,1.0,
2000,2.0,1.0,100,0.5,2.0,
2000,2.0,1.0,100,0.5,5.0,
2000,2.0,1.0,100,1.0,0.5,
2000,2.0,1.0,100,1.0,1.0,
2000,2.0,1.0,100,1.0,2.0,
2000,2.0,1.0,100,1.0,5.0,
2000,2.0,1.0,100,2.0,0.5,
2000,2.0,1.0,100,2.0,1.0,
2000,2.0,1.0,100,2.0,2.0,
2000,2.0,1.0,100,2.0,5.0,
2000,2.0,1.0,100,5.0,0.5,
2000,2.0,1.0,100,5.0,1.0,
2000,2.0,1.0,100,5.0,2.0,
2000,2.0,1.0,100,5.0,5.0,
2000,2.0,1.0,150,0.5,0.5,
2000,2.0,1.0,150,0.5,1.0,
2000,2.0,1.0,150,0.5,2.0,
2000,2.0,1.0,150,0.5,5.0,
2000,2.0,1.0,150,1.0,0.5,
2000,2.0,1.0,150,1.0,1.0,
2000,2.0,1.0,150,1.0,2.0,
2000,2.0,1.0,150,1.0,5.0,
2000,2.0,1.0,150,2.0,0.5,
2000,2.0,1.0,150,2.0,1.0,
2000,2.0,1.0,150,2.0,2.0,
2000,2.0,1.0,150,2.0,5.0,
2000,2.0,1.0,150,5.0,0.5,
2000,2.0,1.0,150,5.0,1.0,
2000,2.0,1.0,150,5.0,2.0,
2000,2.0,1.0,150,5.0,5.0,
2000,2.0,2.0,50,0.5,0.5,
2000,2.0,2.0,50,0.5,1.0,
2000,2.0,2.0,50,0.5,2.0,
2000,2.0,2.0,50,0.5,5.0,
2000,2.0,2.0,50,1.0,0.5,
2000,2.0,2.0,50,1.0,1.0,
2000,2.0,2.0,50,1.0,2.0,
2000,2.0,2.0,50,1.0,5.0,
2000,2.0,2.0,50,2.0,0.5,
2000,2.0,2.0,50,2.0,1.0,
2000,2.0,2.0,50,2.0,2.0,
2000,2.0,2.0,50,2.0,5.0,
2000,2.0,2.0,50,5.0,0.5,
2000,2.0,2.0,50,5.0,1.0,
2000,2.0,2.0,50,5.0,2.0,
2000,2.0,2.0,50,5.0,5.0,
2000,2.0,2.0,100,0.5,0.5,
2000,2.0,2.0,100,0.5,1.0,
2000,2.0,2.0,100,0.5,2.0,
2000,2.0,2.0,100,0.5,5.0,
2000,2.0,2.0,100,1.0,0.5,
2000,2.0,2.0,100,1.0,1.0,
2000,2.0,2.0,100,1.0,2.0,
2000,2.0,2.0,100,1.0,5.0,
2000,2.0,2.0,100,2.0,0.5,
2000,2.0,2.0,100,2.0,1.0,
2000,2.0,2.0,100,2.0,2.0,
2000,2.0,2.0,100,2.0,5.0,
2000,2.0,2.0,100,5.0,0.5,
2000,2.0,2.0,100,5.0,1.0,
2000,2.0,2.0,100,5.0,2.0,
2000,2.0,2.0,100,5.0,5.0,
2000,2.0,2.0,150,0.5,0.5,
2000,2.0,2.0,150,0.5,1.0,
2000,2.0,2.0,150,0.5,2.0,
2000,2.0,2.0,150,0.5,5.0,
2000,2.0,2.0,150,1.0,0.5,
2000,2.0,2.0,150,1.0,1.0,
2000,2.0,2.0,150,1.0,2.0,
2000,2.0,2.0,150,1.0,5.0,
2000,2.0,2.0,150,2.0,0.5,
2000,2.0,2.0,150,2.0,1.0,
2000,2.0,2.0,150,2.0,2.0,
2000,2.0,2.0,150,2.0,5.0,
2000,2.0,2.0,150,5.0,0.5,
2000,2.0,2.0,150,5.0,1.0,
2000,2.0,2.0,150,5.0,2.0,
2000,2.0,2.0,150,5.0,5.0,
3000,0.1,0.1,50,0.5,0.5,
3000,0.1,0.1,50,0.5,1.0,
3000,0.1,0.1,50,0.5,2.0,
3000,0.1,0.1,50,0.5,5.0,
3000,0.1,0.1,50,1.0,0.5,
3000,0.1,0.1,50,1.0,1.0,
3000,0.1,0.1,50,1.0,2.0,
3000,0.1,0.1,50,1.0,5.0,
3000,0.1,0.1,50,2.0,0.5,
3000,0.1,0.1,50,2.0,1.0,
3000,0.1,0.1,50,2.0,2.0,
3000,0.1,0.1,50,2.0,5.0,
3000,0.1,0.1,50,5.0,0.5,
3000,0.1,0.1,50,5.0,1.0,
3000,0.1,0.1,50,5.0,2.0,
3000,0.1,0.1,50,5.0,5.0,
3000,0.1,0.1,100,0.5,0.5,
3000,0.1,0.1,100,0.5,1.0,
3000,0.1,0.1,100,0.5,2.0,
3000,0.1,0.1,100,0.5,5.0,
3000,0.1,0.1,100,1.0,0.5,
3000,0.1,0.1,100,1.0,1.0,
3000,0.1,0.1,100,1.0,2.0,
3000,0.1,0.1,100,1.0,5.0,
3000,0.1,0.1,100,2.0,0.5,
3000,0.1,0.1,100,2.0,1.0,
3000,0.1,0.1,100,2.0,2.0,
3000,0.1,0.1,100,2.0,5.0,
3000,0.1,0.1,100,5.0,0.5,
3000,0.1,0.1,100,5.0,1.0,
3000,0.1,0.1,100,5.0,2.0,
3000,0.1,0.1,100,5.0,5.0,
3000,0.1,0.1,150,0.5,0.5,
3000,0.1,0.1,150,0.5,1.0,
3000,0.1,0.1,150,0.5,2.0,
3000,0.1,0.1,150,0.5,5.0,
3000,0.1,0.1,150,1.0,0.5,
3000,0.1,0.1,150,1.0,1.0,
3000,0.1,0.1,150,1.0,2.0,
3000,0.1,0.1,150,1.0,5.0,
3000,0.1,0.1,150,2.0,0.5,
3000,0.1,0.1,150,2.0,1.0,
3000,0.1,0.1,150,2.0,2.0,
3000,0.1,0.1,150,2.0,5.0,
3000,0.1,0.1,150,5.0,0.5,
3000,0.1,0.1,150,5.0,1.0,
3000,0.1,0.1,150,5.0,2.0,
3000,0.1,0.1,150,5.0,5.0,
3000,0.1,0.5,50,0.5,0.5,
3000,0.1,0.5,50,0.5,1.0,
3000,0.1,0.5,50,0.5,2.0,
3000,0.1,0.5,50,0.5,5.0,
3000,0.1,0.5,50,1.0,0.5,
3000,0.1,0.5,50,1.0,1.0,
3000,0.1,0.5,50,1.0,2.0,
3000,0.1,0.5,50,1.0,5.0,
3000,0.1,0.5,50,2.0,0.5,
3000,0.1,0.5,50,2.0,1.0,
3000,0.1,0.5,50,2.0,2.0,
3000,0.1,0.5,50,2.0,5.0,
3000,0.1,0.5,50,5.0,0.5,
3000,0.1,0.5,50,5.0,1.0,
3000,0.1,0.5,50,5.0,2.0,
3000,0.1,0.5,50,5.0,5.0,
3000,0.1,0.5,100,0.5,0.5,
3000,0.1,0.5,100,0.5,1.0,
3000,0.1,0.5,100,0.5,2.0,
3000,0.1,0.5,100,0.5,5.0,
3000,0.1,0.5,100,1.0,0.5,
3000,0.1,0.5,100,1.0,1.0,
3000,0.1,0.5,100,1.0,2.0,
3000,0.1,0.5,100,1.0,5.0,
3000,0.1,0.5,100,2.0,0.5,
3000,0.1,0.5,100,2.0,1.0,
3000,0.1,0.5,100,2.0,2.0,
3000,0.1,0.5,100,2.0,5.0,
3000,0.1,0.5,100,5.0,0.5,
3000,0.1,0.5,100,5.0,1.0,
3000,0.1,0.5,100,5.0,2.0,
3000,0.1,0.5,100,5.0,5.0,
3000,0.1,0.5,150,0.5,0.5,
3000,0.1,0.5,150,0.5,1.0,
3000,0.1,0.5,150,0.5,2.0,
3000,0.1,0.5,150,0.5,5.0,
3000,0.1,0.5,150,1.0,0.5,
3000,0.1,0.5,150,1.0,1.0,
3000,0.1,0.5,150,1.0,2.0,
3000,0.1,0.5,150,1.0,5.0,
3000,0.1,0.5,150,2.0,0.5,
3000,0.1,0.5,150,2.0,1.0,
3000,0.1,0.5,150,2.0,2.0,
3000,0.1,0.5,150,2.0,5.0,
3000,0.1,0.5,150,5.0,0.5,
3000,0.1,0.5,150,5.0,1.0,
3000,0.1,0.5,150,5.0,2.0,
3000,0.1,0.5,150,5.0,5.0,
3000,0.1,1.0,50,0.5,0.5,
3000,0.1,1.0,50,0.5,1.0,
3000,0.1,1.0,50,0.5,2.0,
3000,0.1,1.0,50,0.5,5.0,
3000,0.1,1.0,50,1.0,0.5,
3000,0.1,1.0,50,1.0,1.0,
3000,0.1,1.0,50,1.0,2.0,
3000,0.1,1.0,50,1.0,5.0,
3000,0.1,1.0,50,2.0,0.5,
3000,0.1,1.0,50,2.0,1.0,
3000,0.1,1.0,50,2.0,2.0,
3000,0.1,1.0,50,2.0,5.0,
3000,0.1,1.0,50,5.0,0.5,
3000,0.1,1.0,50,5.0,1.0,
3000,0.1,1.0,50,5.0,2.0,
3000,0.1,1.0,50,5.0,5.0,
3000,0.1,1.0,100,0.5,0.5,
3000,0.1,1.0,100,0.5,1.0,
3000,0.1,1.0,100,0.5,2.0,
3000,0.1,1.0,100,0.5,5.0,
3000,0.1,1.0,100,1.0,0.5,
3000,0.1,1.0,100,1.0,1.0,
3000,0.1,1.0,100,1.0,2.0,
3000,0.1,1.0,100,1.0,5.0,
3000,0.1,1.0,100,2.0,0.5,
3000,0.1,1.0,100,2.0,1.0,
3000,0.1,1.0,100,2.0,2.0,
3000,0.1,1.0,100,2.0,5.0,
3000,0.1,1.0,100,5.0,0.5,
3000,0.1,1.0,100,5.0,1.0,
3000,0.1,1.0,100,5.0,2.0,
3000,0.1,1.0,100,5.0,5.0,
3000,0.1,1.0,150,0.5,0.5,
3000,0.1,1.0,150,0.5,1.0,
3000,0.1,1.0,150,0.5,2.0,
3000,0.1,1.0,150,0.5,5.0,
3000,0.1,1.0,150,1.0,0.5,
3000,0.1,1.0,150,1.0,1.0,
3000,0.1,1.0,150,1.0,2.0,
3000,0.1,1.0,150,1.0,5.0,
3000,0.1,1.0,150,2.0,0.5,
3000,0.1,1.0,150,2.0,1.0,
3000,0.1,1.0,150,2.0,2.0,
3000,0.1,1.0,150,2.0,5.0,
3000,0.1,1.0,150,5.0,0.5,
3000,0.1,1.0,150,5.0,1.0,
3000,0.1,1.0,150,5.0,2.0,
3000,0.1,1.0,150,5.0,5.0,
3000,0.1,2.0,50,0.5,0.5,
3000,0.1,2.0,50,0.5,1.0,
3000,0.1,2.0,50,0.5,2.0,
3000,0.1,2.0,50,0.5,5.0,
3000,0.1,2.0,50,1.0,0.5,
3000,0.1,2.0,50,1.0,1.0,
3000,0.1,2.0,50,1.0,2.0,
3000,0.1,2.0,50,1.0,5.0,
3000,0.1,2.0,50,2.0,0.5,
3000,0.1,2.0,50,2.0,1.0,
3000,0.1,2.0,50,2.0,2.0,
3000,0.1,2.0,50,2.0,5.0,
3000,0.1,2.0,50,5.0,0.5,
3000,0.1,2.0,50,5.0,1.0,
3000,0.1,2.0,50,5.0,2.0,
3000,0.1,2.0,50,5.0,5.0,
3000,0.1,2.0,100,0.5,0.5,
3000,0.1,2.0,100,0.5,1.0,
3000,0.1,2.0,100,0.5,2.0,
3000,0.1,2.0,100,0.5,5.0,
3000,0.1,2.0,100,1.0,0.5,
3000,0.1,2.0,100,1.0,1.0,
3000,0.1,2.0,100,1.0,2.0,
3000,0.1,2.0,100,1.0,5.0,
3000,0.1,2.0,100,2.0,0.5,
3000,0.1,2.0,100,2.0,1.0,
3000,0.1,2.0,100,2.0,2.0,
3000,0.1,2.0,100,2.0,5.0,
3000,0.1,2.0,100,5.0,0.5,
3000,0.1,2.0,100,5.0,1.0,
3000,0.1,2.0,100,5.0,2.0,
3000,0.1,2.0,100,5.0,5.0,
3000,0.1,2.0,150,0.5,0.5,
3000,0.1,2.0,150,0.5,1.0,
3000,0.1,2.0,150,0.5,2.0,
3000,0.1,2.0,150,0.5,5.0,
3000,0.1,2.0,150,1.0,0.5,
3000,0.1,2.0,150,1.0,1.0,
3000,0.1,2.0,150,1.0,2.0,
3000,0.1,2.0,150,1.0,5.0,
3000,0.1,2.0,150,2.0,0.5,
3000,0.1,2.0,150,2.0,1.0,
3000,0.1,2.0,150,2.0,2.0,
3000,0.1,2.0,150,2.0,5.0,
3000,0.1,2.0,150,5.0,0.5,
3000,0.1,2.0,150,5.0,1.0,
3000,0.1,2.0,150,5.0,2.0,
3000,0.1,2.0,150,5.0,5.0,
3000,0.5,0.1,50,0.5,0.5,
3000,0.5,0.1,50,0.5,1.0,
3000,0.5,0.1,50,0.5,2.0,
3000,0.5,0.1,50,0.5,5.0,
3000,0.5,0.1,50,1.0,0.5,
3000,0.5,0.1,50,1.0,1.0,
3000,0.5,0.1,50,1.0,2.0,
3000,0.5,0.1,50,1.0,5.0,
3000,0.5,0.1,50,2.0,0.5,
3000,0.5,0.1,50,2.0,1.0,
3000,0.5,0.1,50,2.0,2.0,
3000,0.5,0.1,50,2.0,5.0,
3000,0.5,0.1,50,5.0,0.5,
3000,0.5,0.1,50,5.0,1.0,
3000,0.5,0.1,50,5.0,2.0,
3000,0.5,0.1,50,5.0,5.0,
3000,0.5,0.1,100,0.5,0.5,
3000,0.5,0.1,100,0.5,1.0,
3000,0.5,0.1,100,0.5,2.0,
3000,0.5,0.1,100,0.5,5.0,
3000,0.5,0.1,100,1.0,0.5,
3000,0.5,0.1,100,1.0,1.0,
3000,0.5,0.1,100,1.0,2.0,
3000,0.5,0.1,100,1.0,5.0,
3000,0.5,0.1,100,2.0,0.5,
3000,0.5,0.1,100,2.0,1.0,
3000,0.5,0.1,100,2.0,2.0,
3000,0.5,0.1,100,2.0,5.0,
3000,0.5,0.1,100,5.0,0.5,
3000,0.5,0.1,100,5.0,1.0,
3000,0.5,0.1,100,5.0,2.0,
3000,0.5,0.1,100,5.0,5.0,
3000,0.5,0.1,150,0.5,0.5,
3000,0.5,0.1,150,0.5,1.0,
3000,0.5,0.1,150,0.5,2.0,
3000,0.5,0.1,150,0.5,5.0,
3000,0.5,0.1,150,1.0,0.5,
3000,0.5,0.1,150,1.0,1.0,
3000,0.5,0.1,150,1.0,2.0,
3000,0.5,0.1,150,1.0,5.0,
3000,0.5,0.1,150,2.0,0.5,
3000,0.5,0.1,150,2.0,1.0,
3000,0.5,0.1,150,2.0,2.0,
3000,0.5,0.1,150,2.0,5.0,
3000,0.5,0.1,150,5.0,0.5,
3000,0.5,0.1,150,5.0,1.0,
3000,0.5,0.1,150,5.0,2.0,
3000,0.5,0.1,150,5.0,5.0,
3000,0.5,0.5,50,0.5,0.5,
3000,0.5,0.5,50,0.5,1.0,
3000,0.5,0.5,50,0.5,2.0,
3000,0.5,0.5,50,0.5,5.0,
3000,0.5,0.5,50,1.0,0.5,
3000,0.5,0.5,50,1.0,1.0,
3000,0.5,0.5,50,1.0,2.0,
3000,0.5,0.5,50,1.0,5.0,
3000,0.5,0.5,50,2.0,0.5,
3000,0.5,0.5,50,2.0,1.0,
3000,0.5,0.5,50,2.0,2.0,
3000,0.5,0.5,50,2.0,5.0,
3000,0.5,0.5,50,5.0,0.5,
3000,0.5,0.5,50,5.0,1.0,
3000,0.5,0.5,50,5.0,2.0,
3000,0.5,0.5,50,5.0,5.0,
3000,0.5,0.5,100,0.5,0.5,
3000,0.5,0.5,100,0.5,1.0,
3000,0.5,0.5,100,0.5,2.0,
3000,0.5,0.5,100,0.5,5.0,
3000,0.5,0.5,100,1.0,0.5,
3000,0.5,0.5,100,1.0,1.0,
3000,0.5,0.5,100,1.0,2.0,
3000,0.5,0.5,100,1.0,5.0,
3000,0.5,0.5,100,2.0,0.5,
3000,0.5,0.5,100,2.0,1.0,
3000,0.5,0.5,100,2.0,2.0,
3000,0.5,0.5,100,2.0,5.0,
3000,0.5,0.5,100,5.0,0.5,
3000,0.5,0.5,100,5.0,1.0,
3000,0.5,0.5,100,5.0,2.0,
3000,0.5,0.5,100,5.0,5.0,
3000,0.5,0.5,150,0.5,0.5,
3000,0.5,0.5,150,0.5,1.0,
3000,0.5,0.5,150,0.5,2.0,
3000,0.5,0.5,150,0.5,5.0,
3000,0.5,0.5,150,1.0,0.5,
3000,0.5,0.5,150,1.0,1.0,
3000,0.5,0.5,150,1.0,2.0,
3000,0.5,0.5,150,1.0,5.0,
3000,0.5,0.5,150,2.0,0.5,
3000,0.5,0.5,150,2.0,1.0,
3000,0.5,0.5,150,2.0,2.0,
3000,0.5,0.5,150,2.0,5.0,
3000,0.5,0.5,150,5.0,0.5,
3000,0.5,0.5,150,5.0,1.0,
3000,0.5,0.5,150,5.0,2.0,
3000,0.5,0.5,150,5.0,5.0,
3000,0.5,1.0,50,0.5,0.5,
3000,0.5,1.0,50,0.5,1.0,
3000,0.5,1.0,50,0.5,2.0,
3000,0.5,1.0,50,0.5,5.0,
3000,0.5,1.0,50,1.0,0.5,
3000,0.5,1.0,50,1.0,1.0,
3000,0.5,1.0,50,1.0,2.0,
3000,0.5,1.0,50,1.0,5.0,
3000,0.5,1.0,50,2.0,0.5,
3000,0.5,1.0,50,2.0,1.0,
3000,0.5,1.0,50,2.0,2.0,
3000,0.5,1.0,50,2.0,5.0,
3000,0.5,1.0,50,5.0,0.5,
3000,0.5,1.0,50,5.0,1.0,
3000,0.5,1.0,50,5.0,2.0,
3000,0.5,1.0,50,5.0,5.0,
3000,0.5,1.0,100,0.5,0.5,
3000,0.5,1.0,100,0.5,1.0,
3000,0.5,1.0,100,0.5,2.0,
3000,0.5,1.0,100,0.5,5.0,
3000,0.5,1.0,100,1.0,0.5,
3000,0.5,1.0,100,1.0,1.0,
3000,0.5,1.0,100,1.0,2.0,
3000,0.5,1.0,100,1.0,5.0,
3000,0.5,1.0,100,2.0,0.5,
3000,0.5,1.0,100,2.0,1.0,
3000,0.5,1.0,100,2.0,2.0,
3000,0.5,1.0,100,2.0,5.0,
3000,0.5,1.0,100,5.0,0.5,
3000,0.5,1.0,100,5.0,1.0,
3000,0.5,1.0,100,5.0,2.0,
3000,0.5,1.0,100,5.0,5.0,
3000,0.5,1.0,150,0.5,0.5,
3000,0.5,1.0,150,0.5,1.0,
3000,0.5,1.0,150,0.5,2.0,
3000,0.5,1.0,150,0.5,5.0,
3000,0.5,1.0,150,1.0,0.5,
3000,0.5,1.0,150,1.0,1.0,
3000,0.5,1.0,150,1.0,2.0,
3000,0.5,1.0,150,1.0,5.0,
3000,0.5,1.0,150,2.0,0.5,
3000,0.5,1.0,150,2.0,1.0,
3000,0.5,1.0,150,2.0,2.0,
3000,0.5,1.0,150,2.0,5.0,
3000,0.5,1.0,150,5.0,0.5,
3000,0.5,1.0,150,5.0,1.0,
3000,0.5,1.0,150,5.0,2.0,
3000,0.5,1.0,150,5.0,5.0,
3000,0.5,2.0,50,0.5,0.5,
3000,0.5,2.0,50,0.5,1.0,
3000,0.5,2.0,50,0.5,2.0,
3000,0.5,2.0,50,0.5,5.0,
3000,0.5,2.0,50,1.0,0.5,
3000,0.5,2.0,50,1.0,1.0,
3000,0.5,2.0,50,1.0,2.0,
3000,0.5,2.0,50,1.0,5.0,
3000,0.5,2.0,50,2.0,0.5,
3000,0.5,2.0,50,2.0,1.0,
3000,0.5,2.0,50,2.0,2.0,
3000,0.5,2.0,50,2.0,5.0,
3000,0.5,2.0,50,5.0,0.5,
3000,0.5,2.0,50,5.0,1.0,
3000,0.5,2.0,50,5.0,2.0,
3000,0.5,2.0,50,5.0,5.0,
3000,0.5,2.0,100,0.5,0.5,
3000,0.5,2.0,100,0.5,1.0,
3000,0.5,2.0,100,0.5,2.0,
3000,0.5,2.0,100,0.5,5.0,
3000,0.5,2.0,100,1.0,0.5,
3000,0.5,2.0,100,1.0,1.0,
3000,0.5,2.0,100,1.0,2.0,
3000,0.5,2.0,100,1.0,5.0,
3000,0.5,2.0,100,2.0,0.5,
3000,0.5,2.0,100,2.0,1.0,
3000,0.5,2.0,100,2.0,2.0,
3000,0.5,2.0,100,2.0,5.0,
3000,0.5,2.0,100,5.0,0.5,
3000,0.5,2.0,100,5.0,1.0,
3000,0.5,2.0,100,5.0,2.0,
3000,0.5,2.0,100,5.0,5.0,
3000,0.5,2.0,150,0.5,0.5,
3000,0.5,2.0,150,0.5,1.0,
3000,0.5,2.0,150,0.5,2.0,
3000,0.5,2.0,150,0.5,5.0,
3000,0.5,2.0,150,1.0,0.5,
3000,0.5,2.0,150,1.0,1.0,
3000,0.5,2.0,150,1.0,2.0,
3000,0.5,2.0,150,1.0,5.0,
3000,0.5,2.0,150,2.0,0.5,
3000,0.5,2.0,150,2.0,1.0,
3000,0.5,2.0,150,2.0,2.0,
3000,0.5,2.0,150,2.0,5.0,
3000,0.5,2.0,150,5.0,0.5,
3000,0.5,2.0,150,5.0,1.0,
3000,0.5,2.0,150,5.0,2.0,
3000,0.5,2.0,150,5.0,5.0,
3000,1.0,0.1,50,0.5,0.5,
3000,1.0,0.1,50,0.5,1.0,
3000,1.0,0.1,50,0.5,2.0,
3000,1.0,0.1,50,0.5,5.0,
3000,1.0,0.1,50,1.0,0.5,
3000,1.0,0.1,50,1.0,1.0,
3000,1.0,0.1,50,1.0,2.0,
3000,1.0,0.1,50,1.0,5.0,
3000,1.0,0.1,50,2.0,0.5,
3000,1.0,0.1,50,2.0,1.0,
3000,1.0,0.1,50,2.0,2.0,
3000,1.0,0.1,50,2.0,5.0,
3000,1.0,0.1,50,5.0,0.5,
3000,1.0,0.1,50,5.0,1.0,
3000,1.0,0.1,50,5.0,2.0,
3000,1.0,0.1,50,5.0,5.0,
3000,1.0,0.1,100,0.5,0.5,
3000,1.0,0.1,100,0.5,1.0,
3000,1.0,0.1,100,0.5,2.0,
3000,1.0,0.1,100,0.5,5.0,
3000,1.0,0.1,100,1.0,0.5,
3000,1.0,0.1,100,1.0,1.0,
3000,1.0,0.1,100,1.0,2.0,
3000,1.0,0.1,100,1.0,5.0,
3000,1.0,0.1,100,2.0,0.5,
3000,1.0,0.1,100,2.0,1.0,
3000,1.0,0.1,100,2.0,2.0,
3000,1.0,0.1,100,2.0,5.0,
3000,1.0,0.1,100,5.0,0.5,
3000,1.0,0.1,100,5.0,1.0,
3000,1.0,0.1,100,5.0,2.0,
3000,1.0,0.1,100,5.0,5.0,
3000,1.0,0.1,150,0.5,0.5,
3000,1.0,0.1,150,0.5,1.0,
3000,1.0,0.1,150,0.5,2.0,
3000,1.0,0.1,150,0.5,5.0,
3000,1.0,0.1,150,1.0,0.5,
3000,1.0,0.1,150,1.0,1.0,
3000,1.0,0.1,150,1.0,2.0,
3000,1.0,0.1,150,1.0,5.0,
3000,1.0,0.1,150,2.0,0.5,
3000,1.0,0.1,150,2.0,1.0,
3000,1.0,0.1,150,2.0,2.0,
3000,1.0,0.1,150,2.0,5.0,
3000,1.0,0.1,150,5.0,0.5,
3000,1.0,0.1,150,5.0,1.0,
3000,1.0,0.1,150,5.0,2.0,
3000,1.0,0.1,150,5.0,5.0,
3000,1.0,0.5,50,0.5,0.5,
3000,1.0,0.5,50,0.5,1.0,
3000,1.0,0.5,50,0.5,2.0,
3000,1.0,0.5,50,0.5,5.0,
3000,1.0,0.5,50,1.0,0.5,
3000,1.0,0.5,50,1.0,1.0,
3000,1.0,0.5,50,1.0,2.0,
3000,1.0,0.5,50,1.0,5.0,
3000,1.0,0.5,50,2.0,0.5,
3000,1.0,0.5,50,2.0,1.0,
3000,1.0,0.5,50,2.0,2.0,
3000,1.0,0.5,50,2.0,5.0,
3000,1.0,0.5,50,5.0,0.5,
3000,1.0,0.5,50,5.0,1.0,
3000,1.0,0.5,50,5.0,2.0,
3000,1.0,0.5,50,5.0,5.0,
3000,1.0,0.5,100,0.5,0.5,
3000,1.0,0.5,100,0.5,1.0,
3000,1.0,0.5,100,0.5,2.0,
3000,1.0,0.5,100,0.5,5.0,
3000,1.0,0.5,100,1.0,0.5,
3000,1.0,0.5,100,1.0,1.0,
3000,1.0,0.5,100,1.0,2.0,
3000,1.0,0.5,100,1.0,5.0,
3000,1.0,0.5,100,2.0,0.5,
3000,1.0,0.5,100,2.0,1.0,
3000,1.0,0.5,100,2.0,2.0,
3000,1.0,0.5,100,2.0,5.0,
3000,1.0,0.5,100,5.0,0.5,
3000,1.0,0.5,100,5.0,1.0,
3000,1.0,0.5,100,5.0,2.0,
3000,1.0,0.5,100,5.0,5.0,
3000,1.0,0.5,150,0.5,0.5,
3000,1.0,0.5,150,0.5,1.0,
3000,1.0,0.5,150,0.5,2.0,
3000,1.0,0.5,150,0.5,5.0,
3000,1.0,0.5,150,1.0,0.5,
3000,1.0,0.5,150,1.0,1.0,
3000,1.0,0.5,150,1.0,2.0,
3000,1.0,0.5,150,1.0,5.0,
3000,1.0,0.5,150,2.0,0.5,
3000,1.0,0.5,150,2.0,1.0,
3000,1.0,0.5,150,2.0,2.0,
3000,1.0,0.5,150,2.0,5.0,
3000,1.0,0.5,150,5.0,0.5,
3000,1.0,0.5,150,5.0,1.0,
3000,1.0,0.5,150,5.0,2.0,
3000,1.0,0.5,150,5.0,5.0,
3000,1.0,1.0,50,0.5,0.5,
3000,1.0,1.0,50,0.5,1.0,
3000,1.0,1.0,50,0.5,2.0,
3000,1.0,1.0,50,0.5,5.0,
3000,1.0,1.0,50,1.0,0.5,
3000,1.0,1.0,50,1.0,1.0,
3000,1.0,1.0,50,1.0,2.0,
3000,1.0,1.0,50,1.0,5.0,
3000,1.0,1.0,50,2.0,0.5,
3000,1.0,1.0,50,2.0,1.0,
3000,1.0,1.0,50,2.0,2.0,
3000,1.0,1.0,50,2.0,5.0,
3000,1.0,1.0,50,5.0,0.5,
3000,1.0,1.0,50,5.0,1.0,
3000,1.0,1.0,50,5.0,2.0,
3000,1.0,1.0,50,5.0,5.0,
3000,1.0,1.0,100,0.5,0.5,
3000,1.0,1.0,100,0.5,1.0,
3000,1.0,1.0,100,0.5,2.0,
3000,1.0,1.0,100,0.5,5.0,
3000,1.0,1.0,100,1.0,0.5,
3000,1.0,1.0,100,1.0,1.0,
3000,1.0,1.0,100,1.0,2.0,
3000,1.0,1.0,100,1.0,5.0,
3000,1.0,1.0,100,2.0,0.5,
3000,1.0,1.0,100,2.0,1.0,
3000,1.0,1.0,100,2.0,2.0,
3000,1.0,1.0,100,2.0,5.0,
3000,1.0,1.0,100,5.0,0.5,
3000,1.0,1.0,100,5.0,1.0,
3000,1.0,1.0,100,5.0,2.0,
3000,1.0,1.0,100,5.0,5.0,
3000,1.0,1.0,150,0.5,0.5,
3000,1.0,1.0,150,0.5,1.0,
3000,1.0,1.0,150,0.5,2.0,
3000,1.0,1.0,150,0.5,5.0,
3000,1.0,1.0,150,1.0,0.5,
3000,1.0,1.0,150,1.0,1.0,
3000,1.0,1.0,150,1.0,2.0,
3000,1.0,1.0,150,1.0,5.0,
3000,1.0,1.0,150,2.0,0.5,
3000,1.0,1.0,150,2.0,1.0,
3000,1.0,1.0,150,2.0,2.0,
3000,1.0,1.0,150,2.0,5.0,
3000,1.0,1.0,150,5.0,0.5,
3000,1.0,1.0,150,5.0,1.0,
3000,1.0,1.0,150,5.0,2.0,
3000,1.0,1.0,150,5.0,5.0,
3000,1.0,2.0,50,0.5,0.5,
3000,1.0,2.0,50,0.5,1.0,
3000,1.0,2.0,50,0.5,2.0,
3000,1.0,2.0,50,0.5,5.0,
3000,1.0,2.0,50,1.0,0.5,
3000,1.0,2.0,50,1.0,1.0,
3000,1.0,2.0,50,1.0,2.0,
3000,1.0,2.0,50,1.0,5.0,
3000,1.0,2.0,50,2.0,0.5,
3000,1.0,2.0,50,2.0,1.0,
3000,1.0,2.0,50,2.0,2.0,
3000,1.0,2.0,50,2.0,5.0,
3000,1.0,2.0,50,5.0,0.5,
3000,1.0,2.0,50,5.0,1.0,
3000,1.0,2.0,50,5.0,2.0,
3000,1.0,2.0,50,5.0,5.0,
3000,1.0,2.0,100,0.5,0.5,
3000,1.0,2.0,100,0.5,1.0,
3000,1.0,2.0,100,0.5,2.0,
3000,1.0,2.0,100,0.5,5.0,
3000,1.0,2.0,100,1.0,0.5,
3000,1.0,2.0,100,1.0,1.0,
3000,1.0,2.0,100,1.0,2.0,
3000,1.0,2.0,100,1.0,5.0,
3000,1.0,2.0,100,2.0,0.5,
3000,1.0,2.0,100,2.0,1.0,
3000,1.0,2.0,100,2.0,2.0,
3000,1.0,2.0,100,2.0,5.0,
3000,1.0,2.0,100,5.0,0.5,
3000,1.0,2.0,100,5.0,1.0,
3000,1.0,2.0,100,5.0,2.0,
3000,1.0,2.0,100,5.0,5.0,
3000,1.0,2.0,150,0.5,0.5,
3000,1.0,2.0,150,0.5,1.0,
3000,1.0,2.0,150,0.5,2.0,
3000,1.0,2.0,150,0.5,5.0,
3000,1.0,2.0,150,1.0,0.5,
3000,1.0,2.0,150,1.0,1.0,
3000,1.0,2.0,150,1.0,2.0,
3000,1.0,2.0,150,1.0,5.0,
3000,1.0,2.0,150,2.0,0.5,
3000,1.0,2.0,150,2.0,1.0,
3000,1.0,2.0,150,2.0,2.0,
3000,1.0,2.0,150,2.0,5.0,
3000,1.0,2.0,150,5.0,0.5,
3000,1.0,2.0,150,5.0,1.0,
3000,1.0,2.0,150,5.0,2.0,
3000,1.0,2.0,150,5.0,5.0,
3000,2.0,0.1,50,0.5,0.5,
3000,2.0,0.1,50,0.5,1.0,
3000,2.0,0.1,50,0.5,2.0,
3000,2.0,0.1,50,0.5,5.0,
3000,2.0,0.1,50,1.0,0.5,
3000,2.0,0.1,50,1.0,1.0,
3000,2.0,0.1,50,1.0,2.0,
3000,2.0,0.1,50,1.0,5.0,
3000,2.0,0.1,50,2.0,0.5,
3000,2.0,0.1,50,2.0,1.0,
3000,2.0,0.1,50,2.0,2.0,
3000,2.0,0.1,50,2.0,5.0,
3000,2.0,0.1,50,5.0,0.5,
3000,2.0,0.1,50,5.0,1.0,
3000,2.0,0.1,50,5.0,2.0,
3000,2.0,0.1,50,5.0,5.0,
3000,2.0,0.1,100,0.5,0.5,
3000,2.0,0.1,100,0.5,1.0,
3000,2.0,0.1,100,0.5,2.0,
3000,2.0,0.1,100,0.5,5.0,
3000,2.0,0.1,100,1.0,0.5,
3000,2.0,0.1,100,1.0,1.0,
3000,2.0,0.1,100,1.0,2.0,
3000,2.0,0.1,100,1.0,5.0,
3000,2.0,0.1,100,2.0,0.5,
3000,2.0,0.1,100,2.0,1.0,
3000,2.0,0.1,100,2.0,2.0,
3000,2.0,0.1,100,2.0,5.0,
3000,2.0,0.1,100,5.0,0.5,
3000,2.0,0.1,100,5.0,1.0,
3000,2.0,0.1,100,5.0,2.0,
3000,2.0,0.1,100,5.0,5.0,
3000,2.0,0.1,150,0.5,0.5,
3000,2.0,0.1,150,0.5,1.0,
3000,2.0,0.1,150,0.5,2.0,
3000,2.0,0.1,150,0.5,5.0,
3000,2.0,0.1,150,1.0,0.5,
3000,2.0,0.1,150,1.0,1.0,
3000,2.0,0.1,150,1.0,2.0,
3000,2.0,0.1,150,1.0,5.0,
3000,2.0,0.1,150,2.0,0.5,
3000,2.0,0.1,150,2.0,1.0,
3000,2.0,0.1,150,2.0,2.0,
3000,2.0,0.1,150,2.0,5.0,
3000,2.0,0.1,150,5.0,0.5,
3000,2.0,0.1,150,5.0,1.0,
3000,2.0,0.1,150,5.0,2.0,
3000,2.0,0.1,150,5.0,5.0,
3000,2.0,0.5,50,0.5,0.5,
3000,2.0,0.5,50,0.5,1.0,
3000,2.0,0.5,50,0.5,2.0,
3000,2.0,0.5,50,0.5,5.0,
3000,2.0,0.5,50,1.0,0.5,
3000,2.0,0.5,50,1.0,1.0,
3000,2.0,0.5,50,1.0,2.0,
3000,2.0,0.5,50,1.0,5.0,
3000,2.0,0.5,50,2.0,0.5,
3000,2.0,0.5,50,2.0,1.0,
3000,2.0,0.5,50,2.0,2.0,
3000,2.0,0.5,50,2.0,5.0,
3000,2.0,0.5,50,5.0,0.5,
3000,2.0,0.5,50,5.0,1.0,
3000,2.0,0.5,50,5.0,2.0,
3000,2.0,0.5,50,5.0,5.0,
3000,2.0,0.5,100,0.5,0.5,
3000,2.0,0.5,100,0.5,1.0,
3000,2.0,0.5,100,0.5,2.0,
3000,2.0,0.5,100,0.5,5.0,
3000,2.0,0.5,100,1.0,0.5,
3000,2.0,0.5,100,1.0,1.0,
3000,2.0,0.5,100,1.0,2.0,
3000,2.0,0.5,100,1.0,5.0,
3000,2.0,0.5,100,2.0,0.5,
3000,2.0,0.5,100,2.0,1.0,
3000,2.0,0.5,100,2.0,2.0,
3000,2.0,0.5,100,2.0,5.0,
3000,2.0,0.5,100,5.0,0.5,
3000,2.0,0.5,100,5.0,1.0,
3000,2.0,0.5,100,5.0,2.0,
3000,2.0,0.5,100,5.0,5.0,
3000,2.0,0.5,150,0.5,0.5,
3000,2.0,0.5,150,0.5,1.0,
3000,2.0,0.5,150,0.5,2.0,
3000,2.0,0.5,150,0.5,5.0,
3000,2.0,0.5,150,1.0,0.5,
3000,2.0,0.5,150,1.0,1.0,
3000,2.0,0.5,150,1.0,2.0,
3000,2.0,0.5,150,1.0,5.0,
3000,2.0,0.5,150,2.0,0.5,
3000,2.0,0.5,150,2.0,1.0,
3000,2.0,0.5,150,2.0,2.0,
3000,2.0,0.5,150,2.0,5.0,
3000,2.0,0.5,150,5.0,0.5,
3000,2.0,0.5,150,5.0,1.0,
3000,2.0,0.5,150,5.0,2.0,
3000,2.0,0.5,150,5.0,5.0,
3000,2.0,1.0,50,0.5,0.5,
3000,2.0,1.0,50,0.5,1.0,
3000,2.0,1.0,50,0.5,2.0,
3000,2.0,1.0,50,0.5,5.0,
3000,2.0,1.0,50,1.0,0.5,
3000,2.0,1.0,50,1.0,1.0,
3000,2.0,1.0,50,1.0,2.0,
3000,2.0,1.0,50,1.0,5.0,
3000,2.0,1.0,50,2.0,0.5,
3000,2.0,1.0,50,2.0,1.0,
3000,2.0,1.0,50,2.0,2.0,
3000,2.0,1.0,50,2.0,5.0,
3000,2.0,1.0,50,5.0,0.5,
3000,2.0,1.0,50,5.0,1.0,
3000,2.0,1.0,50,5.0,2.0,
3000,2.0,1.0,50,5.0,5.0,
3000,2.0,1.0,100,0.5,0.5,
3000,2.0,1.0,100,0.5,1.0,
3000,2.0,1.0,100,0.5,2.0,
3000,2.0,1.0,100,0.5,5.0,
3000,2.0,1.0,100,1.0,0.5,
3000,2.0,1.0,100,1.0,1.0,
3000,2.0,1.0,100,1.0,2.0,
3000,2.0,1.0,100,1.0,5.0,
3000,2.0,1.0,100,2.0,0.5,
3000,2.0,1.0,100,2.0,1.0,
3000,2.0,1.0,100,2.0,2.0,
3000,2.0,1.0,100,2.0,5.0,
3000,2.0,1.0,100,5.0,0.5,
3000,2.0,1.0,100,5.0,1.0,
3000,2.0,1.0,100,5.0,2.0,
3000,2.0,1.0,100,5.0,5.0,
3000,2.0,1.0,150,0.5,0.5,
3000,2.0,1.0,150,0.5,1.0,
3000,2.0,1.0,150,0.5,2.0,
3000,2.0,1.0,150,0.5,5.0,
3000,2.0,1.0,150,1.0,0.5,
3000,2.0,1.0,150,1.0,1.0,
3000,2.0,1.0,150,1.0,2.0,
3000,2.0,1.0,150,1.0,5.0,
3000,2.0,1.0,150,2.0,0.5,
3000,2.0,1.0,150,2.0,1.0,
3000,2.0,1.0,150,2.0,2.0,
3000,2.0,1.0,150,2.0,5.0,
3000,2.0,1.0,150,5.0,0.5,
3000,2.0,1.0,150,5.0,1.0,
3000,2.0,1.0,150,5.0,2.0,
3000,2.0,1.0,150,5.0,5.0,
3000,2.0,2.0,50,0.5,0.5,
3000,2.0,2.0,50,0.5,1.0,
3000,2.0,2.0,50,0.5,2.0,
3000,2.0,2.0,50,0.5,5.0,
3000,2.0,2.0,50,1.0,0.5,
3000,2.0,2.0,50,1.0,1.0,
3000,2.0,2.0,50,1.0,2.0,
3000,2.0,2.0,50,1.0,5.0,
3000,2.0,2.0,50,2.0,0.5,
3000,2.0,2.0,50,2.0,1.0,
3000,2.0,2.0,50,2.0,2.0,
3000,2.0,2.0,50,2.0,5.0,
3000,2.0,2.0,50,5.0,0.5,
3000,2.0,2.0,50,5.0,1.0,
3000,2.0,2.0,50,5.0,2.0,
3000,2.0,2.0,50,5.0,5.0,
3000,2.0,2.0,100,0.5,0.5,
3000,2.0,2.0,100,0.5,1.0,
3000,2.0,2.0,100,0.5,2.0,
3000,2.0,2.0,100,0.5,5.0,
3000,2.0,2.0,100,1.0,0.5,
3000,2.0,2.0,100,1.0,1.0,
3000,2.0,2.0,100,1.0,2.0,
3000,2.0,2.0,100,1.0,5.0,
3000,2.0,2.0,100,2.0,0.5,
3000,2.0,2.0,100,2.0,1.0,
3000,2.0,2.0,100,2.0,2.0,
3000,2.0,2.0,100,2.0,5.0,
3000,2.0,2.0,100,5.0,0.5,
3000,2.0,2.0,100,5.0,1.0,
3000,2.0,2.0,100,5.0,2.0,
3000,2.0,2.0,100,5.0,5.0,
3000,2.0,2.0,150,0.5,0.5,
3000,2.0,2.0,150,0.5,1.0,
3000,2.0,2.0,150,0.5,2.0,
3000,2.0,2.0,150,0.5,5.0,
3000,2.0,2.0,150,1.0,0.5,
3000,2.0,2.0,150,1.0,1.0,
3000,2.0,2.0,150,1.0,2.0,
3000,2.0,2.0,150,1.0,5.0,
3000,2.0,2.0,150,2.0,0.5,
3000,2.0,2.0,150,2.0,1.0,
3000,2.0,2.0,150,2.0,2.0,
3000,2.0,2.0,150,2.0,5.0,
3000,2.0,2.0,150,5.0,0.5,
3000,2.0,2.0,150,5.0,1.0,
3000,2.0,2.0,150,5.0,2.0,
3000,2.0,2.0,150,5.0,5.0,
