[[[ 9.85412054e+01  4.06308689e-10  2.29214646e-10  2.02617087e-09
    6.97748790e-09  1.80285418e-09  5.97906891e-10  6.44442898e-09
    1.03857425e-08  1.77724740e-09]
  [ 1.30048689e-14  5.26100682e-11  1.05349250e-10  2.24896837e-12
    1.16871002e-11  8.85125110e-12  2.02158923e-11  9.59663826e-11
    9.99877233e-11  2.81018271e+00]
  [-2.62811830e-04  1.54023289e+00 -1.32665092e-05 -3.68543417e-04
   -1.75885082e-03 -1.73641024e-04 -1.09649855e-04  3.16845206e-01
   -1.18056030e-05 -4.47898712e-04]]

 [[ 4.84560625e-11  4.94230293e-10  6.18777439e-09  5.97854326e-08
    6.69673974e-10  4.37206766e-09  1.16138159e-08  1.05606548e-09
    1.44831934e-09  4.62815961e-11]
  [ 4.01105836e-12  2.60436496e-11  1.31929994e-11  7.56306588e-11
    1.68227155e-11  2.34492707e-11  2.10934759e-11  7.97545535e-12
    1.05169061e-11  2.17426842e-12]
  [-3.49439693e-04  1.32366485e-01  1.38328540e-01 -3.82201425e-05
   -4.89271885e-04 -1.77042159e-04 -2.11203769e-02  2.58159365e-01
   -1.09380312e-04  1.89947979e-01]]

 [[ 3.13572546e-09  3.12054718e-10  2.09213377e-09  2.30589526e-09
    3.41183063e-10  2.57330875e-11  1.18072155e-09  1.13275699e-11
    1.66690317e-09  9.14899372e-10]
  [ 3.60143941e-13  6.88450611e-13  4.74453540e-12  5.18121135e-12
    2.20813678e-12  2.63305102e-14  7.59226216e-12  3.39741557e-12
    1.22353054e-14  4.48244263e-14]
  [-2.46957846e-05 -6.21484740e-04 -2.57078351e-04 -1.18808925e-01
    1.32339940e-01 -2.39552632e-06 -7.31222928e-04 -1.08665621e-04
    7.22402774e-02 -1.94190506e-05]]

 [[ 4.77186357e-08  1.11576555e-07  6.16890897e-08  2.15018726e-07
    2.04336787e-07  8.31847229e-08  1.07002895e-07  1.09011469e-06
    2.41821662e-07  3.13467317e-08]
  [ 1.09280816e-09  5.64856177e-10  1.07935360e-10  7.60786412e-09
    5.38355496e-09  8.85079407e-09  3.18935916e-09  1.79410589e-09
    1.88403876e-09  1.99090831e-08]
  [-7.64892530e-04 -2.33729224e-02 -6.16880451e-03 -1.96525914e-02
    6.32283471e-01 -4.01192045e-03 -2.73217820e-02  7.38165377e-03
    1.32249660e-01  2.58062777e-01]]

 [[ 5.64709599e-07  1.03393896e-07  2.43949125e-07  1.34943780e-09
    1.21515922e-07  1.79766036e-06  7.78833221e-08  1.72483938e-07
    6.84783724e-10  2.94942734e-08]
  [ 1.20573182e-09  7.49747840e-10  4.42872877e-12  9.09685971e-11
    1.83351636e-09  9.27272140e-13  1.13028321e-09  2.09723915e-09
    1.48920972e-10  1.13668690e-09]
  [-1.69058955e-03  2.16593210e+00 -1.76880241e-03 -5.02329823e-03
   -3.82918500e-04 -1.46583273e-03 -2.07764605e-03 -6.76157023e-04
   -1.74262403e-03 -9.80111414e-04]]

 [[ 4.25649109e-08  4.92069959e-07  4.15699421e-08  8.49535450e-08
    1.50593107e-08  5.13918086e-08  9.63331019e-08  6.43272685e-08
    1.30373395e-09  4.94530995e-08]
  [ 8.00277863e-09  5.29795954e-11  5.69080500e-09  1.08545155e-09
    1.26155183e-09  5.49297099e-11  3.14132425e-09  1.56774787e-09
    1.72719792e-10  5.01026160e-10]
  [-5.33501698e-04 -1.31910259e-02 -4.72834413e-02 -4.08360077e-03
   -1.22762736e-02 -1.88384030e-02  1.13719998e+00 -5.29618193e-03
    3.14776625e-01 -2.60593297e-03]]

 [[ 7.55191769e-09  1.26026432e-07  5.11340401e-07  2.81063936e-06
    1.36949298e-06  1.90997493e-07  2.87123526e-07  1.86142976e-07
    4.05987493e-07  6.93047214e-07]
  [ 1.54207835e-09  1.71097127e-10  1.31881366e-08  1.09135140e-09
    9.72434187e-09  2.07834188e-09  1.61323732e-08  1.88797196e-10
    5.76498643e-08  2.42344930e-08]
  [-6.10299728e-03  5.70908843e-01  4.43635585e-01 -3.37148371e-02
    6.31838195e-01 -6.60585192e-04 -2.27296680e-03 -4.94053526e-03
   -3.90241345e-03 -6.83890450e-03]]

 [[ 1.07694242e-06  6.00591337e-08  2.97937237e-08  1.13652128e-07
    7.85349226e-07  5.61895906e-08  2.74225544e-07  4.03570755e-08
    1.03898884e-07  5.66808295e-07]
  [ 7.73248385e-08  1.79319391e-08  3.62611725e-09  1.23318466e-09
    4.98981013e-11  9.09378530e-09  2.53525709e-10  7.22353141e-09
    2.29859412e-09  6.09776362e-10]
  [-4.47375156e-02 -6.45944116e-02  5.25802594e-01 -7.23344111e-02
   -1.28313547e-01 -7.06348696e-02  3.75078299e-01  7.46916031e-03
   -8.01923178e-02 -5.56936748e-03]]

 [[ 1.11153220e-08  8.48302154e-07  1.05220616e-07  5.44801092e-07
    1.97948607e-06  2.53126751e-07  6.81084321e-08  3.33248162e-08
    4.01855754e-08  1.89631491e-06]
  [ 1.49748463e-13  1.81373091e-09  1.83615591e-08  1.16155325e-08
    1.70864990e-08  1.68872095e-10  1.89954956e-09  8.98373515e-10
    7.77526163e-08  1.27644522e-09]
  [-3.20313102e-02 -6.11834109e-03 -6.43143009e-04 -1.33490997e-02
   -1.19056811e-02  1.33020765e-01 -6.57686955e-03 -5.76443283e-04
   -6.54941710e-03 -4.33478779e-03]]

 [[ 8.27675069e-06  3.74317944e-07  9.22015210e-07  6.68279936e-08
    3.94066889e-08  3.01078200e-06  2.09247970e-06  1.37414484e-06
    1.40036647e-06  3.08250653e-06]
  [ 3.73091619e-09  8.69442850e-08  2.02656112e-09  2.53233867e-08
    5.43627215e-08  2.01900574e-08  1.06619257e-07  5.00716990e-08
    1.57472302e-10  8.37657467e-09]
  [-1.25748567e-03  9.97571934e-01 -1.01413094e-02 -1.38213323e-02
   -1.30522567e-02  7.46919866e-03 -5.34661520e-03 -9.14795645e-03
    1.92825202e+00 -2.31691210e-02]]

 [[ 6.86442935e-07  1.54387766e-06  7.45948216e-07  3.38699708e-07
    2.83025839e-06  5.60667760e-07  1.29746577e-06  1.30199786e-06
    1.59607519e-07  7.18776040e-07]
  [ 1.99792344e-09  4.78006960e-09  3.31232605e-08  1.54202688e-08
    3.96726584e-08  1.70206126e-08  5.35512230e-08  6.15614179e-10
    8.85679017e-10  1.11121430e-10]
  [-3.74301322e-02 -1.38060358e-02 -3.21491006e-02 -3.63705334e-03
   -5.96321521e-03 -5.12016209e-02 -5.20158630e-03 -2.90321371e-02
   -2.12147752e-02 -2.20088665e-02]]

 [[ 6.42572654e-08  5.59902291e-06  4.58389562e-06  4.19601747e-08
    7.33558940e-07  6.87155721e-07  2.36387429e-06  1.71722888e-06
    2.71317283e-07  1.04776689e-08]
  [ 1.10759876e-08  2.99941274e-08  4.42216607e-09  3.31573648e-09
    5.52414784e-09  5.35529835e-09  2.84404812e-09  1.18651647e-10
    4.73924111e-09  6.02683356e-09]
  [-2.65234394e-03 -8.46999980e-02 -2.85838947e-02  1.44530584e+00
   -5.37463465e-03  1.00443880e+00 -8.16759366e-04 -1.99715325e-02
   -1.22531773e-01  4.19257255e+00]]

 [[ 1.25552922e-05  8.74289800e-06  4.80043228e-05  1.46829841e-05
    2.43381808e-06  1.12091262e-05  3.80102176e-06  2.86895750e-05
    6.99456363e-06  1.27062053e-05]
  [ 6.48375955e-09  3.35506427e-08  2.26654025e-07  3.61017719e-08
    1.15540736e-08  5.91375080e-07  6.71162101e-08  2.49501471e-07
    4.93303581e-07  9.91855548e-09]
  [ 6.33580494e-01  1.34912565e-01 -9.98498346e-02 -1.53046362e-02
   -8.83937920e-04 -3.40770907e-02 -5.09547869e-03 -1.85248872e-02
   -2.30245988e-02 -1.18140384e-03]]

 [[ 1.43284953e-06  8.77901834e-06  8.67580243e-07  1.05560136e-07
    5.45295082e-06  8.47317991e-07  2.45448371e-06  3.64629219e-06
    4.59876341e-08  5.17524667e-06]
  [ 2.19792545e-08  2.34885050e-09  4.37485670e-08  6.02192042e-09
    1.33819733e-09  3.49918383e-08  2.24234116e-12  3.35467751e-08
    6.08787026e-09  2.79463854e-09]
  [-8.80556183e-02 -2.53946645e-02 -1.43454639e-02 -4.48804421e-03
   -1.50050637e-02  7.01417229e-02 -1.47689590e-01 -2.47956525e-03
   -2.14749815e-02 -5.22455028e-02]]

 [[ 1.34931670e-06  7.79392545e-08  2.67797123e-05  8.08694102e-06
    5.48420435e-06  1.24339586e-05  1.21949519e-06  2.90935371e-07
    4.68702526e-06  3.84390350e-06]
  [ 1.24499017e-07  2.04075002e-09  1.27162634e-07  1.10986411e-08
    3.25728600e-08  4.75059300e-08  1.65490402e-07  6.56671842e-14
    1.68287969e-07  3.54792503e-10]
  [-1.94058328e-02 -1.90401921e-02 -1.20060468e-02  1.45957322e-03
   -5.88011854e-02 -7.76020365e-03 -3.36795564e-02 -5.89596114e-02
   -2.07884627e-03 -5.93120773e-02]]

 [[ 2.14633746e-05  1.41586868e-04  8.36748803e-05  1.56874210e-06
    8.11109868e-05  8.22841743e-06  4.97737453e-05  1.97874543e-06
    1.70614646e-05  3.94895478e-05]
  [ 3.03418692e-08  3.10372857e-06  4.49655912e-06  2.78600159e-07
    4.45786383e-07  7.22519976e-07  1.03963762e-06  3.32237585e-07
    3.30761994e-07  1.09416445e-06]
  [-3.63584585e-02 -6.23368798e-02 -1.13697891e-01 -3.93735374e-02
   -1.10139784e-01 -2.55751965e-02 -1.56827355e-02 -1.09843220e-01
   -2.63432961e-02 -4.89656619e-02]]

 [[ 3.34848543e-05  1.15828001e-05  6.87405180e-05  4.58697747e-06
    2.02545970e-05  1.28198745e-04  3.25772813e-07  1.41349499e-06
    5.78537310e-05  3.26866883e-05]
  [ 2.65589757e-10  6.82319412e-07  3.73742665e-07  1.54215439e-06
    3.52652509e-09  2.46707038e-10  1.41283463e-08  1.19806777e-06
    1.23866086e-06  6.00629457e-07]
  [-7.93161027e-02 -2.52809675e-02 -1.22731590e-01 -5.16152653e-02
   -4.70283205e-02 -8.92132786e-02 -1.67275839e-02 -1.01518779e-03
   -8.73653814e-02 -1.65980537e-01]]

 [[ 1.94121125e-05  1.18145650e-05  3.44123377e-06  1.99354551e-05
    2.15294244e-06  4.48523617e-05  3.83929950e-04  3.96559158e-05
    1.21930869e-06  2.84097619e-05]
  [ 3.94070887e-06  8.85715965e-08  4.80484261e-07  1.12293178e-06
    6.35066318e-06  2.94593744e-08  9.04038316e-08  5.31460789e-07
    4.65828422e-08  1.15058621e-07]
  [-1.66679634e-02 -1.56460620e-01 -1.79528484e-03 -2.15474903e-01
   -8.46086618e-03 -1.67710676e-01 -1.90481500e-01 -7.27313176e-02
   -2.64240860e-01 -5.71372831e-03]]

 [[ 3.37420077e-10  9.69342033e-12  5.39587122e-11  9.58730365e-10
    7.58327796e-13  5.64300419e-09  3.70922184e-09  1.01239883e-09
    8.07616929e-10  9.10129764e-09]
  [ 2.89835099e-11  9.15009556e-14  2.24490759e-11  1.52683836e-11
    1.51269584e-11  2.90541082e-11  1.20490930e-12  1.77452714e-11
    2.06039086e-10  1.98119296e-11]
  [-2.22884351e-02 -6.00058287e-03 -9.94475713e-06 -2.21898217e-05
   -6.88248162e-03 -5.74069416e-04 -4.39805684e-04 -1.04103798e-04
    1.92432498e-01 -2.09055725e-02]]

 [[ 6.13631087e-10  1.00013354e-09  1.39011069e-12  6.90356078e-11
    1.54054942e-09  2.21750383e-10  1.39815465e-10  6.29030250e-10
    2.32234581e-10  2.80056869e-10]
  [ 1.83036387e-12  5.47803511e-12  1.66832820e-12  1.42487512e-13
    2.19532383e-12  2.07230506e-13  6.57001304e-14  5.32815229e-13
    3.43550037e-12  1.16053943e-12]
  [-3.02459395e-02 -8.38100766e-05 -5.96166019e-06 -1.37768342e-03
   -1.65529156e-02  1.33786514e-01 -1.19572763e-02 -5.76441312e-02
   -9.88987968e-03 -4.35171530e-04]]

 [[ 8.31639931e-10  3.91886423e-10  5.39751220e-10  1.84631713e-10
    4.20990067e-11  3.70901340e-11  3.39375941e-10  2.56285599e-11
    6.93050205e-10  5.19176473e-11]
  [ 9.79233944e-13  1.96161043e-12  2.11160917e-13  9.85715707e-12
    3.06614582e-12  1.40811434e-12  1.22152731e-13  1.96488875e-11
    7.79490583e-11  5.92101371e-13]
  [-1.67255636e-01 -1.91249307e-01 -1.97123140e-04 -5.38206019e-02
   -2.46738246e-03 -2.06396177e-03 -2.03394640e-04 -1.16029475e-01
   -1.67615339e-01 -3.13446685e-04]]

 [[ 4.90744100e-08  6.42296222e-08  5.55383808e-09  5.59021548e-08
    1.33644403e-07  5.67585962e-08  1.26464164e-08  2.52739556e-07
    6.63846417e-08  3.18881185e-07]
  [ 1.33513321e-09  1.73072952e-09  6.06296094e-10  4.62734725e-10
    1.23358052e-09  7.45664541e-10  7.16701866e-09  7.35453518e-10
    1.73364384e-10  2.02012822e-11]
  [-6.60736728e-02 -1.18231271e-02 -1.48270444e-01 -4.65745720e-04
   -7.53586890e-03 -3.32896122e-02 -1.76830041e-03 -1.69020944e-02
   -2.16790233e-02 -8.73049060e-03]]

 [[ 3.47408819e-07  1.39693216e-08  1.51718107e-07  1.42222045e-07
    2.55808046e-07  1.86246958e-08  2.72005046e-07  3.64511345e-07
    3.12329041e-07  2.72983713e-08]
  [ 1.87980934e-09  8.94225607e-10  3.34621530e-10  1.23569743e-09
    1.86315785e-11  2.19798187e-09  3.02260603e-10  8.44214708e-09
    8.42631933e-11  1.44626313e-09]
  [-1.51417202e-03 -3.06600367e-03 -2.91467274e-03 -2.35777499e-03
   -1.58063495e-02 -1.81292641e-02 -2.79927780e-01 -7.90387481e-03
   -9.78830397e-02 -8.86882260e-03]]

 [[ 1.86741339e-08  3.59697643e-07  1.14331768e-07  2.81342150e-07
    8.68900390e-09  5.55429010e-08  5.59365322e-08  3.82691835e-08
    7.99324413e-08  1.25736769e-07]
  [ 1.46077886e-09  5.36614109e-10  1.84977216e-09  5.43605175e-09
    1.19140070e-09  4.20039421e-09  7.09213180e-09  6.60044345e-10
    1.28753678e-09  1.94856390e-09]
  [-6.78413760e-02 -5.96400508e-02 -6.85060647e-04 -3.63522052e-04
   -9.00563325e-04 -2.69012469e-01 -1.21723925e-02 -1.83236821e-04
   -5.79073087e-02 -4.07052389e-04]]

 [[ 1.03706978e-06  7.57670307e-08  6.60273101e-08  3.99634100e-07
    4.88719143e-07  1.50948047e-07  5.26701372e-08  7.76662885e-08
    1.90390563e-06  3.38336230e-07]
  [ 1.09870356e-07  2.71059819e-09  2.32446708e-09  5.93921850e-09
    6.03761885e-09  6.50976821e-09  5.97063823e-09  1.05295150e-08
    1.08115052e-08  9.82238993e-10]
  [-3.53826463e-03 -6.53336782e-02 -1.37317824e-02 -1.01786543e-01
   -2.86346319e-01 -5.39321699e-02 -1.27205082e-03 -1.03354467e-02
   -7.36118653e-02 -7.25679065e-02]]

 [[ 1.55737902e-08  1.95004693e-07  6.12300748e-07  6.87813275e-08
    2.53921975e-08  9.20703687e-07  5.50968103e-07  1.80375095e-07
    1.62555951e-06  5.48803510e-07]
  [ 2.07902278e-09  1.12468829e-09  3.01979211e-08  1.58415893e-08
    1.08739010e-08  5.43954760e-09  6.73016471e-09  7.09087924e-10
    1.59296159e-09  2.61929341e-09]
  [-1.55888780e-02 -1.13062816e-02 -5.69853075e-02 -1.23959473e-01
   -7.89341297e-03 -3.19562339e-02 -2.07845661e-01 -1.49639587e-03
   -7.16832329e-03 -5.16528047e-02]]

 [[ 1.31288505e-08  7.67788620e-07  9.96243708e-07  1.10123333e-07
    8.53522813e-08  1.62925869e-06  2.14960942e-09  6.08772554e-07
    5.84349507e-08  2.22471782e-07]
  [ 3.19157175e-09  1.02118435e-08  4.21245702e-08  1.23596046e-08
    9.16476188e-09  1.43468931e-08  7.26091133e-09  3.78916721e-08
    7.68099195e-08  3.31050911e-10]
  [-1.73586974e-02 -9.47398408e-03 -1.88478294e-02 -3.01602053e-02
   -4.88189832e-03 -1.46997275e-01 -5.20213633e-03 -2.80028497e-02
   -3.72811907e-03 -4.70864606e-02]]

 [[ 1.01421352e-06  1.39792121e-07  1.09574325e-06  1.61354538e-06
    3.82675773e-07  2.07518076e-05  9.30438749e-07  1.08710083e-06
    3.23500401e-08  1.49096151e-07]
  [ 1.37855226e-08  5.17218264e-09  7.57386500e-09  2.28889102e-08
    1.39178384e-07  7.54374577e-09  9.12570740e-09  1.61032567e-07
    3.33679598e-09  3.24567442e-08]
  [-7.17939918e-03 -3.38262249e-03 -6.58738688e-02 -6.27360969e-02
   -9.17742519e-02 -8.26730758e-02 -8.00597383e-03 -1.38682960e-01
   -4.40350740e-02 -1.19023467e-02]]

 [[ 2.02932315e-06  1.37925342e-06  6.61639800e-07  2.12427353e-06
    8.52201946e-07  1.34090519e-06  5.57354727e-06  1.75437400e-06
    1.46718168e-06  7.98682592e-08]
  [ 3.00429060e-09  6.08993990e-08  2.64530978e-08  1.18054634e-07
    3.21993164e-08  1.18695546e-07  7.22278409e-10  2.73717103e-08
    4.69073299e-08  1.26850289e-09]
  [-3.85182526e-03 -1.34660215e-01 -2.89428136e-02  6.80857721e-02
   -3.17917619e-03 -3.60748576e-02 -4.57410478e-04 -2.38253612e-02
   -1.18417039e-02 -2.27834610e-02]]

 [[ 1.77779639e-05  1.49195297e-06  9.03062537e-07  4.83969383e-06
    2.00574430e-07  7.66278467e-06  2.22274100e-06  8.48823639e-06
    1.49217729e-07  6.37674492e-07]
  [ 1.25164719e-09  6.38536833e-10  7.47699336e-08  3.84869192e-08
    2.25660069e-08  5.88204948e-09  8.19625976e-08  1.64586922e-09
    5.62206166e-09  1.53419843e-09]
  [-2.44862014e-01 -9.09784068e-03 -1.15368092e-02 -2.30181561e-03
   -1.20869119e-02 -2.98263472e-03 -1.43043928e-02 -1.17037860e-02
   -1.56692285e-02 -1.52579021e-01]]

 [[ 3.79921202e-06  1.23271332e-08  5.62807027e-06  2.30186836e-05
    5.66270746e-06  3.84528255e-06  5.82680140e-06  1.32347118e-08
    3.03301935e-06  1.47375126e-05]
  [ 1.02963833e-07  8.92008857e-08  3.36790292e-07  2.26349068e-08
    1.97541314e-08  4.11552022e-08  4.35469797e-07  2.68975573e-09
    4.97847746e-08  3.12436038e-08]
  [-6.59375028e-02 -8.09492133e-05 -1.05555684e-02 -1.52820983e-02
   -2.41972499e-02 -2.55445337e-02 -2.33954471e-02 -2.27845929e-02
   -2.44265485e-01 -1.61991688e-02]]

 [[ 4.30603691e-05  1.46262302e-05  1.22509955e-05  1.55541790e-06
    3.35871184e-06  1.51382605e-06  3.32082801e-06  3.30718544e-06
    6.71837445e-07  1.70632017e-06]
  [ 1.17274685e-08  2.59148878e-07  7.19942694e-08  6.26083414e-09
    1.93147637e-07  1.97983432e-08  1.47089468e-07  8.95404704e-08
    2.82085196e-08  1.83645879e-07]
  [-1.39638291e-02 -5.81759088e-02 -4.59624918e-03 -6.62611782e-02
   -1.44952971e-02 -7.09707696e-03 -2.07665926e-04 -8.14791771e-04
   -3.23599244e-02 -1.00589878e-03]]

 [[ 1.51054639e-05  1.79682462e-07  9.13834150e-07  3.07975846e-09
    3.18455493e-07  1.82650152e-06  1.61442404e-11  1.43942243e-05
    4.64797586e-06  3.22738716e-05]
  [ 2.45069079e-08  3.09585341e-08  1.26867888e-07  2.12204560e-08
    1.16553072e-08  8.82318777e-08  2.37042523e-07  2.88639447e-07
    3.44369613e-07  3.12607763e-08]
  [-9.51925474e-02 -5.16470773e-03 -2.31196682e-02 -1.92611267e-01
   -9.78211554e-03 -1.58349411e-02 -2.33612560e-02  1.30241373e-01
   -8.02969754e-02 -1.82579964e-01]]

 [[ 1.45883999e-05  1.00386040e-04  1.32892006e-04  2.59805555e-05
    1.94744064e-06  2.47919485e-08  2.82709557e-05  8.14896393e-06
    4.52510710e-05  2.26001946e-05]
  [ 1.75178779e-06  2.94303049e-08  1.28713235e-07  1.67091564e-07
    5.90427473e-06  4.32258164e-07  5.48992466e-07  2.87205724e-06
    4.14729404e-07  1.74509787e-07]
  [-4.07031254e-02 -2.08096424e-01 -1.92696362e-03 -9.78299332e-02
   -2.32596154e-01 -1.55611601e-01 -8.53560120e-03 -1.20284411e-01
   -3.20052416e-02 -4.31116716e-02]]

 [[ 2.76012723e-05  3.45652113e-05  9.57807251e-06  1.85996688e-05
    4.87429111e-05  1.43004368e-04  3.43833586e-05  5.07755547e-05
    4.53447331e-06  1.09284885e-04]
  [ 2.37378979e-09  3.23394735e-07  3.17095335e-07  8.61326307e-07
    2.59275241e-07  7.72104095e-08  1.48347419e-06  1.04640165e-06
    1.73859946e-08  3.32073587e-07]
  [-2.65408788e-02 -1.03514567e-02 -1.36087829e-02 -1.06097906e-02
   -4.85619493e-02 -1.76250072e-01 -3.78867978e-02 -9.11294747e-02
   -6.06042129e-02 -1.61951968e-03]]

 [[ 3.45651985e-05  1.89797397e-05  9.18828900e-06  1.15447695e-05
    6.98538224e-05  9.23022177e-05  1.52834483e-05  1.95645800e-05
    1.05777540e-04  6.13985454e-06]
  [ 1.38371077e-07  7.80534684e-08  1.57716180e-06  1.36345691e-07
    2.02090767e-07  6.70492378e-07  1.15463916e-06  1.52771734e-06
    4.55941104e-07  1.21020172e-07]
  [-1.09070551e-01 -1.16464086e-01 -1.08190515e-01 -1.37047757e-01
   -9.96770866e-02 -1.15002188e-01 -7.03042304e-02 -1.33742657e-02
   -9.62572230e-02 -1.83522218e-02]]

 [[ 2.29741271e-12  7.28664737e-10  7.79888515e-11  1.45653064e-10
    1.96017044e-11  8.46357831e-10  2.34342763e-10  4.93322617e-09
    8.00523539e-12  7.85649051e-11]
  [ 1.73313956e-12  1.53230280e-12  1.44948517e-12  3.36519741e-12
    1.49474094e-14  9.74650853e-12  2.71995375e-11  2.78940222e-12
    1.25098393e-11  2.94571769e-11]
  [-2.79596161e-04 -1.87670626e-05 -3.63417268e-04 -1.54328697e-03
   -5.31127454e-05 -1.04066288e-03 -1.58403770e-04 -4.00420427e-04
   -1.66929288e-04 -7.92958365e-05]]

 [[ 9.79793841e-13  2.83354467e-11  7.54472716e-11  7.62436635e-11
    5.13055176e-10  6.31247159e-11  4.03954925e-13  7.27501338e-11
    4.08082859e-11  4.40069161e-10]
  [ 1.37439997e-12  5.06619294e-13  5.61399614e-15  3.01991794e-13
    2.93926103e-12  1.19677957e-12  1.19378919e-12  2.61913264e-14
    7.74875769e-13  7.73824169e-12]
  [-2.24548203e-03 -3.62439707e-04 -6.05624835e-05 -4.03840150e-04
   -1.03547616e-01  3.13429488e-01 -5.36036445e-04 -1.62215992e-04
   -1.28841919e-04 -1.22031204e-04]]

 [[ 9.59470795e-11  1.54601440e-09  1.18157115e-10  6.84054771e-11
    1.71404925e-11  4.37539502e-11  2.46308356e-11  1.20898489e-12
    1.11863149e-10  6.82087716e-11]
  [ 6.62938033e-12  1.64846050e-13  2.80900293e-12  4.07374811e-13
    9.05497604e-14  1.97292555e-12  2.16182989e-13  1.53772722e-12
    1.16883895e-12  4.16100882e-13]
  [-2.23205848e-04 -2.99222288e-04 -8.00945378e-05 -7.55729187e-05
   -2.17839171e-05 -1.48881189e-04 -1.23197671e-04 -1.21246283e-04
   -3.37147791e-05 -1.50535837e-04]]

 [[ 1.10946221e-08  1.95512947e-08  7.95771083e-08  1.83632407e-09
    8.70681058e-09  9.59773376e-10  7.76835741e-09  1.88634338e-08
    3.63365469e-09  7.78850124e-09]
  [ 3.20202676e-10  1.21283051e-09  8.28338833e-11  6.36832960e-11
    1.48523212e-10  2.99075954e-11  8.24163723e-11  6.66404968e-09
    1.31242905e-12  1.32267248e-10]
  [-1.10858904e-02 -7.62924368e-04 -7.32808666e-04 -1.79484175e-02
   -2.82070854e-03 -5.24681889e-03 -4.54315436e-04 -7.69209083e-04
   -3.23980114e-02 -1.29975638e-03]]

 [[ 5.06722410e-07  1.31483084e-08  8.10296094e-08  1.95129196e-09
    7.63810774e-08  3.58025707e-08  4.58814679e-07  8.98680054e-08
    1.16736581e-08  6.90694385e-08]
  [ 8.35535063e-10  4.05559663e-11  1.48653235e-09  1.72440251e-11
    3.58547704e-11  3.21458187e-09  1.88789514e-10  4.22882686e-11
    4.35479934e-10  2.84869482e-11]
  [-2.37346817e-03 -3.74233886e-03 -7.37856865e-03 -3.75042851e-04
    1.86646067e+00 -2.87242571e-03 -3.21528560e-02 -1.98207458e-02
   -3.85303013e-02 -1.01943352e-02]]

 [[ 2.11244225e-08  2.17040604e-09  1.37734410e-08  1.46845580e-11
    7.76467198e-17  5.72759269e-09  2.18037762e-08  3.25129620e-09
    4.70156298e-08  1.51275125e-11]
  [ 2.11187942e-10  8.77087751e-11  1.72791573e-11  2.85691335e-09
    4.51896440e-14  3.28217691e-10  1.12171223e-09  6.79811703e-10
    1.45013382e-10  2.14603750e-10]
  [-9.31376928e-03 -1.45466284e-04 -2.88910667e-02 -2.55085743e-03
   -2.71673450e-03 -1.04305837e-03 -1.20174698e-02 -2.85769112e-03
   -1.24528486e-03 -5.30657841e-03]]

 [[ 3.30807656e-07  2.38790334e-08  3.74774398e-08  2.61200498e-07
    1.56937206e-07  1.91832023e-07  3.64344364e-08  2.51267732e-07
    5.61033589e-08  3.53246052e-07]
  [ 1.10460803e-09  1.67289797e-08  4.98357869e-10  3.49355207e-10
    1.99076324e-09  2.75354142e-09  1.51749432e-09  6.43884898e-09
    3.41862883e-10  1.10790357e-09]
  [-8.47426693e-03 -2.36857279e-02 -2.62157307e-03  1.26377509e+00
    2.58036124e-01 -5.62967751e-02 -6.00959219e-02 -9.45209412e-02
   -1.97314127e-03  3.81722722e-01]]

 [[ 3.79943755e-11  4.11636183e-10  7.28477727e-08  7.69449543e-09
    5.01973609e-08  1.11923193e-08  1.26395011e-06  5.52490018e-08
    5.46231650e-07  4.09034312e-08]
  [ 1.93265555e-09  6.62583675e-11  7.09220574e-10  2.09124086e-08
    8.08403045e-13  4.15844255e-10  6.93068340e-09  3.31294855e-10
    6.75376782e-10  2.38429092e-10]
  [-1.89753550e-02  1.29174473e-01 -2.27016520e-05 -6.42507171e-03
   -6.39044054e-03 -7.09522870e-02 -1.75622042e-02  7.46916500e-03
    4.40610235e-01 -1.45262158e-02]]

 [[ 2.56086641e-08  2.62161002e-07  3.26993987e-10  2.09922896e-07
    8.11518679e-08  3.61941626e-07  8.14705382e-08  2.55155172e-08
    4.54670655e-08  4.14891424e-07]
  [ 3.83712107e-09  3.76404844e-10  5.81393124e-09  4.23349835e-09
    4.20815638e-10  1.11185657e-09  2.65128080e-10  7.34471724e-10
    6.41738489e-10  9.03165931e-10]
  [-3.92174843e-03 -5.18398450e-03  6.41678834e-02 -1.47790394e-01
    1.98967559e+00 -6.61287851e-04 -3.36995733e-02 -1.98145493e-02
    6.95406699e-02 -1.94303025e-03]]

 [[ 4.58079527e-07  4.91156846e-07  3.45442901e-07  1.11160353e-07
    2.77490116e-07  7.49439507e-07  1.41627278e-07  2.13703685e-07
    6.66620559e-07  4.10934669e-07]
  [ 1.83586815e-08  2.60330827e-08  1.11934299e-10  1.56978293e-08
    1.58319854e-09  1.21254060e-08  4.16787438e-15  1.39567104e-08
    7.96365854e-10  1.87639023e-11]
  [-8.33477554e-03 -2.27597081e-03 -3.68655261e-02 -4.42678814e-07
    5.86746026e-03 -5.04559619e-03 -7.62717975e-03 -4.33910236e-04
    2.59961732e-01 -1.30274389e-02]]

 [[ 5.04938398e-07  1.01569664e-09  6.27106133e-07  1.05135779e-10
    3.44862103e-07  1.66750964e-06  9.11391751e-08  1.40357919e-06
    3.20747130e-08  9.08501795e-08]
  [ 4.52395111e-08  5.12149250e-09  1.37137076e-09  1.52568191e-08
    1.01774665e-08  1.37912589e-09  2.77986348e-08  3.20354453e-09
    2.11162998e-09  1.91958941e-08]
  [-2.83376136e-02 -1.95488862e-01 -1.60207258e-03  1.30755600e-01
   -2.75308449e-02 -7.94044693e-03 -2.79159747e-02 -7.26980946e-03
   -1.72932607e-03 -3.14943355e-04]]

 [[ 2.20239215e-06  1.14446485e-07  2.26075700e-06  2.01092876e-08
    1.85368587e-08  1.62544985e-06  2.95367997e-07  9.15608781e-08
    9.33808616e-07  7.67624996e-07]
  [ 2.71602263e-08  1.56578641e-09  1.43509998e-09  4.37373896e-09
    9.52651907e-09  1.42942208e-09  9.51471467e-11  1.48808552e-09
    2.77929974e-09  1.00825294e-09]
  [-1.62968182e-01  5.69595125e-01 -1.53785951e-02  1.32323479e+00
   -1.29003433e-02 -1.82487823e-02  6.28717549e-01 -5.99511514e-03
    1.00532893e+00  1.00988527e+00]]

 [[ 2.17021582e-06  1.53496472e-07  1.34311380e-06  1.17319761e-07
    8.10643432e-06  4.74772320e-06  3.93412911e-06  2.19132880e-07
    2.05833896e-06  4.58195603e-07]
  [ 9.21324265e-08  2.13673306e-07  1.58463816e-07  1.23711924e-08
    9.82211084e-08  6.71930198e-09  4.58564811e-10  1.01412885e-07
    4.56028559e-09  1.39062244e-08]
  [ 4.41674624e-01 -9.47567309e-02 -3.95805524e-02 -1.54855072e-01
   -2.91057375e-02  1.10838435e-02 -4.08214347e-02 -2.19803937e-02
   -3.40915965e-02 -2.29366597e-02]]

 [[ 4.16911041e-07  1.43013549e-07  4.49522807e-06  3.72802416e-06
    1.59527352e-06  2.67685210e-05  2.87715339e-07  3.93461599e-07
    2.49854009e-05  9.60329519e-06]
  [ 4.64623085e-08  5.55504866e-10  1.10174654e-07  2.07534659e-07
    6.86121393e-08  8.71853509e-11  2.84940977e-08  6.82394842e-08
    2.88935039e-08  4.38529616e-08]
  [-3.42168171e-03 -3.22401051e-03  3.48908628e+00 -2.31847247e-03
   -2.42927877e-02 -1.98022680e-02 -2.47868179e-02 -2.42206022e-02
   -1.76564591e-02 -8.37604237e-03]]

 [[ 4.65597145e-07  5.42374795e-06  7.35968655e-07  5.26806361e-08
    5.61014405e-07  9.04348114e-06  1.36189297e-09  2.01528103e-07
    4.72734587e-06  1.43774109e-07]
  [ 2.94237688e-08  1.05028640e-08  2.75612620e-09  3.06220502e-09
    1.29340994e-07  1.20683634e-08  5.06469492e-10  2.74675196e-10
    5.27790325e-13  2.24776310e-11]
  [ 1.31887655e-01 -4.83109773e-02 -7.26222277e-02 -8.27924365e-03
   -2.42827250e-01 -1.89176740e-01 -1.39405246e-03 -1.29037719e-03
   -1.17430930e-03 -2.61597021e-03]]

 [[ 1.54332190e-06  1.84072929e-08  1.07635981e-04  2.34114194e-06
    6.16549217e-05  8.88685289e-06  1.67252112e-05  4.01337243e-05
    3.12885695e-05  8.63829640e-06]
  [ 1.54831712e-09  1.88575988e-08  4.83936398e-10  3.40346859e-08
    9.74107238e-07  1.34866558e-08  9.93138937e-08  2.64729813e-07
    2.39423843e-07  2.68846082e-07]
  [-7.96499918e-02 -3.10088201e-02 -7.62061676e-02 -1.89203524e-03
   -8.05443444e-02 -6.65276900e-02 -2.46094184e-02 -4.13583483e-02
   -1.04524887e-01 -4.33758304e-02]]

 [[ 3.86969535e-05  5.00139024e-05  5.57249286e-05  1.44581832e-07
    2.41046125e-05  3.80666364e-06  3.03939726e-06  1.92140999e-05
    2.07427517e-05  3.82189896e-06]
  [ 3.16646456e-07  3.75363428e-11  2.07697423e-07  2.34805309e-09
    3.77862808e-09  1.75191812e-14  1.10662727e-07  1.40207379e-06
    6.89145917e-08  9.87175445e-08]
  [-5.11428708e-02 -1.97070046e-01 -1.51449831e-02 -1.47833179e-02
   -2.40790802e-02 -2.18742445e-02 -6.50500557e-03 -7.32134649e-02
   -3.54148424e-01 -6.18967100e-02]]

 [[ 7.47478492e-08  1.01307550e-05  2.63602396e-06  2.77892927e-06
    9.98627566e-07  5.02126995e-05  1.19903485e-07  7.48451385e-06
    7.22437199e-06  2.05032533e-05]
  [ 6.21138305e-10  1.34421340e-07  3.82619469e-10  8.03280684e-08
    4.95269505e-08  8.81126666e-07  3.12167733e-07  9.44993319e-08
    2.09048409e-09  1.41611558e-07]
  [-5.94863139e-02 -3.55943691e-02 -1.01868396e-01 -7.59886239e-02
   -1.15286410e-01 -1.92173915e-01 -1.05810786e-02 -4.09304914e-02
   -2.95744183e-02 -1.31388248e-02]]

 [[ 2.42044621e-10  1.48553861e-10  1.45182894e-10  5.52570956e-10
    2.16978507e-10  1.86250293e-09  3.36268325e-11  4.26303162e-10
    2.41848573e-10  8.08440485e-13]
  [ 4.41064742e-14  2.20911507e-13  6.56034039e-13  4.85803195e-12
    3.18839123e-12  8.10169096e-13  9.87354285e-13  4.77648734e-13
    6.31669601e-14  6.49723597e-13]
  [-1.12789131e-01 -6.49799953e-05 -9.26805405e-04 -1.79844905e-01
   -6.46910290e-05 -2.97812889e-03  2.55109326e-01 -5.51823704e-04
   -3.62771160e-02 -9.64428214e-05]]

 [[ 2.93948670e-11  1.25208199e-11  1.32874793e-10  1.92464990e-10
    1.66089548e-10  6.51786667e-11  1.35342408e-11  1.70516752e-10
    1.14316401e-11  4.57847808e-11]
  [ 2.11875189e-13  3.09453679e-12  1.17623749e-11  2.35497624e-12
    3.83302905e-13  9.56780801e-14  1.77284954e-12  1.33594176e-12
    8.37140830e-13  2.16422422e-14]
  [-1.02115068e-05 -3.88583465e-03 -9.28086373e-05 -6.17428209e-03
   -1.05088558e-04 -1.02104726e-03 -5.92929185e-05 -3.88596838e-04
   -2.35843752e-02 -4.28798327e-05]]

 [[ 1.56462394e-10  3.57127729e-11  3.11746040e-10  8.87378745e-11
    7.25302652e-10  1.88111283e-11  5.89664660e-11  3.02264038e-11
    1.49640471e-10  4.87840430e-11]
  [ 9.60091956e-13  4.23948887e-12  3.18414199e-13  1.99457834e-14
    4.54407437e-12  5.04543934e-12  1.37149498e-12  5.27946682e-12
    4.59495091e-14  2.08314830e-13]
  [-2.21202930e-05 -7.61805634e-05 -7.03546750e-05 -4.40737627e-03
   -3.16675573e-05 -6.92088225e-05 -1.94835783e-02 -7.07532093e-02
   -7.26494178e-04 -6.33033488e-05]]

 [[ 4.90839503e-08  3.95825426e-08  1.32753351e-08  6.27393117e-08
    8.45706301e-08  5.75232475e-08  4.05599850e-08  7.02577202e-08
    9.99808004e-08  4.76375905e-08]
  [ 1.40955929e-10  9.78474822e-10  4.45123548e-10  1.06927694e-09
    1.13280831e-09  3.05914857e-11  1.64529602e-10  1.82271611e-09
    1.40722712e-11  8.58517378e-11]
  [-1.63374171e-04 -2.29274808e-01  7.15883031e-02 -2.81898868e-03
   -1.74648788e-02 -3.26259586e-04 -1.03546382e-03 -3.98379718e-04
   -3.73214147e-01 -5.75590308e-03]]

 [[ 2.21400536e-08  1.52596128e-08  1.13805902e-09  2.25760695e-08
    6.77771220e-09  4.66219650e-09  1.99016981e-08  1.10222848e-07
    2.30665597e-08  1.69396989e-08]
  [ 4.29316259e-10  6.41739869e-10  1.17484026e-09  1.68816976e-11
    4.68356349e-11  6.33397060e-10  5.17952973e-10  2.32291770e-09
    4.63967340e-09  2.38503316e-10]
  [-8.88357259e-02 -2.06456893e-02  8.58563181e-03 -1.04878714e-04
   -8.87960740e-04 -2.85973292e-01 -1.05126254e-02  6.41678833e-02
   -2.51450757e-04 -5.16769119e-02]]

 [[ 1.34457641e-09  3.88453231e-09  5.36614586e-08  1.61493151e-09
    6.02681217e-08  3.83112111e-07  7.58366943e-09  8.32003329e-09
    1.61324357e-08  2.37395151e-08]
  [ 2.43711746e-11  1.44028799e-10  2.23509431e-09  9.95121918e-12
    1.80647493e-09  1.94229807e-10  2.91327281e-10  1.09221864e-09
    4.51862813e-09  3.22860563e-11]
  [-1.14444016e-01 -1.03199461e-02 -4.26955405e-02 -2.97767759e-04
   -2.19411647e-02 -9.82162781e-03 -1.29016966e-02 -2.08002254e-01
   -2.91964543e-03 -1.14932405e-02]]

 [[ 6.40741562e-08  1.42787222e-07  3.84100986e-07  2.79152962e-07
    6.25410167e-07  4.24092607e-08  1.29037663e-07  2.11616418e-07
    9.56517633e-08  1.23423927e-09]
  [ 3.11621300e-09  7.01786063e-09  2.93205483e-09  9.31913939e-11
    8.68410325e-10  6.29783049e-10  1.85600360e-08  6.18893541e-11
    1.30120703e-08  1.29623608e-08]
  [-3.53152536e-04 -2.57368971e-02 -3.28549236e-02 -8.08932347e-02
   -4.86497849e-03 -5.62886820e-04 -8.65833198e-04 -6.40517468e-02
   -2.99500914e-02  7.46916212e-03]]

 [[ 9.92620065e-07  7.07600870e-09  4.47997088e-08  5.11809533e-09
    5.19131543e-08  7.18487805e-08  2.55329042e-08  1.66534173e-07
    1.25574976e-07  2.45548443e-08]
  [ 1.24238676e-08  5.83774631e-09  3.05643531e-10  4.38291098e-10
    6.38323183e-09  6.41899553e-10  2.73300619e-09  1.04151301e-09
    4.62313523e-09  8.31050707e-09]
  [-8.09814471e-02 -5.54645950e-02 -1.36248640e-01 -2.28893722e-02
   -1.64178438e-02 -6.77098344e-03 -3.50292546e-02 -3.37291738e-02
   -3.07144869e-02 -7.71917030e-03]]

 [[ 5.64516723e-08  2.41286817e-08  5.48862524e-08  7.03353020e-08
    2.82605279e-06  2.15553566e-09  1.30360011e-07  5.39390789e-09
    1.56707720e-07  1.19053194e-06]
  [ 7.76444836e-13  9.06321362e-09  1.84474030e-09  1.85826047e-09
    2.57308684e-12  4.79674869e-09  7.81643674e-10  2.52445319e-10
    5.51331711e-11  2.07539582e-09]
  [-8.37050874e-04 -2.99862583e-03 -1.76541130e-02 -1.23236280e-01
   -6.35454259e-03 -9.99728174e-05 -3.35254869e-02 -1.26432865e-03
   -2.78649233e-03 -1.02088914e-01]]

 [[ 6.80110849e-08  7.14562494e-07  2.78344664e-06  3.52529583e-07
    4.34362193e-06  3.17296252e-06  1.72079203e-06  1.48588481e-08
    9.54575681e-08  3.00314371e-08]
  [ 6.50393335e-09  4.42559920e-09  6.08565778e-09  2.41565736e-09
    4.82179767e-09  1.43740636e-08  8.03774290e-09  5.83620807e-10
    7.59596214e-09  2.50287903e-08]
  [-9.82836147e-04 -1.46096076e-02 -2.56709745e-02 -2.42353682e-03
   -7.50344290e-03 -3.80535227e-04 -5.55911396e-02 -1.70295392e-02
   -5.94710657e-02 -1.37390619e-03]]

 [[ 3.04444871e-08  1.46536785e-10  2.14206857e-07  1.85552820e-07
    3.83506544e-07  1.10528954e-08  5.78360081e-07  7.58688586e-07
    2.27935719e-08  3.16326881e-07]
  [ 1.67396686e-10  6.67154549e-09  4.48536633e-09  2.09931767e-10
    8.24776972e-09  2.13274219e-08  3.66790254e-09  2.21527235e-08
    2.40861008e-08  7.23777663e-10]
  [-2.05949964e-01 -7.66725652e-02 -6.72012889e-02 -4.29307365e-02
   -6.73111211e-03  7.38165279e-03  1.46243413e-03 -2.85975838e-02
   -5.30323403e-03 -2.98955022e-01]]

 [[ 7.13458623e-08  4.84802071e-07  1.97275250e-06  6.22767627e-08
    1.97251691e-07  6.06192581e-09  1.66686110e-06  1.09055718e-06
    3.36249586e-07  4.85189265e-07]
  [ 8.27109648e-09  3.12930045e-09  1.08738199e-11  8.08819604e-10
    3.14222106e-09  1.58666468e-08  1.78424920e-10  1.46325700e-08
    6.85262441e-09  7.22988555e-09]
  [-3.96303416e-03 -4.75620722e-02 -3.05810294e-01 -2.27662987e-01
   -2.03464390e-03 -5.50373894e-02 -3.55339076e-03 -4.28796359e-03
   -1.47051138e-02 -1.14152597e-02]]

 [[ 2.13045433e-06  1.29848026e-06  4.40688321e-07  8.77914896e-06
    1.00945436e-05  2.29568832e-05  5.83325956e-07  1.08698437e-06
    7.76989446e-07  4.40413968e-06]
  [ 6.53272106e-08  4.50507585e-08  3.27590499e-08  3.34394048e-08
    2.43468070e-08  4.50343674e-07  7.86940732e-08  2.05888742e-08
    5.43905007e-08  2.93292098e-10]
  [-2.12528203e-01 -1.73918104e-01 -1.55802573e-01 -1.57917789e-01
   -1.87133516e-02 -2.00028918e-02 -1.21548743e-02 -7.52586796e-03
   -9.82957634e-04 -2.09041855e-02]]

 [[ 7.26653277e-07  5.87204038e-07  1.35065393e-05  5.56703861e-07
    2.28168954e-07  6.23937303e-07  8.74679761e-08  1.97840687e-07
    1.90821390e-07  3.89011210e-07]
  [ 1.40720954e-07  7.33012899e-09  2.17881889e-08  5.66318678e-09
    6.68268009e-08  1.93704937e-08  4.68354822e-08  1.30536886e-08
    1.88480647e-07  2.09852038e-08]
  [-7.37381085e-02 -5.28827889e-02 -9.19777682e-02 -6.33969204e-03
   -2.59964832e-02 -1.09258070e-01 -1.86241904e-01 -2.00652934e-03
   -2.07832108e-02 -9.51674686e-02]]

 [[ 4.81057524e-09  4.98988580e-06  2.32971017e-06  3.49841994e-08
    2.46273151e-05  2.30479667e-05  9.99423563e-08  2.42634806e-06
    5.34881396e-07  3.58493283e-08]
  [ 2.31243952e-08  3.82342032e-08  9.63015486e-08  6.73518552e-09
    1.60011706e-09  1.74199365e-08  1.13852940e-08  8.88423414e-08
    1.30600784e-07  7.08440278e-08]
  [-4.28301583e-03 -6.44214717e-02 -6.79952900e-02 -5.52732534e-05
   -3.38714898e-01 -6.65987083e-02 -7.72811376e-02 -1.05478590e-01
   -3.99574935e-02 -3.91748169e-02]]

 [[ 6.21073986e-08  1.52137252e-05  1.86891262e-05  1.31502656e-05
    3.83922449e-05  1.42650117e-06  7.70649831e-06  6.33060140e-06
    2.28693512e-05  2.04507494e-07]
  [ 3.97893467e-09  3.96927196e-08  1.07395516e-06  2.17093905e-08
    2.80665842e-07  2.69205538e-06  2.24764982e-07  1.44723696e-06
    5.32969953e-07  5.04658362e-06]
  [-6.91041807e-02 -2.95491243e-02 -1.66989851e-01 -7.05729651e-02
   -4.26948200e-02 -2.42335678e-02 -1.45093959e-01 -6.69315300e-04
   -1.07602305e-02 -2.60395208e-02]]

 [[ 1.10751589e-05  4.19988851e-05  7.72122647e-06  1.93646368e-05
    4.24114945e-06  2.03895160e-05  2.32931322e-05  2.12389142e-05
    5.70362902e-05  3.21207519e-07]
  [ 1.32632781e-07  2.71987449e-06  1.20145852e-08  2.32012671e-07
    3.16667236e-08  4.52140804e-07  5.06821901e-07  5.09045149e-07
    1.36311815e-07  3.38190841e-07]
  [-1.15378551e-02 -1.01787903e-01 -2.06857235e-02 -8.43439028e-02
   -1.47542840e-01 -9.59702918e-02 -1.07674285e-01 -6.12853662e-02
   -1.22353441e-01 -5.83180284e-02]]

 [[ 4.90224397e-06  1.08196909e-06  2.95932981e-07  1.13835084e-05
    7.37219537e-06  7.38614598e-07  2.23715517e-06  1.80695296e-05
    4.39369064e-06  1.75712605e-05]
  [ 5.11433391e-07  2.74068275e-08  2.57489576e-07  1.19864356e-08
    7.29599983e-07  1.45948858e-07  2.76415784e-07  5.45819597e-07
    2.55310390e-07  2.68975029e-07]
  [-4.82609406e-03 -8.86157581e-02 -1.20646389e-01 -8.06415436e-02
   -3.93847106e-02 -8.46122512e-03 -4.04466397e-04 -4.21103258e-02
   -6.33605051e-02 -4.62884325e-03]]

 [[ 3.19529492e-10  1.28945747e-09  1.57181672e-12  1.26382762e-10
    3.67806583e-13  9.98107163e-12  2.02740909e-10  4.61901714e-10
    6.66526131e-11  7.91788218e-10]
  [ 7.37754430e-13  4.59139553e-12  1.11856762e-12  1.08791943e-12
    1.44003513e-11  3.02184169e-12  6.34527594e-13  1.13964923e-12
    2.52557028e-12  1.07260722e-11]
  [-6.02531217e-05 -6.86344917e-05 -7.43811449e-04 -4.28599565e-04
   -2.95392189e-04 -3.24255239e-04 -1.63784554e-04  4.43760493e-01
   -9.86554778e-05 -2.91286806e-03]]

 [[ 8.79231045e-10  9.74019462e-11  4.58427173e-11  4.99516594e-10
    6.47344312e-10  3.79891864e-12  1.70230230e-10  1.65709978e-10
    2.19974250e-10  7.49742250e-11]
  [ 4.16437245e-13  1.31151490e-12  1.90837008e-12  1.88798977e-14
    1.19557695e-13  6.38034023e-14  2.46684309e-14  3.19297364e-14
    2.07143328e-14  2.94026704e-12]
  [-6.13076058e-04 -2.24566039e-04 -6.24219040e-05 -2.47743905e-04
   -2.85345643e-04 -1.78950627e-04 -3.37576228e-05 -1.18685814e-03
   -8.51237520e-02 -7.82404023e-04]]

 [[ 1.02286184e-11  4.54534322e-11  7.62274746e-11  1.79126615e-11
    1.88204792e-10  2.57003827e-10  1.16617473e-11  4.14050472e-11
    5.49857134e-12  4.98036543e-11]
  [ 2.89162155e-13  1.89531575e-11  3.12825311e-13  5.27477978e-13
    3.21944377e-13  1.90092641e-12  4.86406453e-13  5.02559677e-14
    4.22073127e-12  1.78770232e-12]
  [-6.75680635e-04 -3.68748608e-02 -9.64298993e-05  2.56716847e-01
   -5.75979232e-04 -2.11591497e-04 -3.45430935e-04 -1.44036401e-03
   -1.30911154e-05 -2.14188406e-04]]

 [[ 4.53219213e-08  4.74741154e-08  4.60943093e-08  2.59974556e-09
    6.90582552e-09  5.64788666e-10  2.30601080e-09  4.92337771e-08
    3.44632332e-07  5.18668659e-08]
  [ 1.30061225e-10  1.28179720e-09  9.20841916e-10  3.80572902e-11
    1.69081386e-09  4.72087929e-10  2.58826731e-09  1.84963849e-09
    9.77317706e-12  9.02247394e-12]
  [-3.35173695e-03 -2.03144642e-01  4.44755340e-01 -1.43433110e-02
   -1.05757349e-02 -3.36570469e-03 -2.24889191e-03 -6.55369892e-03
   -4.19650905e-03 -2.04589710e-02]]

 [[ 2.79808902e-07  4.28663854e-09  3.96923819e-09  1.46008894e-08
    1.73608438e-09  1.04785140e-09  6.71441342e-09  3.30643767e-09
    1.38979374e-07  1.20783601e-08]
  [ 1.84199116e-09  2.48794994e-09  1.43911809e-12  2.98978775e-10
    9.25584241e-11  1.93156149e-11  1.16719854e-10  1.42483002e-09
    5.00306684e-11  3.30822937e-13]
  [-3.17016960e-03 -2.61126084e-02 -9.57836565e-04 -1.27071424e-02
   -1.10716766e-02 -1.55037021e-02 -4.27538667e-03 -1.83830181e-03
   -5.40370248e-04 -3.95540475e-03]]

 [[ 3.53311983e-08  2.48270361e-10  2.34947969e-08  2.29917635e-08
    2.85262764e-08  8.18354166e-08  1.72309102e-08  3.67225256e-09
    1.71780291e-08  3.99978841e-10]
  [ 3.22709586e-13  2.23560058e-11  3.20443610e-10  5.30977332e-10
    3.82768502e-11  1.90118741e-09  2.33914211e-12  7.80974312e-12
    3.39213812e-10  1.74716925e-11]
  [-1.24353106e-02 -1.11695208e-01  3.24060778e-01  6.92386345e-01
   -1.13194305e-04 -3.98168484e-04 -6.51185478e-03 -5.74889140e-03
    5.70729481e-01 -4.21445796e-03]]

 [[ 5.06119353e-08  8.17696782e-08  2.12126564e-07  2.95996495e-07
    7.32209383e-09  2.17127697e-07  1.59910667e-07  3.52742987e-07
    1.44594947e-07  3.84516354e-10]
  [ 2.89029323e-11  5.30289609e-09  2.26720959e-09  4.58079961e-09
    1.07350703e-09  1.13818353e-08  4.73424532e-10  6.51986672e-10
    1.58676786e-09  3.30945978e-10]
  [-4.91419801e-03 -8.46388834e-03 -3.60267730e-02 -3.15856237e-04
   -9.77029151e-03 -8.34042633e-03 -1.10551376e-03 -1.24098590e-02
   -1.60882473e-03 -1.51172926e-02]]

 [[ 5.15621052e-07  1.36107456e-07  8.17299375e-07  1.17475809e-07
    5.54009888e-08  2.00257326e-08  1.56502602e-07  2.99517462e-08
    1.95467739e-08  5.04057006e-09]
  [ 1.08530214e-10  1.74156733e-09  6.66617443e-10  1.18359882e-10
    1.19739993e-08  5.86227381e-10  4.69085177e-10  1.08043997e-09
    5.97481220e-10  3.17041095e-09]
  [-9.33165812e-03 -1.70948990e-02 -1.81524744e-02 -4.99557985e-02
    3.20219780e-01 -4.64530897e-03 -2.09353016e-02  5.12462042e-01
   -3.63030166e-02 -5.37386371e-02]]

 [[ 6.72657628e-09  5.53857516e-11  4.50868222e-09  8.18724113e-09
    2.86743550e-09  1.17395043e-06  1.34664869e-07  5.85601975e-08
    4.99629118e-08  1.18392703e-07]
  [ 9.31044627e-10  1.10817982e-10  1.81378392e-13  1.41705904e-10
    2.33321758e-10  9.40584125e-09  3.37013644e-10  3.49571225e-09
    1.92732142e-10  1.08253041e-09]
  [-2.41719921e-02 -6.20148206e-03 -1.03508507e-02  3.85096105e-01
   -3.17074294e-03  5.08049265e-01  1.34912554e-01 -1.43204024e-02
   -4.81811341e-03 -1.00148283e-01]]

 [[ 3.01302703e-09  6.05484429e-08  2.63767586e-07  3.41888061e-07
    7.49307721e-08  1.44025140e-06  1.03762610e-06  1.02149279e-07
    9.09123479e-07  1.73482558e-07]
  [ 1.04663686e-09  3.37748783e-08  8.20910605e-09  1.56771038e-09
    1.78728402e-08  1.29336310e-08  1.59741290e-08  1.64852139e-10
    7.62288373e-09  2.53807769e-10]
  [-1.75319425e-01 -9.16993628e-02 -5.04172186e-03 -8.84484418e-03
   -4.10735779e-03  2.04490405e+00 -2.94257448e-02  3.76826038e-01
   -1.02665354e-02 -5.07967715e-03]]

 [[ 1.57024245e-06  4.22468684e-08  1.28078631e-07  6.48234759e-07
    1.82130043e-07  4.89633405e-07  3.79510527e-07  2.40678415e-09
    1.44511581e-07  4.02581159e-07]
  [ 1.87402261e-09  7.24862560e-10  1.21083477e-08  9.83140736e-09
    5.04640165e-09  2.53257698e-08  6.41617424e-10  2.74044203e-09
    3.43515761e-08  1.01026140e-08]
  [-4.07125004e-02 -3.31048279e-02  3.79545524e-01 -1.52407732e-03
   -5.84894795e-03 -1.43676298e-02  1.10838207e-02  5.66077095e-01
   -6.01926989e-03  6.78128962e-01]]

 [[ 2.77896824e-07  1.66458317e-08  1.32359692e-06  5.16767703e-09
    3.17147765e-07  4.46076749e-07  1.12576570e-07  4.88704633e-10
    6.67671523e-08  1.17484041e-06]
  [ 2.32152670e-13  4.76959306e-09  8.28856845e-10  3.60345937e-08
    1.07309462e-08  3.14140423e-09  6.80947125e-10  1.38684049e-09
    4.59416630e-10  1.08242763e-09]
  [-5.44383942e-02 -2.55597844e-03 -1.75767415e-01 -2.70113190e-02
   -1.32210500e-03 -4.84527089e-03 -6.31841896e-03 -4.34125090e-02
   -6.62624789e-03 -6.50621835e-04]]

 [[ 2.80799828e-06  1.41023196e-05  1.17473524e-05  1.32857320e-06
    2.99861808e-07  4.64076410e-07  1.50290309e-06  3.08082152e-07
    1.59224639e-05  5.00291066e-07]
  [ 4.32692914e-08  4.28841737e-10  9.28427494e-09  2.08367462e-08
    7.00938872e-08  4.84104795e-08  9.42867333e-09  1.52309758e-08
    2.63566379e-08  5.12946087e-09]
  [ 7.46916840e-03  1.96205765e-01  1.94043449e-01 -1.88718592e-02
   -2.60150059e-01 -2.98180346e-02 -3.13245324e-02 -2.11183677e-03
    3.81090701e-01  7.46916089e-03]]

 [[ 7.79967577e-07  7.85892721e-06  3.91053809e-07  2.31144470e-06
    5.65287661e-07  1.61411237e-06  6.06073402e-07  1.54009484e-07
    2.27148085e-06  2.52807666e-09]
  [ 7.18506343e-08  2.58719863e-08  5.45988899e-08  9.91892283e-09
    2.24425725e-14  3.89042517e-09  1.27911785e-08  4.76295547e-09
    6.26546257e-09  1.46866869e-08]
  [-4.35225783e-04 -1.97123773e-02 -3.05213646e-03 -5.70966798e-03
   -6.56383685e-02 -6.05544978e-02  1.32249662e-01 -6.54598069e-03
    5.68012518e-01 -2.02873374e-02]]

 [[ 1.24073813e-06  1.50646365e-05  3.28589890e-06  1.93645789e-06
    7.31191019e-06  1.57384512e-06  2.53672598e-06  2.57400266e-06
    3.47903655e-08  3.91466680e-06]
  [ 1.14430840e-08  9.52856192e-08  2.18808160e-07  4.15317732e-09
    2.30673134e-08  1.27502263e-08  1.20862555e-09  2.41608635e-08
    8.73343590e-09  1.17342612e-08]
  [-1.59136748e-01 -6.71399128e-02  2.58159421e-01 -5.28319606e-02
    7.46916556e-03 -2.99362512e-02 -1.11775475e-01 -1.04766033e-01
   -7.68994234e-02  7.37561338e-02]]

 [[ 4.26901166e-06  5.98025404e-06  3.80135270e-06  6.25647876e-06
    1.48630563e-06  1.17346759e-06  1.26121604e-05  4.56681117e-05
    1.87562965e-05  1.70244420e-05]
  [ 3.35787960e-08  5.52739120e-07  1.88481251e-06  2.60249908e-07
    1.88906002e-08  1.05271714e-09  1.78248812e-07  7.85996652e-08
    9.02052372e-07  1.28404226e-06]
  [-3.84584318e-02 -8.32191653e-02 -9.29210128e-03 -1.94985947e-01
   -9.93588720e-03 -1.26954012e-02 -1.02992051e-01 -1.45411348e-01
   -2.43950537e-02 -1.31594875e-02]]

 [[ 1.11186924e-06  4.09473686e-05  7.99136764e-08  4.61627254e-05
    9.80877788e-07  3.08134677e-05  8.53252220e-06  1.21328880e-05
    5.43761312e-06  2.59642389e-05]
  [ 6.31766474e-07  4.88488027e-10  1.52239971e-08  2.34840398e-08
    2.19669853e-08  1.41748054e-06  9.09517008e-08  1.44142225e-07
    1.92771778e-07  2.95820918e-09]
  [-2.33659719e-02 -1.81314041e-02 -4.30193570e-02 -8.96599704e-03
   -5.73089176e-03 -8.30243596e-03 -5.07052203e-02 -5.91372471e-04
   -6.98048040e-02 -3.51070184e-02]]

 [[ 9.78018727e-06  1.83416645e-05  5.76798791e-06  1.46123452e-06
    8.15731999e-09  3.23968151e-07  3.10006664e-06  4.38000284e-07
    1.27991717e-05  3.30549318e-05]
  [ 4.10926910e-08  3.35458025e-07  1.24461568e-11  1.42046630e-06
    3.02752356e-07  9.46615796e-08  1.33479405e-08  2.53837710e-07
    9.26681887e-08  9.59599389e-08]
  [-6.91700383e-03 -2.49394717e-03 -2.55539837e-02 -2.85715953e-01
   -1.24924963e-01 -6.43409360e-02 -4.86895974e-02 -1.55218088e-02
   -1.39984133e-01 -2.45766783e-02]]

 [[ 1.57673255e-10  9.69726355e-11  5.65371008e-10  4.39565500e-12
    9.05744173e-11  1.55509060e-10  3.14429852e-11  2.81148692e-11
    6.71515620e-11  1.07405610e-12]
  [ 1.41105655e-12  2.39754297e-11  1.59137747e-13  7.30694933e-12
    3.35333344e-12  1.53755104e-12  2.65534660e-12  5.43577758e-13
    8.68301488e-12  1.66295752e-13]
  [-4.73676711e-05 -1.88941132e-04 -2.16462159e-01 -2.42370022e-02
   -1.53685790e-03 -2.70896747e-03 -7.17630117e-02 -4.27492131e-02
   -2.04808551e-01 -4.16207697e-04]]

 [[ 1.94101912e-11  6.88438921e-11  9.95250927e-12  8.40088421e-11
    4.78790180e-11  1.69742087e-11  6.66911062e-11  2.33299560e-10
    5.84024476e-10  1.06058859e-10]
  [ 9.47482182e-13  5.76089197e-12  4.01315637e-13  2.31619111e-14
    4.26924702e-12  3.41796971e-13  8.72871281e-14  4.45077011e-13
    4.60325079e-13  9.20044382e-13]
  [-6.57936722e-05 -2.68906137e-05  2.58165903e-01 -1.32272991e-01
    3.20378425e-01 -8.83428190e-04 -6.00792334e-04 -4.44682224e-03
   -1.67307541e-04 -7.34337465e-02]]

 [[ 2.33858953e-10  6.23221073e-12  1.15512355e-13  4.67039499e-10
    1.53495603e-10  9.59516138e-10  6.45513019e-10  5.99140291e-11
    2.74383855e-09  6.75695830e-11]
  [ 1.05461212e-12  6.40160895e-13  1.96906754e-12  2.96549389e-14
    9.55812649e-14  3.51808992e-13  2.31510287e-12  5.10664227e-13
    1.46139389e-12  5.78252313e-13]
  [-3.41769686e-02 -6.03893333e-03 -4.83034502e-04 -3.00828147e-03
   -8.90719727e-03  1.92953763e-01 -3.92784059e-04 -1.73694253e-04
   -7.96911805e-02  1.74040900e+00]]

 [[ 5.18292048e-09  2.04084300e-07  7.69302215e-08  3.82798876e-08
    2.23224791e-08  2.40385146e-08  2.98379872e-08  2.49866680e-08
    2.42735541e-08  6.60282240e-08]
  [ 2.40172470e-10  1.57672145e-10  2.10067358e-11  1.65689253e-10
    1.23904407e-10  1.28163659e-10  8.97505671e-11  3.46228981e-10
    3.00098886e-10  3.66922256e-09]
  [-1.07542543e-03 -1.21715778e-02 -1.54557029e-01  8.58562694e-03
   -2.88081508e-03 -2.04514065e-02 -3.08733382e-01 -6.39790748e-03
   -3.87072936e-02 -4.03125738e-03]]

 [[ 4.74251014e-08  2.76991855e-08  8.11275494e-11  1.08505466e-07
    1.97047140e-08  6.17667002e-09  5.10305253e-08  4.53659877e-08
    7.45698729e-09  9.38367521e-10]
  [ 9.84088019e-13  7.45259314e-10  5.46305587e-10  1.34461113e-09
    4.87812922e-10  4.58680653e-10  1.96189240e-10  5.58811369e-11
    1.07806514e-09  2.01620766e-10]
  [-1.56719685e-04 -4.48711202e-02 -1.68628662e-02 -1.17914034e-01
   -3.14465149e-02 -7.69770318e-02 -4.57708616e-03 -1.23347091e-01
   -2.68878265e-02 -1.57459232e-03]]

 [[ 4.31486929e-08  1.60369111e-07  1.50515339e-08  8.59311323e-09
    1.73399577e-09  5.59332452e-07  4.12335977e-08  1.75682635e-08
    7.01942292e-09  7.97204378e-09]
  [ 1.32873209e-09  6.58352422e-14  5.97908569e-11  4.32494506e-10
    1.10304851e-09  2.86130951e-10  9.59062641e-10  6.01710205e-11
    1.34258068e-10  7.94059362e-11]
  [-1.53868683e-02 -7.92959044e-03 -1.10396962e-03 -2.24579583e-02
   -7.94232886e-03 -7.82409816e-03 -4.28405962e-03 -7.47835787e-04
   -1.12828226e-03 -2.90398834e-02]]

 [[ 5.58559296e-08  2.30500656e-07  1.37552662e-07  4.41713833e-07
    2.18934966e-08  2.33136356e-09  2.10464933e-07  1.22669714e-07
    7.20960623e-08  4.37792578e-08]
  [ 9.10320424e-10  7.62175350e-10  6.43113781e-11  3.00551704e-09
    4.12217602e-09  4.65988864e-09  5.15181672e-09  7.25202837e-10
    7.22298051e-10  6.17118894e-10]
  [-1.88451603e-03 -8.36634636e-02 -7.96330255e-03 -1.14209375e-01
    1.34018004e-01 -1.97509890e-02 -4.55776179e-02 -1.54472946e-01
   -2.42933284e-01 -1.75802326e-03]]

 [[ 1.55246397e-07  1.95876641e-07  1.64900538e-07  6.16932419e-08
    9.16278185e-10  1.10514672e-08  9.27569392e-08  4.68938689e-09
    5.45093169e-08  2.17706175e-07]
  [ 3.39280014e-08  1.89478892e-09  2.31065292e-11  1.06503180e-09
    9.53195059e-09  8.21019448e-10  1.43456789e-09  1.50688187e-09
    1.11194393e-08  2.64952921e-09]
  [-3.38504724e-03 -2.40621360e-01 -1.93532838e-02 -7.56936608e-03
   -7.34404940e-02 -2.54288221e-02 -4.50628722e-02 -9.03911681e-03
   -1.55150535e-01 -2.89615185e-02]]

 [[ 5.00498072e-08  5.48347285e-08  3.55523271e-07  8.46319716e-09
    2.53967843e-07  6.47194395e-08  1.16930722e-07  8.74503451e-08
    1.50393304e-07  3.27577590e-06]
  [ 9.63643446e-11  1.73470278e-10  7.09075383e-09  4.53581069e-09
    6.74022966e-09  1.91883504e-08  1.24713614e-08  1.11905149e-10
    1.30730938e-10  1.84029409e-09]
  [-3.90518463e-02 -7.69756375e-03 -5.17600285e-02 -2.50593050e-03
   -8.35031609e-02 -5.75411624e-02 -4.88842519e-02 -1.36069844e-02
   -2.42157155e-01 -2.11119580e-02]]

 [[ 8.53841331e-07  1.55738281e-07  1.81063264e-07  3.21097899e-07
    8.38414132e-07  3.49240707e-07  4.71502631e-07  1.34292102e-07
    3.65694206e-07  1.58392614e-06]
  [ 2.52392633e-08  1.62375085e-09  1.23630569e-09  7.74277137e-09
    5.37062527e-10  3.50966220e-10  1.55302016e-09  1.38600141e-08
    1.69272619e-09  2.47518221e-09]
  [-1.32468428e-01 -6.83511306e-03 -9.35668105e-03 -1.65392881e-02
   -5.70074124e-04 -2.20392327e-02 -5.18756759e-03 -4.54292481e-01
   -2.04700907e-03 -2.16830121e-02]]]