[[[ 2.13107772e-02  6.47445423e-02  2.30753058e-02  4.50503041e-02
    2.09423112e-02  2.72989763e-02  1.53502746e-02  5.83212356e-02
    5.46241294e-02  4.09614865e-02]
  [ 3.00317124e+00  3.03294813e+00  3.00194635e+00  3.00075010e+00
    3.00244568e+00  3.00297430e+00  3.00090577e+00  3.00446790e+00
    3.01411873e+00  3.00242021e+00]
  [-1.03482328e+01 -8.15401837e+00 -2.74622011e+00 -2.74077906e+00
   -1.04018180e+01 -3.72134934e+00 -1.03137468e+01 -5.08121816e+00
   -1.00519153e+01 -1.02643639e+01]]

 [[ 5.99185877e-03  8.52023754e-03  5.74746470e-03  8.13756885e-03
    9.88621497e-03  1.10091927e-02  1.08350083e-02  9.82346924e-03
    1.07974479e-02  8.17145952e-03]
  [ 3.00403767e+00  3.00051399e+00  3.00125924e+00  3.00389935e+00
    3.00060296e+00  3.02852496e+00  3.00376724e+00  3.00609305e+00
    3.00641659e+00  3.00087883e+00]
  [-1.03737537e+01 -1.03992276e+01 -5.12564180e+00 -1.03860297e+01
   -5.08604139e+00 -1.03792296e+01 -1.03996455e+01 -5.08029810e+00
   -5.12782817e+00 -1.03406666e+01]]

 [[ 4.48854470e-01  6.60000192e-01  4.20499226e-01  6.05877843e-01
    1.85945871e-01  4.56662423e-01  6.16848438e-01  5.99025176e-01
    3.71142497e-01  1.26150821e-01]
  [ 3.01336821e+00  3.00373357e+00  3.49355816e+00  3.06600916e+00
    3.00635493e+00  3.13474183e+00  3.00039670e+00  3.00675445e+00
    3.06195154e+00  3.00408084e+00]
  [-9.84763711e+00 -1.00244297e+01 -6.66005799e+00 -3.63162461e+00
   -2.55963055e+00 -7.87849526e+00 -9.71855768e+00 -3.63448101e+00
   -9.47291837e+00 -9.33179818e+00]]

 [[ 2.96622214e-01  2.99281513e-01  9.47576668e-01  1.12482433e-01
    1.50324224e-01  7.33723684e-02  3.13205253e-01  5.63257378e-02
    1.57714271e-01  3.72815112e-01]
  [ 3.05689661e+00  3.01045729e+00  3.00209555e+00  3.00350381e+00
    3.03168089e+00  3.01351783e+00  3.01214907e+00  3.00726824e+00
    3.00383773e+00  3.00602497e+00]
  [-9.54804237e+00 -1.03232674e+01 -9.83058245e+00 -1.01079045e+01
   -1.01148644e+01 -1.01718583e+01 -8.86842442e+00 -9.25727250e+00
   -4.93249887e+00 -3.68603596e+00]]

 [[ 9.25278141e-02  1.87392920e-02  3.31096389e-02  1.30298481e-01
    1.05691683e-01  1.81530265e-02  6.37470337e-02  2.68880206e-02
    4.62407643e-02  1.28547695e-02]
  [ 3.02369118e+00  3.00658628e+00  3.00375586e+00  3.00129188e+00
    3.05685046e+00  3.04620815e+00  3.01786689e+00  3.00354148e+00
    3.00097354e+00  3.00188894e+00]
  [-3.72093248e+00 -1.03361414e+01 -1.03690492e+01 -1.03385627e+01
   -1.03235861e+01 -2.76475588e+00 -1.03400986e+01 -5.09724173e+00
   -1.03379026e+01 -1.02883599e+01]]

 [[ 4.96108363e+00  1.67090535e+00  1.00291703e+00  6.32086237e+00
    1.71792954e+00  1.56096757e+00  9.84242130e-01  3.19091578e+00
    9.61517318e+00  2.47873062e+00]
  [ 3.32152277e+00  3.08186699e+00  3.50071873e+00  3.55887108e+00
    3.51182360e+00  3.52882679e+00  3.54334164e+00  3.52863084e+00
    3.01243685e+00  3.44699821e+00]
  [-3.80665026e+00 -2.59354598e+00 -3.81769853e+00 -7.32137430e+00
   -5.86513487e+00 -2.59007211e+00 -7.27419407e+00 -9.68659173e+00
   -8.02045954e+00 -3.60543505e+00]]

 [[ 1.35767238e+00  7.07347740e+00  7.85833256e-01  3.48491153e-01
    5.94940640e-01  5.34917374e-01  4.68371450e-01  6.89035559e-01
    2.78397830e+00  6.23567526e-01]
  [ 3.23003767e+00  3.81226957e+00  3.10650858e+00  3.60176231e+00
    3.04255721e+00  3.29202580e+00  4.52262394e+00  3.55726644e+00
    3.08331813e+00  3.60364500e+00]
  [-1.00989021e+01 -3.56965813e+00 -3.68153201e+00 -8.04970588e+00
   -9.92134035e+00 -7.53863105e+00 -2.43063583e+00 -9.45475101e+00
   -8.94940709e+00 -9.73481234e+00]]

 [[ 2.76593902e-01  2.11594372e-01  1.83892585e-01  3.59556315e-01
    6.06514744e-01  6.28146492e-01  1.89260485e-01  1.33942648e-01
    8.44482395e-02  3.47886786e-01]
  [ 3.01034221e+00  3.02205710e+00  3.17973670e+00  3.04534567e+00
    3.00648846e+00  3.08441648e+00  3.01330402e+00  3.01907957e+00
    3.04868156e+00  3.03236145e+00]
  [-3.58960138e+00 -9.72703382e+00 -1.02556614e+01 -1.01546165e+01
   -3.66926193e+00 -8.52567260e+00 -1.02028785e+01 -8.68518030e+00
   -9.33037138e+00 -3.62604126e+00]]

 [[ 4.65595445e-05  3.10087524e-05  2.10471634e+02  6.96190391e-05
    4.77795258e-05  2.19308530e-05  1.49334401e-05  2.10394386e+00
    2.82169442e-05  1.70452523e-05]
  [ 3.00001001e+00  3.00001749e+00  3.00001094e+00  3.00000171e+00
    3.00000032e+00  3.00001132e+00  3.00000131e+00  3.00000825e+00
    3.00001272e+00  3.00000608e+00]
  [-3.72425342e+00 -1.83758699e+00 -3.72426073e+00 -1.83758901e+00
   -1.04028804e+01 -1.04026242e+01 -2.75192932e+00 -2.76589236e+00
   -2.76588748e+00 -1.04028239e+01]]

 [[ 2.59801985e-05  7.71124020e-06  2.29675045e-05  2.85781590e-05
    3.61778043e-05  5.46846384e-06  1.53977488e-01  3.88236618e-05
    8.55871243e-06  1.12997863e-04]
  [ 3.00000349e+00  3.00000357e+00  3.00000308e+00  3.00000275e+00
    3.00000162e+00  3.00000133e+00  3.00000417e+00  3.00000726e+00
    3.00000484e+00  3.00000100e+00]
  [-3.72427027e+00 -5.08765488e+00 -1.83758684e+00 -1.83758948e+00
   -3.72428614e+00 -1.04027747e+01 -5.12876696e+00 -1.04028315e+01
   -1.04028955e+01 -1.04027473e+01]]

 [[ 7.50461068e-06  9.72684766e-06  1.95495127e-05  2.61542868e-05
    1.58077677e-05  4.30919455e-06  3.01076034e-05  9.32960592e-06
    5.17034746e+01  8.25568331e-06]
  [ 3.00000100e+00  3.00000083e+00  3.00000071e+00  3.00000007e+00
    3.00000084e+00  3.00000182e+00  3.00000036e+00  3.00000047e+00
    3.00000489e+00  3.00000258e+00]
  [-2.76589730e+00 -2.76589041e+00 -2.76589345e+00 -3.72429913e+00
   -1.04028436e+01 -3.72429632e+00 -1.04028400e+01 -5.08766406e+00
   -2.75192928e+00 -2.76589059e+00]]

 [[ 2.69317897e-02  2.83537638e-02  1.00998145e-02  1.19408097e-02
    2.01922587e-02  1.33301546e-02  1.58687584e-02  1.26066632e-02
    2.02230031e-02  1.70855003e-02]
  [ 3.00373849e+00  3.01319943e+00  3.00025415e+00  3.00257827e+00
    3.00017264e+00  3.00194736e+00  3.00067531e+00  3.00020362e+00
    3.00757233e+00  3.00467835e+00]
  [-5.04327623e+00 -5.08630123e+00 -1.03886659e+01 -1.02924871e+01
   -5.08077127e+00 -1.02151212e+01 -5.01746062e+00 -1.03128228e+01
   -2.75833070e+00 -1.02546381e+01]]

 [[ 1.44225859e-02  4.08303594e-03  1.94360363e-02  2.79501465e-02
    2.33751403e-02  1.74675364e-02  2.00676829e-02  2.58570465e-02
    1.30576467e-02  7.27517866e-03]
  [ 3.00033053e+00  3.00331369e+00  3.00551917e+00  3.00289732e+00
    3.00354766e+00  3.00126761e+00  3.00090342e+00  3.00036763e+00
    3.00099210e+00  3.00165068e+00]
  [-1.03573737e+01 -1.03469007e+01 -5.06086707e+00 -1.03409977e+01
   -1.03168266e+01 -2.76363504e+00 -1.03855576e+01 -5.09523374e+00
   -1.02985020e+01 -5.06029692e+00]]

 [[ 1.24561441e-02  2.20485324e-03  3.68901679e-03  9.03571247e-03
    5.77237200e-03  2.97672467e-03  3.08808037e-03  6.64332726e-03
    5.77788378e-03  1.70408028e-02]
  [ 3.00410730e+00  3.00166920e+00  3.00009355e+00  3.00007633e+00
    3.00055212e+00  3.00182336e+00  3.00012559e+00  3.00062147e+00
    3.00037612e+00  3.00025821e+00]
  [-1.03523708e+01 -5.08387746e+00 -1.03512175e+01 -1.03673773e+01
   -1.03789854e+01 -1.03651688e+01 -1.03917843e+01 -1.03090107e+01
   -1.04000791e+01 -5.11507735e+00]]

 [[ 3.09431191e-01  6.43517334e-02  9.07936580e-02  2.49108025e-01
    1.01452398e-01  1.50796996e-01  1.69750665e-01  1.25280467e-01
    4.61470963e-02  6.58589425e-02]
  [ 3.01016894e+00  3.04230518e+00  3.05263165e+00  3.02192231e+00
    3.00510408e+00  3.03114352e+00  3.00168346e+00  3.01482019e+00
    3.08532946e+00  3.07469500e+00]
  [-9.43859829e+00 -9.93393549e+00 -5.01087105e+00 -1.02886223e+01
   -9.75552087e+00 -9.85833174e+00 -9.77561948e+00 -2.71975213e+00
   -4.95364471e+00 -9.84895480e+00]]

 [[ 7.79103913e-02  1.90994956e-01  2.62475702e-02  5.92613115e-02
    6.27637063e-02  4.87178088e-02  5.96937500e-02  9.40591455e-02
    9.81214765e-02  1.02880850e-01]
  [ 3.00257653e+00  3.04442411e+00  3.00102363e+00  3.01182158e+00
    3.00452824e+00  3.00210745e+00  3.00294743e+00  3.04035326e+00
    3.03418425e+00  3.01202375e+00]
  [-1.00618786e+01 -2.70013868e+00 -9.79442355e+00 -1.03072359e+01
   -1.01788417e+01 -1.00135610e+01 -1.01567147e+01 -1.01941111e+01
   -2.73139238e+00 -1.00354381e+01]]

 [[ 6.13321579e-02  2.14629468e-02  4.74464480e-02  3.57999613e-02
    5.77332773e-02  3.82941031e-02  3.51994587e-02  7.83032663e-02
    9.80803737e-02  4.45280899e-02]
  [ 3.00926041e+00  3.01084679e+00  3.00365572e+00  3.01951359e+00
    3.00461748e+00  3.00092935e+00  3.00144976e+00  3.00114826e+00
    3.00195508e+00  3.00199986e+00]
  [-2.75506893e+00 -5.08077640e+00 -1.02068430e+01 -1.83127446e+00
   -2.73551337e+00 -1.02796488e+01 -1.03036482e+01 -1.03343874e+01
   -1.02891593e+01 -1.01712995e+01]]

 [[ 2.15314313e-01  2.93442423e-01  2.92668084e-01  4.58255729e-01
    2.63151206e-01  1.61850778e-01  4.10187578e-01  9.98747976e-01
    8.05920635e-02  1.10070854e-01]
  [ 3.17755990e+00  3.01445128e+00  3.02600461e+00  3.01310510e+00
    3.03320827e+00  3.02197672e+00  3.03768957e+00  3.03343275e+00
    3.10948614e+00  3.13343992e+00]
  [-4.61146859e+00 -1.79793447e+00 -9.45301995e+00 -9.49185848e+00
   -2.73879030e+00 -9.19244708e+00 -3.81650369e+00 -8.78901404e+00
   -4.59532568e+00 -8.96518936e+00]]

 [[ 1.87606811e-01  2.09391690e-01  1.87590283e-01  1.33523030e-01
    1.87128431e-01  1.89317114e-01  7.91272426e-02  2.65148821e-01
    2.04901726e-01  2.44840719e-01]
  [ 3.15337648e+00  3.05758679e+00  3.08526930e+00  3.00278932e+00
    3.06184971e+00  3.03742671e+00  3.00409167e+00  3.02456228e+00
    3.18164000e+00  3.07566408e+00]
  [-8.19642845e+00 -1.01102742e+01 -2.70807283e+00 -1.03191173e+01
   -9.51837611e+00 -9.72591068e+00 -2.75912437e+00 -9.74032132e+00
   -9.77114450e+00 -9.87987138e+00]]

 [[ 1.68470026e-01  5.79643981e-02  5.20670038e-02  1.08761974e-01
    1.57012366e-01  1.23765475e-01  6.42134933e-02  1.41128767e-01
    7.28144342e-02  7.79434690e-02]
  [ 3.00004831e+00  3.03057704e+00  3.04569875e+00  3.00777815e+00
    3.00348970e+00  3.01769797e+00  3.00787850e+00  3.00207597e+00
    3.00112002e+00  3.01115876e+00]
  [-2.73395577e+00 -2.74945559e+00 -1.02304227e+01 -4.82311128e+00
   -9.98220791e+00 -5.05486788e+00 -2.73678855e+00 -2.73282828e+00
   -9.55127479e+00 -9.86627082e+00]]

 [[ 1.86456081e+00  7.41169663e-01  2.88888570e+00  2.57300517e+00
    9.41942838e-01  4.53306730e+00  9.32551785e-01  1.54584211e+00
    1.22338804e+00  1.92275232e+00]
  [ 3.09866935e+00  3.00106250e+00  3.08907523e+00  3.61970230e+00
    3.14795359e+00  3.09375921e+00  4.13371570e+00  3.23637258e+00
    3.85664755e+00  3.63908506e+00]
  [-2.82473919e+00 -5.84223010e+00 -2.50907321e+00 -1.89546844e+00
   -9.74567580e+00 -3.24850867e+00 -5.95071581e+00 -6.62379203e+00
   -2.63993496e+00 -2.69704028e+00]]

 [[ 2.05037790e-01  9.53171296e-01  1.02007941e+00  8.68272821e-01
    3.95631747e-01  1.43634078e+00  6.89015622e-01  5.02433588e-01
    5.93930511e-01  7.90424572e-01]
  [ 3.20712570e+00  3.05721558e+00  3.27036302e+00  3.25218501e+00
    3.08066937e+00  3.33899865e+00  3.09992233e+00  3.04790163e+00
    3.16882581e+00  3.10387727e+00]
  [-8.10031075e+00 -6.78265147e+00 -9.96168305e+00 -9.05692439e+00
   -8.17348475e+00 -2.37467344e+00 -7.76762042e+00 -4.67847531e+00
   -7.49693479e+00 -6.71024787e+00]]

 [[ 1.43184533e-01  1.13516246e+00  5.03297480e-01  6.31838456e-01
    1.32164634e+00  6.51075897e-01  4.62347593e-01  4.28578313e-01
    1.14180513e-01  3.53046868e-01]
  [ 3.49265800e+00  3.00489354e+00  3.12368109e+00  3.03329127e+00
    3.02561926e+00  3.06694176e+00  3.24350879e+00  3.01438521e+00
    3.01501536e+00  3.00593640e+00]
  [-6.98747766e+00 -8.57634094e+00 -2.69958818e+00 -9.23715451e+00
   -3.18975192e+00 -4.44641380e+00 -8.26486854e+00 -8.43286878e+00
   -1.00048194e+01 -4.57752833e+00]]

 [[ 6.59512771e+00  6.50404474e+00  1.19369266e+01  4.62936828e+00
    8.50645029e+00  5.53481180e+00  5.78682360e+00  3.97897073e+00
    4.71258720e+00  1.03273328e+01]
  [ 3.01505265e+00  3.08118844e+00  1.14072641e+01  7.58164101e+00
    3.03824632e+00  3.88962511e+00  5.59722155e+00  5.56284492e+00
    3.58683086e+00  3.60773695e+00]
  [-1.27745346e+00 -1.51694848e+00 -3.04349476e+00 -2.24512361e+00
   -1.84325532e+00 -1.45026109e+00 -1.66561700e+00 -2.84309564e+00
   -2.51905273e+00 -2.72174193e+00]]

 [[ 4.32289255e+00  3.64842467e+00  1.91707035e+00  1.24226823e+01
    1.09881058e+01  5.39759416e+00  2.06316996e+00  3.38827854e+00
    3.82224734e+00  7.31549828e+00]
  [ 7.58003991e+00  3.53653524e+00  3.17041401e+00  4.18613449e+00
    3.60845416e+00  4.01674114e+00  3.14225617e+00  3.62020202e+00
    3.37957062e+00  4.62372598e+00]
  [-3.17494872e+00 -2.76695710e+00 -2.40805541e+00 -1.01545171e+00
   -2.53966262e+00 -2.74883052e+00 -1.68847132e+00 -2.21534354e+00
   -2.96762001e+00 -3.40648055e+00]]

 [[ 6.34497166e+00  2.63115505e+00  1.37060927e+00  2.80347362e+00
    2.70598363e+00  8.90188555e-01  3.74150227e+00  4.00146640e+00
    1.17121016e+00  4.84147728e+00]
  [ 3.11530394e+00  3.41049617e+00  3.12828121e+00  3.28087841e+00
    3.18092440e+00  3.02632578e+00  5.95928259e+00  3.06732282e+00
    3.43121465e+00  5.25244516e+00]
  [-5.66055592e+00 -2.10856986e+00 -2.30523205e+00 -2.27858874e+00
   -2.36559920e+00 -4.56305904e+00 -2.56757877e+00 -1.85783907e+00
   -3.71613255e+00 -2.55431272e+00]]

 [[ 1.88886774e-05  1.61943205e+00  5.33143675e-05  2.13073431e-05
    3.47492947e-05  2.58458786e-05  1.92373312e-05  2.15184436e-05
    2.35610839e-05  5.72759827e-05]
  [ 3.00000384e+00  3.00000380e+00  3.00000032e+00  3.00000907e+00
    3.00000332e+00  3.00000164e+00  3.00000021e+00  3.00000303e+00
    3.00000214e+00  3.00002091e+00]
  [-1.04027651e+01 -1.04028691e+01 -1.04027747e+01 -3.72424844e+00
   -1.04027739e+01 -2.76587919e+00 -3.72428278e+00 -3.72428756e+00
   -1.04027200e+01 -5.12879307e+00]]

 [[ 5.09583245e-05  1.33172594e-05  1.81005027e-05  1.79841622e-05
    2.29698101e-05  2.57531556e-05  3.57332790e-05  2.02275048e-05
    1.56536594e+01  1.31645539e-05]
  [ 3.00000000e+00  3.00000156e+00  3.00000332e+00  3.00000003e+00
    3.00000096e+00  3.00000033e+00  3.00000254e+00  3.00000015e+00
    3.00000243e+00  3.00000005e+00]
  [-1.04028172e+01 -3.72429509e+00 -3.72428684e+00 -1.04027800e+01
   -3.72429613e+00 -5.12880740e+00 -1.04027333e+01 -3.72428905e+00
   -5.12882185e+00 -3.72429587e+00]]

 [[ 1.63872216e-05  2.77878684e+01  1.99624502e-05  1.86932401e-05
    9.31190972e-06  4.53271988e-06  8.79757986e-06  1.85875417e-05
    1.06742988e-05  1.83816665e+02]
  [ 3.00000010e+00  3.00000368e+00  3.00000007e+00  3.00000059e+00
    3.00000017e+00  3.00000009e+00  3.00000008e+00  3.00000033e+00
    3.00000213e+00  3.00000008e+00]
  [-2.76589597e+00 -5.08766880e+00 -1.04028014e+01 -1.04028633e+01
   -3.72430020e+00 -3.72430007e+00 -5.08765185e+00 -1.04028326e+01
   -2.75193250e+00 -3.72429883e+00]]

 [[ 3.29601792e-02  3.45035979e-02  1.13523155e-02  1.74045952e-02
    3.56771466e-02  3.74757090e-02  3.43376755e-02  2.74001190e-02
    1.63283204e-02  2.35568028e-02]
  [ 3.00219019e+00  3.00507548e+00  3.00099633e+00  3.00097120e+00
    3.00412175e+00  3.01224637e+00  3.00107152e+00  3.00324334e+00
    3.00042390e+00  3.00449565e+00]
  [-1.03379274e+01 -1.03245108e+01 -5.05649801e+00 -1.03101029e+01
   -1.03817956e+01 -1.03313426e+01 -5.05469633e+00 -2.74345182e+00
   -1.02347613e+01 -5.05691014e+00]]

 [[ 1.42910490e-02  1.45530954e-02  1.48696714e-02  8.00067757e-03
    1.26733063e-02  1.06092298e-02  1.88495377e-02  1.92436732e-02
    2.04352081e-02  1.11537073e-02]
  [ 3.00227724e+00  3.00133791e+00  3.00035906e+00  3.00049499e+00
    3.00260620e+00  3.00002156e+00  3.00001284e+00  3.00004654e+00
    3.00109979e+00  3.00022390e+00]
  [-2.76117846e+00 -1.03804226e+01 -5.10274457e+00 -1.03551795e+01
   -2.76314530e+00 -2.76481493e+00 -1.03483444e+01 -1.03799379e+01
   -1.03284820e+01 -5.11442398e+00]]

 [[ 1.42154647e-02  1.04566672e-02  3.57574978e-03  1.83653976e-03
    1.37187897e-02  1.16791801e-02  1.55314137e-02  5.46426453e-03
    1.50011799e-02  7.41444551e-03]
  [ 3.00005779e+00  3.00048659e+00  3.00018291e+00  3.00004284e+00
    3.00384064e+00  3.00004549e+00  3.00021375e+00  3.00023706e+00
    3.00022296e+00  3.00041789e+00]
  [-2.76510139e+00 -1.03833332e+01 -2.75072059e+00 -1.03942785e+01
   -1.03827832e+01 -1.03694382e+01 -1.03811742e+01 -2.76494269e+00
   -1.03868578e+01 -1.03808364e+01]]

 [[ 1.83731823e-01  2.19430947e-01  2.38991763e-01  7.24186557e-02
    8.72658847e-02  9.94689490e-02  7.81963357e-02  1.60928031e-01
    2.78849775e-01  2.69079721e-01]
  [ 3.01462438e+00  3.02978282e+00  3.02615222e+00  3.01786219e+00
    3.00360441e+00  3.00950375e+00  3.01674012e+00  3.00094740e+00
    3.04691645e+00  3.00364096e+00]
  [-5.03974378e+00 -1.02850799e+01 -1.01248897e+01 -1.01751214e+01
   -1.02273731e+01 -4.98080502e+00 -4.57255024e+00 -9.34613153e+00
   -4.97646149e+00 -9.72628642e+00]]

 [[ 3.06441410e-02  8.21524494e-02  6.01278358e-02  1.11412051e-01
    4.71288526e-02  7.29523746e-02  3.91633725e-02  7.05173091e-02
    1.41934234e-01  9.46559357e-02]
  [ 3.00321025e+00  3.01137441e+00  3.00550549e+00  3.00218077e+00
    3.00192560e+00  3.00289846e+00  3.01107925e+00  3.00017972e+00
    3.00077609e+00  3.00597631e+00]
  [-3.88938384e+00 -5.08769078e+00 -5.03579015e+00 -5.07438560e+00
   -5.07456306e+00 -9.97784685e+00 -2.76102621e+00 -1.02299688e+01
   -1.00266570e+01 -1.03764247e+01]]

 [[ 4.94852423e-02  5.70912597e-02  2.10047400e-02  6.11458846e-02
    1.89124680e-02  3.05995860e-02  2.94233589e-02  6.88546829e-02
    2.76998047e-02  2.55491029e-02]
  [ 3.00371360e+00  3.00075789e+00  3.00114052e+00  3.00015297e+00
    3.00020080e+00  3.00096783e+00  3.00120739e+00  3.00304444e+00
    3.00663367e+00  3.00001035e+00]
  [-1.03096235e+01 -1.02201273e+01 -5.40412056e+00 -1.03515034e+01
   -5.08081798e+00 -1.01666697e+01 -1.03298524e+01 -1.03838181e+01
   -1.02629113e+01 -1.02007824e+01]]

 [[ 3.59997848e-01  2.96096204e-01  1.90437506e-01  1.56275184e-01
    3.34389077e-01  6.18414118e-02  2.73695246e-01  3.94519554e-01
    3.12389008e-01  5.24490412e-01]
  [ 3.00422890e+00  3.00069843e+00  3.13217277e+00  3.00152989e+00
    3.07811558e+00  3.01726765e+00  3.09024504e+00  3.00417819e+00
    3.01193213e+00  3.08068326e+00]
  [-4.58124421e+00 -9.88241379e+00 -7.94932385e+00 -2.64175038e+00
   -9.30979626e+00 -9.00733675e+00 -5.90368188e+00 -9.25806660e+00
   -7.92374508e+00 -7.49111835e+00]]

 [[ 2.01200373e-01  1.31266463e-01  1.41924312e-01  9.84343003e-02
    1.05487415e-01  1.86566793e-01  2.42535160e-01  1.60939333e-01
    1.78773083e-01  3.36721757e-01]
  [ 3.00434329e+00  3.00420819e+00  3.00318005e+00  3.00715398e+00
    3.00420174e+00  3.01745834e+00  3.00424570e+00  3.09446592e+00
    3.01136113e+00  3.00537656e+00]
  [-9.96333995e+00 -4.86196845e+00 -1.01012884e+01 -9.84835643e+00
   -4.92694009e+00 -1.01693105e+01 -4.92254222e+00 -9.55017754e+00
   -4.89899367e+00 -9.76174319e+00]]

 [[ 1.71347990e-02  1.05695538e-01  6.40201721e-02  1.51377922e-01
    1.16316403e-01  7.17040841e-02  7.13463436e-02  1.63164968e-01
    4.32719052e-02  8.73991339e-02]
  [ 3.00137208e+00  3.00137370e+00  3.00003983e+00  3.00540912e+00
    3.01129895e+00  3.00751304e+00  3.00527591e+00  3.00458572e+00
    3.00050477e+00  3.00286093e+00]
  [-5.02251297e+00 -9.95940288e+00 -5.03633948e+00 -1.00165021e+01
   -1.02572000e+01 -3.67054530e+00 -5.02994347e+00 -5.00593693e+00
   -9.78422291e+00 -1.03077543e+01]]

 [[ 8.07601129e-01  7.82121416e-01  2.20668976e+00  1.95463174e+00
    7.23693491e-01  9.81536882e-01  5.96498168e-01  3.42287091e-01
    1.65679807e+00  2.62323212e+00]
  [ 3.02594410e+00  3.15617671e+00  3.08677319e+00  3.28088348e+00
    3.03201655e+00  3.43894780e+00  3.07116771e+00  3.01077332e+00
    3.46142805e+00  3.96613309e+00]
  [-4.47045659e+00 -7.19221758e+00 -5.83741379e+00 -5.19811046e+00
   -5.36096896e+00 -3.54677231e+00 -3.68086468e+00 -5.13133402e+00
   -5.48204557e+00 -8.22908298e+00]]

 [[ 8.61019550e-01  7.77354311e-01  1.48799965e+00  1.67285729e+00
    6.52752255e-01  1.87454039e+00  6.05368434e-01  1.31038565e+00
    3.73820503e-01  7.32923992e-01]
  [ 3.06216643e+00  3.47013592e+00  3.04799088e+00  3.01177672e+00
    3.08841910e+00  3.11411374e+00  3.06336846e+00  3.03677844e+00
    3.10039861e+00  3.02646384e+00]
  [-6.85524436e+00 -8.76664941e+00 -8.54308801e+00 -8.74513743e+00
   -6.97498450e+00 -4.30301401e+00 -7.32492831e+00 -9.35836416e+00
   -4.43554987e+00 -3.91696437e+00]]

 [[ 3.66158354e-01  3.72812534e-01  4.53194824e-01  3.46286460e-01
    1.05357577e+00  4.65480937e-01  4.34919410e-01  2.96665148e-01
    2.92199988e-01  5.10907323e-01]
  [ 3.17752729e+00  3.01774361e+00  3.02657996e+00  3.03351375e+00
    3.02268303e+00  3.04447460e+00  3.00056720e+00  3.00444776e+00
    3.02763210e+00  3.00363618e+00]
  [-9.09432985e+00 -1.02271539e+01 -2.72633992e+00 -9.49607503e+00
   -4.99136031e+00 -1.02754486e+01 -4.86505331e+00 -8.26510946e+00
   -4.91916539e+00 -1.01164888e+01]]

 [[ 1.07136149e+01  9.67594665e+00  7.07215243e+00  1.36506963e+01
    9.97704866e+00  1.59490388e+01  5.82304770e+00  7.93165637e+00
    4.61901914e+00  1.90606585e+01]
  [ 3.50765340e+00  4.15376336e+00  3.29574519e+00  3.89438519e+00
    5.26964143e+00  3.19079559e+00  3.44268240e+00  4.33770818e+00
    3.78945835e+00  6.01291036e+00]
  [-1.43937043e+00 -2.85439404e+00 -2.12568864e+00 -1.49167391e+00
   -2.38371066e+00 -2.07610428e+00 -1.84719411e+00 -3.00921920e+00
   -1.32589749e+00 -1.79043439e+00]]

 [[ 9.81559702e+00  7.79315597e+00  2.13179395e+00  2.70451686e+00
    3.57975471e+00  1.10562784e+01  4.87257198e+00  4.53956678e+00
    3.04990467e+00  4.43150119e+00]
  [ 3.74135048e+00  3.59200524e+00  3.04489396e+00  3.31741302e+00
    3.32302912e+00  3.09799722e+00  3.07380548e+00  3.77630847e+00
    3.78891615e+00  3.30063353e+00]
  [-2.30999743e+00 -2.76350558e+00 -3.18882326e+00 -2.73887286e+00
   -2.86020219e+00 -2.87601668e+00 -3.06669067e+00 -3.91990571e+00
   -4.44330413e+00 -2.07446585e+00]]

 [[ 3.64405512e+00  3.51553861e+00  4.63526047e+00  3.53138468e+00
    1.92066390e+00  7.90779966e-01  6.62095300e+00  1.66529724e+00
    2.35070374e+00  3.73893220e+00]
  [ 3.11056454e+00  3.05711320e+00  3.33067219e+00  3.45611716e+00
    3.12546461e+00  3.09047368e+00  3.02197849e+00  3.07346242e+00
    3.08202448e+00  3.24931415e+00]
  [-3.42280074e+00 -4.98440953e+00 -5.18317979e+00 -5.09715449e+00
   -8.65224047e+00 -3.44182852e+00 -9.31240267e+00 -2.16451212e+00
   -2.06487633e+00 -4.33359126e+00]]

 [[ 2.05232404e-04  9.78625186e-05  5.22558744e-05  7.71253558e-05
    1.78903253e-04  5.39927740e-05  5.84228644e-05  6.51826970e-05
    6.68932813e-05  8.04088991e-05]
  [ 3.00001133e+00  3.00002563e+00  3.00003430e+00  3.00000417e+00
    3.00000139e+00  3.00000521e+00  3.00001582e+00  3.00000688e+00
    3.00001008e+00  3.00001747e+00]
  [-2.75191529e+00 -3.72426495e+00 -2.75190804e+00 -2.75187042e+00
   -1.04027045e+01 -2.76587288e+00 -5.08755492e+00 -2.75187910e+00
   -1.04026403e+01 -1.83757537e+00]]

 [[ 5.61426635e-05  3.65025792e-05  5.01586725e-05  2.66153131e-05
    1.30540399e-04  5.11986809e-05  2.63171102e-05  6.66550200e-05
    4.89021264e-05  1.25697436e-04]
  [ 3.00000280e+00  3.00001392e+00  3.00000855e+00  3.00004299e+00
    3.00000544e+00  3.00000006e+00  3.00000295e+00  3.00001853e+00
    3.00001288e+00  3.00000027e+00]
  [-1.04028293e+01 -2.76586980e+00 -1.04028180e+01 -1.04023884e+01
   -1.04025630e+01 -1.04024509e+01 -1.83758636e+00 -3.72428731e+00
   -5.12875541e+00 -2.75192387e+00]]

 [[ 3.84084011e-05  1.18440183e-05  2.75841401e-05  1.51418285e-05
    1.75423627e-05  1.32827923e-05  4.75007190e-05  2.62609032e-05
    2.01759543e-05  2.85844815e-05]
  [ 3.00001098e+00  3.00000117e+00  3.00000157e+00  3.00000862e+00
    3.00000308e+00  3.00000183e+00  3.00000340e+01  3.00000562e+00
    3.00000395e+00  3.00003220e+00]
  [-1.04028457e+01 -2.76588684e+00 -1.04027347e+01 -2.76588740e+00
   -1.04024671e+01 -2.76589447e+00 -2.76587812e+00 -1.04028756e+01
   -5.12879718e+00 -1.04026668e+01]]

 [[ 4.23225653e-02  1.78631950e-01  4.17087104e-02  8.09259497e-02
    4.43848255e-02  4.54072612e-02  3.03222486e-02  5.91797352e-02
    7.63449187e-02  4.37543688e-02]
  [ 3.00561242e+00  3.01122645e+00  3.00107483e+00  3.02484674e+00
    3.02276298e+00  3.01041439e+00  3.00758884e+00  3.00255967e+00
    3.00754637e+00  3.00271316e+00]
  [-9.78756436e+00 -5.04606816e+00 -1.03132493e+01 -5.03364020e+00
   -1.02931675e+01 -5.08293759e+00 -2.73225712e+00 -5.09680383e+00
   -1.01855929e+01 -1.00377756e+01]]

 [[ 4.24706748e-02  5.10344219e-02  4.73679127e-02  2.89623420e-02
    2.69592621e-02  3.31964740e-02  1.59698244e-02  2.86748227e-02
    5.12932951e-02  4.92687344e-02]
  [ 3.00271119e+00  3.00165061e+00  3.00676656e+00  3.01685437e+00
    3.00024361e+00  3.00222606e+00  3.00418698e+00  3.00664008e+00
    3.00031616e+00  3.01120628e+00]
  [-1.02337553e+01 -1.01228018e+01 -1.00171186e+01 -5.10747597e+00
   -2.74433500e+00 -1.02446828e+01 -1.00025170e+01 -4.99088485e+00
   -1.01759931e+01 -5.03644316e+00]]

 [[ 1.16195987e-02  4.38925947e-02  1.58827181e-02  2.26438521e-02
    2.50044790e-02  1.68586185e-02  1.54201913e-02  1.70076744e-02
    4.81417328e-02  1.03736646e-02]
  [ 3.00144364e+00  3.02181040e+00  3.00162461e+00  3.00004977e+00
    3.00298742e+00  3.00185435e+00  3.00834550e+00  3.00091439e+00
    3.00283277e+00  3.00021204e+00]
  [-5.06414611e+00 -1.03704805e+01 -1.02886466e+01 -1.03429578e+01
   -1.00747200e+01 -1.02492202e+01 -1.02076775e+01 -1.01967612e+01
   -1.02848506e+01 -5.06922084e+00]]

 [[ 1.70925455e-01  1.25817988e-01  1.41888929e-01  2.54155695e-01
    4.19700486e-01  2.49731800e-01  3.63988588e-01  3.27958640e-01
    2.34870394e-01  6.97725021e-02]
  [ 3.02774555e+00  3.10422091e+00  3.02905623e+00  3.00751540e+00
    3.06234676e+00  3.01980766e+00  3.01159564e+00  3.04515056e+00
    3.00098823e+00  3.12289848e+00]
  [-9.92236066e+00 -9.45491654e+00 -1.01150554e+01 -9.82830850e+00
   -4.12743803e+00 -7.69130498e+00 -9.20888397e+00 -4.99989918e+00
   -8.97833831e+00 -8.90303605e+00]]

 [[ 1.92687615e-01  1.25319010e-01  2.83880980e-01  1.56539423e-01
    1.68405677e-01  2.48160411e-01  7.28440549e-02  1.18390597e-01
    1.76637320e-01  2.64027135e-01]
  [ 3.03323587e+00  3.04174408e+00  3.03261394e+00  3.00200987e+00
    3.03940358e+00  3.05339820e+00  3.05841227e+00  3.00629846e+00
    3.05042837e+00  3.00008616e+00]
  [-3.37435775e+00 -5.04670834e+00 -8.87228832e+00 -9.14753230e+00
   -9.91950868e+00 -4.85525155e+00 -9.37353967e+00 -9.82551812e+00
   -4.83587054e+00 -5.02985827e+00]]

 [[ 6.53609974e-02  6.59804538e-02  1.08292185e-01  1.27332604e-01
    8.28792972e-02  4.89651202e-02  1.05546349e-01  1.45416548e-01
    7.21228491e-02  6.04290589e-02]
  [ 3.00827374e+00  3.02113322e+00  3.01484510e+00  3.03125223e+00
    3.00400863e+00  3.00126053e+00  3.00142541e+00  3.01357019e+00
    3.05327537e+00  3.00462347e+00]
  [-9.20815279e+00 -4.86679740e+00 -9.22745233e+00 -1.01329508e+01
   -1.02977974e+01 -4.98198357e+00 -9.39649401e+00 -1.00203521e+01
   -2.72312393e+00 -5.00018087e+00]]

 [[ 3.82399685e-01  5.62587517e-01  2.87184499e-01  4.31436583e-01
    5.72861059e-01  2.13367435e-01  6.28805770e-01  3.15047832e-01
    5.67346504e-01  4.58301079e-01]
  [ 3.07624944e+00  3.03484077e+00  3.17536665e+00  3.22386941e+00
    3.56355035e+00  3.04691952e+00  3.01593244e+00  3.22086411e+00
    3.12212464e+00  3.18077333e+00]
  [-4.38080028e+00 -7.02240367e+00 -9.79836422e+00 -7.70349941e+00
   -4.04559472e+00 -6.10247912e+00 -4.04467975e+00 -4.62243977e+00
   -8.81422272e+00 -8.66226628e+00]]

 [[ 5.28811085e-01  3.09853764e-01  1.58077982e-01  3.28518368e-01
    4.51494273e-01  3.11388750e-01  4.16638358e-01  2.52606688e-01
    5.35771911e-01  5.65908234e-01]
  [ 3.00047280e+00  3.02192757e+00  3.00944744e+00  3.00652043e+00
    3.10737971e+00  3.07910908e+00  3.00076524e+00  3.01362072e+00
    3.08992811e+00  3.09325675e+00]
  [-6.39630943e+00 -4.30534492e+00 -8.88070475e+00 -7.64969138e+00
   -6.95467779e+00 -9.80988563e+00 -4.59932101e+00 -4.73378418e+00
   -9.31061178e+00 -4.64111044e+00]]

 [[ 8.60890167e-02  3.39823860e-01  9.15553227e-02  1.83719602e-01
    1.53006591e-01  2.29981647e-01  2.78491530e-01  2.76043318e-01
    2.94614483e-01  1.57266757e-01]
  [ 3.28511396e+00  3.01548360e+00  3.01977025e+00  3.00023153e+00
    3.05143562e+00  3.01855488e+00  3.04228367e+00  3.00566668e+00
    3.01657111e+00  3.00856878e+00]
  [-7.20621149e+00 -9.33864198e+00 -4.77397913e+00 -8.24091476e+00
   -8.64679124e+00 -9.76286777e+00 -9.01766442e+00 -8.65154799e+00
   -9.88956596e+00 -7.18989015e+00]]

 [[ 3.92323961e+00  2.85758320e+00  1.09468641e+00  5.27839823e+00
    2.59695262e+00  3.49636283e+00  2.00206072e+00  4.15728016e+00
    2.29621447e+00  3.05938886e+00]
  [ 3.26243002e+00  3.09851332e+00  3.53661454e+00  3.40818832e+00
    3.25319886e+00  3.07696981e+00  3.47767371e+00  3.78249477e+00
    3.27451826e+00  3.30792985e+00]
  [-2.89349544e+00 -2.85111034e+00 -6.34855185e+00 -4.28429720e+00
   -4.47116255e+00 -3.28068289e+00 -3.33450378e+00 -2.27818951e+00
   -4.99975638e+00 -2.44374264e+00]]

 [[ 1.39794103e+00  1.73861146e+00  2.38439317e+00  1.52514083e+00
    1.89616019e+00  1.13311512e+00  7.28714390e-01  2.17792608e+00
    5.27338508e+00  1.90304294e+00]
  [ 3.00267984e+00  3.03532661e+00  4.05621304e+00  3.34413054e+00
    3.72023040e+00  4.07623248e+00  3.21531508e+00  3.21669658e+00
    3.10141708e+00  3.11622562e+00]
  [-3.43093338e+00 -4.64543935e+00 -3.42917447e+00 -6.07417615e+00
   -5.23342194e+00 -3.37976131e+00 -5.70887911e+00 -3.01290573e+00
   -4.76822251e+00 -7.58755806e+00]]

 [[ 3.38934216e+00  1.47191311e+00  7.65858847e-01  1.47228349e+00
    1.36925269e+00  1.33842711e+00  3.00770455e+00  1.90845457e+00
    1.30926888e+00  2.54818169e+00]
  [ 3.32521195e+00  3.04578697e+00  3.24807947e+00  3.45644797e+00
    3.06149862e+00  3.01505616e+00  3.15489057e+00  3.16086248e+00
    3.42006563e+00  3.18686046e+00]
  [-4.55560790e+00 -8.27392256e+00 -5.95121451e+00 -4.36279027e+00
   -8.41377015e+00 -6.81073246e+00 -3.91795965e+00 -5.24861116e+00
   -3.35911352e+00 -6.02703777e+00]]

 [[ 1.32807755e+01  1.41804334e+01  2.47579517e+01  3.24786864e+01
    1.78578792e+01  1.75616704e+01  1.67777048e+01  3.41947231e+01
    1.15790510e+01  1.93139573e+01]
  [ 3.76835290e+00  5.51648480e+00  3.90905091e+00  4.80861216e+00
    3.26266981e+00  8.15646791e+00  3.70780257e+00  8.53348876e+00
    1.45697092e+01  3.38752233e+00]
  [-1.15895805e+00 -1.26815313e+00 -1.19965405e+00 -2.84433659e+00
   -1.40265336e+00 -1.56053832e+00 -1.56330250e+00 -2.67605728e+00
   -1.38880616e+00 -3.69932548e+00]]

 [[ 8.72512382e+00  1.36405943e+01  2.20970644e+01  1.37121407e+01
    5.32842019e+00  1.45428381e+01  5.71944023e+00  1.22974388e+01
    8.21196666e+00  9.10195177e+00]
  [ 4.26164254e+00  2.57203845e+01  6.09942472e+00  5.78719645e+00
    4.34278644e+00  5.06511681e+00  4.93136788e+00  3.52893810e+00
    3.67204089e+00  3.06210903e+00]
  [-1.57794369e+00 -2.88803231e+00 -2.06682373e+00 -1.89586635e+00
   -1.12333370e+00 -1.88982629e+00 -1.11766502e+00 -2.98215056e+00
   -1.61981431e+00 -1.50620086e+00]]

 [[ 8.03865000e+00  1.59577752e+01  5.74476212e+00  1.17439356e+01
    8.04169566e+00  1.71229782e+01  5.47067278e+00  1.96417700e+01
    1.22349936e+01  9.88459972e+00]
  [ 8.87729403e+00  8.17483130e+00  4.27949360e+00  6.10190340e+00
    3.02617482e+00  8.36135895e+00  3.60967407e+00  5.69861202e+00
    3.62526180e+00  3.00631090e+00]
  [-3.51550894e+00 -3.18096028e+00 -2.11239064e+00 -2.10300239e+00
   -1.81482239e+00 -1.60633672e+00 -1.35853464e+00 -2.52677317e+00
   -2.26766607e+00 -4.29448786e+00]]

 [[ 6.64635692e-05  4.13293670e-05  3.03251375e-05  6.63826343e-05
    3.95901225e-05  1.08730564e-04  9.56890353e-05  3.78406033e-05
    4.89663322e-05  8.83944529e-05]
  [ 3.00000637e+00  3.00000726e+00  3.00000515e+00  3.00000455e+00
    3.00000028e+00  3.00000026e+00  3.00000365e+00  3.00000149e+00
    3.00000131e+00  3.00000923e+00]
  [-2.75193184e+00 -1.83758702e+00 -3.72428001e+00 -1.04026375e+01
   -1.04022834e+01 -1.04025808e+01 -2.76586308e+00 -2.75192679e+00
   -3.72427128e+00 -5.12878800e+00]]

 [[ 4.07212356e-05  1.64146496e-05  6.90686241e-05  3.91780673e-05
    6.38955289e-05  3.53691574e-05  3.16003805e-05  3.35700252e-05
    5.84157920e-05  5.57184998e-05]
  [ 3.00000805e+00  3.00000165e+00  3.00000142e+00  3.00000592e+00
    3.00000050e+00  3.00000100e+00  3.00000551e+00  3.00000366e+00
    3.00000071e+00  3.00000385e+00]
  [-5.08762026e+00 -2.76587196e+00 -2.76588519e+00 -3.72425439e+00
   -2.75192226e+00 -5.08757489e+00 -3.72425780e+00 -5.08764301e+00
   -2.75192413e+00 -5.12876677e+00]]

 [[ 3.17211697e-05  1.47226495e-05  4.48634123e-05  2.87029699e-05
    2.75741049e-05  2.34258166e-05  1.26715154e-05  3.40383034e-05
    3.73047415e-05  3.35865754e-05]
  [ 3.00000001e+00  3.00000839e+00  3.00000095e+00  3.00000788e+00
    3.00001238e+00  3.00000173e+00  3.00000039e+00  3.00000240e+00
    3.00000061e+00  3.00000024e+00]
  [-3.72428303e+00 -3.72429046e+00 -5.08765672e+00 -2.76587479e+00
   -3.72426850e+00 -3.72428134e+00 -2.75193169e+00 -1.04028870e+01
   -3.72428371e+00 -3.72426743e+00]]

 [[ 5.27342747e-02  7.87834781e-02  2.61388226e-02  7.66135232e-02
    4.78685390e-02  3.21020635e-02  5.03228248e-02  5.61200407e-02
    4.32825637e-02  6.67063683e-02]
  [ 3.00053171e+00  3.00364379e+00  3.00105325e+00  3.01603956e+00
    3.00231150e+00  3.00413885e+00  3.00127387e+00  3.00017937e+00
    3.00510844e+00  3.00555516e+00]
  [-1.02192810e+01 -1.01078424e+01 -4.94234502e+00 -5.08350961e+00
   -5.07359918e+00 -5.07227706e+00 -9.94984913e+00 -5.05419012e+00
   -1.02258297e+01 -1.02970154e+01]]

 [[ 2.95913712e-02  3.56958169e-02  3.67926568e-02  4.88418887e-02
    3.07101054e-02  1.45217748e-02  2.63362796e-02  4.72517640e-02
    3.25252602e-02  2.50898916e-02]
  [ 3.00195929e+00  3.00150264e+00  3.00018492e+00  3.00375196e+00
    3.00181310e+00  3.01866044e+00  3.00257771e+00  3.00549861e+00
    3.00308926e+00  3.00036472e+00]
  [-1.03698033e+01 -1.03554871e+01 -1.02839150e+01 -5.09853659e+00
   -5.09989668e+00 -1.02673283e+01 -9.93287514e+00 -5.12547839e+00
   -1.03541603e+01 -1.02165682e+01]]

 [[ 2.56880833e-02  2.83115712e-02  4.32484095e-02  1.35452016e-02
    7.80262054e-03  3.13229407e-02  2.13559653e-02  2.71593130e-02
    1.56178598e-02  2.98829761e-02]
  [ 3.00367088e+00  3.00090183e+00  3.00417979e+00  3.00169845e+00
    3.00245291e+00  3.00138680e+00  3.00050628e+00  3.00017447e+00
    3.00216947e+00  3.00104475e+00]
  [-1.02935881e+01 -5.10800466e+00 -1.03707545e+01 -1.02311153e+01
   -1.02074261e+01 -5.08651168e+00 -5.10882987e+00 -1.03513099e+01
   -1.03565144e+01 -1.02289825e+01]]

 [[ 2.36309079e-01  2.55023909e-01  1.99455039e-01  2.17943026e-01
    2.73896616e-01  7.29932328e-01  2.29783889e-01  2.31268928e-01
    5.79285530e-01  1.97907493e-01]
  [ 3.04403462e+00  3.00636258e+00  3.04462511e+00  3.01481180e+00
    3.04029930e+00  3.02854588e+00  3.00992136e+00  3.03186000e+00
    3.00443812e+00  3.00732156e+00]
  [-9.70732939e+00 -4.90643615e+00 -9.37214352e+00 -8.79242480e+00
   -9.82697912e+00 -4.83153026e+00 -9.30131343e+00 -1.03210304e+01
   -9.91390216e+00 -8.35616659e+00]]

 [[ 2.00549024e-01  1.60680486e-01  1.36924420e-01  2.79550953e-01
    9.39307901e-02  2.02693604e-01  3.64481862e-01  1.99284155e-01
    1.48487690e-01  1.80109731e-01]
  [ 3.04249393e+00  3.00311657e+00  3.02380930e+00  3.00439446e+00
    3.00187452e+00  3.00443290e+00  3.00201918e+00  3.01044339e+00
    3.04164440e+00  3.00038927e+00]
  [-4.70846569e+00 -1.01835451e+01 -9.98842298e+00 -5.69772661e+00
   -1.00616797e+01 -1.01055040e+01 -4.86163924e+00 -9.66492345e+00
   -9.20538389e+00 -9.34019531e+00]]

 [[ 1.46227468e-01  7.77578178e-02  1.82201991e-01  9.94624767e-02
    3.56660228e-02  9.56071533e-02  8.67837523e-02  1.04172298e-01
    7.17201437e-02  1.76490303e-01]
  [ 3.01152647e+00  3.03216539e+00  3.00080575e+00  3.00945495e+00
    3.01295006e+00  3.01810239e+00  3.00065873e+00  3.00069316e+00
    3.01038216e+00  3.01141922e+00]
  [-5.09416618e+00 -1.02569649e+01 -9.72272031e+00 -5.12620833e+00
   -2.74622500e+00 -5.11920285e+00 -5.06724760e+00 -9.72263086e+00
   -9.94480756e+00 -1.02929844e+01]]

 [[ 5.01717475e-01  7.82301481e-01  3.41432227e-01  5.94412417e-01
    6.25139804e-01  3.67786822e-01  5.07758431e-01  6.43858771e-01
    4.45367161e-01  7.37973168e-01]
  [ 3.01958777e+00  3.04012482e+00  3.04006362e+00  3.06690405e+00
    3.12580755e+00  3.01528215e+00  3.06424690e+00  3.00176745e+00
    3.07451548e+00  3.07493792e+00]
  [-9.00472678e+00 -8.33136187e+00 -4.53381711e+00 -8.44150800e+00
   -4.48788166e+00 -9.39290286e+00 -7.51705918e+00 -8.59379888e+00
   -7.91149364e+00 -8.02467303e+00]]

 [[ 1.47508321e-01  2.63146974e-01  4.97363649e-01  4.24423714e-01
    5.08438000e-01  2.53516738e-01  4.95924553e-01  3.48198639e-01
    5.14828093e-01  3.79032476e-01]
  [ 3.10770632e+00  3.03996268e+00  3.01371501e+00  3.04005620e+00
    3.04529808e+00  3.05915211e+00  3.00665952e+00  3.00001048e+00
    3.00832480e+00  3.05138226e+00]
  [-4.44923358e+00 -7.91367144e+00 -8.44281211e+00 -7.95238047e+00
   -8.38489800e+00 -8.46478796e+00 -9.31202719e+00 -7.57144845e+00
   -9.16600301e+00 -8.06414793e+00]]

 [[ 2.01522372e-01  1.76664552e-01  3.58014822e-01  1.22062177e-01
    3.07562184e-01  3.37026254e-01  3.06399609e-01  4.76830724e-01
    6.51064327e-01  2.52817100e-01]
  [ 3.01089008e+00  3.00040650e+00  3.00314357e+00  3.01490071e+00
    3.01351239e+00  3.02110727e+00  3.03516065e+00  3.00868361e+00
    3.08149547e+00  3.00420915e+00]
  [-8.44507385e+00 -8.28571549e+00 -1.01695109e+01 -5.03534654e+00
   -4.76432068e+00 -1.00465469e+01 -8.48850285e+00 -9.48698388e+00
   -9.63016446e+00 -9.58759898e+00]]

 [[ 1.84613182e+00  3.79803036e+00  1.74812606e+00  3.68237754e+00
    8.68699171e+00  3.16753629e+00  2.80394906e+00  2.40238147e+00
    2.11415080e+00  2.43106251e+00]
  [ 3.26739464e+00  3.00951228e+00  3.33371457e+00  3.18154270e+00
    3.41966966e+00  3.09753403e+00  3.05672650e+00  3.89847231e+00
    3.07395602e+00  3.19039541e+00]
  [-2.40132043e+00 -6.11207997e+00 -4.07104676e+00 -4.12326020e+00
   -3.87573840e+00 -7.42535753e+00 -5.96345558e+00 -3.93722650e+00
   -3.06575723e+00 -2.92651768e+00]]

 [[ 2.36480067e+00  1.29636260e+00  2.03620114e+00  1.13824001e+00
    2.14619753e+00  3.20463580e+00  1.42647076e+00  1.50447586e+00
    2.64762305e+00  1.67425885e+00]
  [ 3.12009821e+00  3.12761783e+00  3.06175056e+00  3.20398812e+00
    3.52609281e+00  3.14580379e+00  3.05525376e+00  3.08248143e+00
    3.20083326e+00  3.54449339e+00]
  [-6.91542952e+00 -2.45504234e+00 -7.11616537e+00 -5.76243734e+00
   -6.27416859e+00 -4.43351784e+00 -5.41041745e+00 -2.42460036e+00
   -3.79683754e+00 -3.71783569e+00]]

 [[ 1.36717799e+00  1.44245530e+00  8.14745446e-01  1.03438439e+00
    9.18745093e-01  1.21427065e+00  2.31616569e+00  1.10285705e+00
    1.81307679e+00  1.00410601e+00]
  [ 3.05146373e+00  3.23630015e+00  3.01547132e+00  3.10188417e+00
    3.11080824e+00  3.04531350e+00  3.05604070e+00  3.01233837e+00
    3.21651014e+00  3.24161342e+00]
  [-5.53197626e+00 -5.69996831e+00 -5.12549948e+00 -3.93758764e+00
   -8.34998885e+00 -6.49424416e+00 -7.53931352e+00 -8.23580960e+00
   -7.23870295e+00 -6.07845214e+00]]

 [[ 4.16822404e+01  1.13825888e+01  1.76686737e+01  9.58174029e+00
    1.03060957e+01  1.96927207e+01  1.01900840e+01  3.02760189e+01
    1.33157935e+01  1.45377747e+01]
  [ 3.14987663e+00  4.45613490e+00  6.68682046e+00  3.61763564e+00
    3.77062409e+00  3.40316504e+00  3.07398621e+00  5.58097889e+00
    4.19306096e+00  5.22776292e+00]
  [-1.39226305e+00 -2.66168230e+00 -2.23443060e+00 -1.41204034e+00
   -3.63196883e+00 -1.13170031e+00 -3.43765532e+00 -1.41953658e+00
   -1.89715504e+00 -1.73309626e+00]]

 [[ 1.50702611e+01  1.27828882e+01  8.30125046e+00  2.43371467e+01
    1.18421520e+01  5.91185988e+00  1.90573895e+01  9.99052388e+00
    2.03408523e+01  1.92049619e+01]
  [ 3.29955189e+00  3.32383836e+00  3.14085272e+00  8.65625756e+00
    4.36419627e+00  3.07289543e+00  3.41081682e+00  3.65645656e+00
    3.32691471e+00  5.31778165e+00]
  [-1.96949131e+00 -3.06313163e+00 -1.96728036e+00 -1.91908035e+00
   -2.22282377e+00 -2.67532820e+00 -2.56541766e+00 -2.02085703e+00
   -5.92343448e+00 -1.72749708e+00]]

 [[ 3.10519988e+00  1.10102720e+01  4.64636238e+00  5.85403787e+00
    1.34096760e+01  5.38099162e+00  3.03964216e+00  5.66368355e+00
    1.21358860e+01  8.00561225e+00]
  [ 3.40758274e+00  4.32712385e+00  3.17671006e+00  3.34540237e+00
    3.06939425e+00  3.17134846e+00  3.55888820e+00  4.53288306e+00
    3.00744602e+00  3.85719585e+00]
  [-1.73463290e+00 -2.25817134e+00 -2.95385932e+00 -2.42667457e+00
   -4.24541809e+00 -2.19851995e+00 -2.98291186e+00 -2.03908949e+00
   -3.09245804e+00 -1.75551103e+00]]

 [[ 1.22157856e-04  1.66444060e-04  9.17744048e-05  1.19200202e-04
    1.75031733e-04  1.35915014e-04  1.16696041e-04  1.14507608e-04
    2.15463350e-04  1.90285390e-04]
  [ 3.00000464e+00  3.00000243e+00  3.00002683e+00  3.00000984e+00
    3.00000881e+00  3.00001081e+00  3.00000225e+00  3.00003794e+00
    3.00003958e+00  3.00002852e+00]
  [-2.75190437e+00 -1.04021435e+01 -2.75188954e+00 -1.04026396e+01
   -2.75186675e+00 -1.83757745e+00 -1.04026276e+01 -1.04022317e+01
   -1.04024786e+01 -3.72427733e+00]]

 [[ 2.57620895e-04  1.05739797e-04  1.03655183e-04  1.40085718e-04
    3.15439705e-04  1.32632379e-04  2.26500678e-04  9.76939311e-05
    8.09754474e-05  1.52071079e-04]
  [ 3.00000119e+00  3.00001453e+00  3.00004382e+00  3.00000363e+00
    3.00000343e+00  3.00000783e+00  3.00000785e+00  3.00001500e+00
    3.00001807e+00  3.00000451e+00]
  [-1.04024036e+01 -2.76586626e+00 -2.76587135e+00 -1.83757801e+00
   -2.75186612e+00 -1.04024895e+01 -5.12861760e+00 -1.04022763e+01
   -2.75192079e+00 -1.04026027e+01]]

 [[ 2.55683320e-05  7.28797691e-05  6.14407016e-05  1.07330196e-04
    7.67397549e-05  9.02399900e-05  3.06474658e-04  9.15161295e-05
    8.60449526e-05  7.31248640e-05]
  [ 3.00000886e+00  3.00000105e+00  3.00000971e+00  3.00000130e+00
    3.00000936e+00  3.00000845e+00  3.00002324e+00  3.00000153e+00
    3.00001401e+00  3.00000702e+00]
  [-2.76587141e+00 -5.08739430e+00 -1.04026291e+01 -2.75187825e+00
   -1.04027370e+01 -2.76589316e+00 -2.75190956e+00 -1.83758911e+00
   -1.04025902e+01 -3.72419823e+00]]

 [[ 3.41475686e-02  1.44880867e-01  4.77070757e-02  1.68599166e-01
    8.40705214e-02  1.80003296e-01  1.07454627e-01  1.21545311e-01
    6.93998097e-02  7.68406891e-02]
  [ 3.02864656e+00  3.00427058e+00  3.01732489e+00  3.01196468e+00
    3.00018342e+00  3.00764133e+00  3.00859705e+00  3.00366621e+00
    3.01076425e+00  3.00062958e+00]
  [-4.96599621e+00 -9.85745846e+00 -5.06632027e+00 -2.72223022e+00
   -1.01493944e+01 -9.96575503e+00 -5.02436477e+00 -1.00667695e+01
   -4.85195248e+00 -9.59627691e+00]]

 [[ 5.17739385e-02  4.61142871e-02  7.20506267e-02  8.51509179e-02
    1.66073980e-01  3.49353554e-02  5.34905638e-02  4.29037881e-02
    7.25547313e-02  6.83469349e-02]
  [ 3.01530216e+00  3.00428051e+00  3.00688854e+00  3.00774116e+00
    3.01383000e+00  3.00394747e+00  3.01033092e+00  3.00143883e+00
    3.00652592e+00  3.00377834e+00]
  [-1.82215245e+00 -1.00865583e+01 -9.99293779e+00 -1.01962688e+01
   -1.01466589e+01 -4.92862101e+00 -1.00458491e+01 -2.74888056e+00
   -4.99966160e+00 -1.00561570e+01]]

 [[ 5.01820618e-02  3.76356566e-02  4.84594830e-02  5.57978725e-02
    5.10137120e-02  2.87099499e-02  3.64482426e-02  5.46859230e-02
    5.35909877e-02  2.68362881e-02]
  [ 3.00454111e+00  3.00120576e+00  3.00454183e+00  3.02994973e+00
    3.01051150e+00  3.01693498e+00  3.00487089e+00  3.00398082e+00
    3.00363258e+00  3.00926619e+00]
  [-5.01130879e+00 -1.02899419e+01 -9.90030489e+00 -9.97765056e+00
   -1.01266204e+01 -5.07090989e+00 -1.02046050e+01 -5.06584181e+00
   -1.02571594e+01 -1.02980969e+01]]

 [[ 1.84196820e-01  6.13870822e-01  4.52052815e-01  1.10150458e-01
    1.06862640e+00  2.38175925e-01  7.93933396e-01  4.86099535e-01
    6.51186813e-01  3.51333296e-01]
  [ 3.04704242e+00  3.01584528e+00  3.02476233e+00  3.02851084e+00
    3.07862130e+00  3.01286689e+00  3.00696641e+00  3.04065202e+00
    3.00990885e+00  3.00362660e+00]
  [-9.87918203e+00 -8.01155806e+00 -8.98407395e+00 -2.82768202e+00
   -8.45793021e+00 -4.87044240e+00 -4.68163955e+00 -2.94374172e+00
   -8.60545857e+00 -3.21861852e+00]]

 [[ 4.01183308e-01  3.19941025e-01  3.41010344e-01  2.47479928e-01
    1.96252180e-01  3.53227081e-01  2.38178538e-01  3.06203819e-01
    4.85298805e-01  3.04613746e-01]
  [ 3.01101947e+00  3.00219741e+00  3.00749254e+00  3.00923715e+00
    3.01198862e+00  3.07355129e+00  3.03736672e+00  3.03505744e+00
    3.03448074e+00  3.02611337e+00]
  [-9.67621507e+00 -9.32873870e+00 -1.01248704e+01 -8.84312688e+00
   -8.79634374e+00 -9.02487981e+00 -7.48119609e+00 -8.47864438e+00
   -7.20366868e+00 -2.18652004e+00]]

 [[ 2.18111131e-01  3.31079390e-01  4.00779468e-01  7.14798946e-02
    2.49980911e-01  3.96700448e-01  2.54273258e-01  1.86761584e-01
    3.38904030e-01  2.84733879e-01]
  [ 3.01268840e+00  3.03668029e+00  3.00183314e+00  3.00307302e+00
    3.03502800e+00  3.03475146e+00  3.01883150e+00  3.03684383e+00
    3.03802851e+00  3.00141316e+00]
  [-8.90325344e+00 -9.60570404e+00 -9.80112694e+00 -9.39343116e+00
   -5.00078120e+00 -9.00718752e+00 -2.64463830e+00 -1.03420665e+01
   -9.25063571e+00 -9.69318024e+00]]

 [[ 1.19748049e+00  1.10857549e+00  2.28458222e+00  3.68711866e-01
    9.44870561e-01  2.10596576e+00  1.05108099e+00  7.26212255e-01
    7.29416435e-01  1.26741416e+00]
  [ 3.21745374e+00  3.07182018e+00  3.06920482e+00  3.15001412e+00
    3.14739907e+00  3.05481673e+00  3.16056450e+00  3.12527485e+00
    3.01810549e+00  3.03879069e+00]
  [-4.63870450e+00 -7.40321824e+00 -4.63201035e+00 -5.56238937e+00
   -8.46074322e+00 -5.51060823e+00 -8.12052794e+00 -5.76938010e+00
   -8.09481639e+00 -4.34233224e+00]]

 [[ 1.06409777e+00  3.16621207e-01  6.46311677e-01  1.77559924e+00
    1.12141816e+00  7.72804164e-01  1.01701873e+00  8.22839200e-01
    1.14333222e+00  1.12044442e+00]
  [ 3.01115304e+00  3.03032099e+00  3.01764129e+00  3.17165038e+00
    3.00815787e+00  3.00675044e+00  3.13150417e+00  3.01922207e+00
    3.00379964e+00  3.18493059e+00]
  [-4.12251561e+00 -6.21583384e+00 -7.57786396e+00 -3.41196065e+00
   -3.28470109e+00 -8.49998719e+00 -6.43829209e+00 -7.29526454e+00
   -5.84603206e+00 -6.81358897e+00]]

 [[ 9.20306807e-01  7.32588605e-01  6.59909884e-01  5.40175628e-01
    3.98450922e-01  2.53513052e-01  2.92256610e-01  3.56638989e-01
    6.40471075e-01  4.34931318e-01]
  [ 3.11414375e+00  3.00710808e+00  3.02159438e+00  3.23092756e+00
    3.04517996e+00  3.05516937e+00  3.12048085e+00  3.01631374e+00
    3.02338411e+00  3.00119989e+00]
  [-9.58816321e+00 -4.72316776e+00 -8.21521884e+00 -4.22053016e+00
   -7.75296953e+00 -6.77048007e+00 -9.32096845e+00 -8.48034346e+00
   -7.31023235e+00 -8.52524478e+00]]

 [[ 1.43567003e+00  8.89207780e+00  8.36920524e+00  3.12651008e+00
    6.31785243e+00  4.57692248e+00  3.29209694e+00  7.09070475e+00
    9.18945180e+00  7.57851520e+00]
  [ 5.47690393e+00  3.71468817e+00  3.32313661e+00  3.01629046e+00
    4.85589394e+00  3.00059434e+00  5.68679987e+00  3.43594961e+00
    3.12612501e+00  3.54427436e+00]
  [-4.18026175e+00 -2.72178242e+00 -3.57874989e+00 -2.93309548e+00
   -2.25134704e+00 -2.39252669e+00 -3.97335889e+00 -2.68747249e+00
   -2.33238295e+00 -2.18127299e+00]]

 [[ 3.50488855e+00  3.24459154e+00  7.05391296e+00  5.69433925e+00
    2.72433342e+00  3.41229799e+00  3.85071027e+00  1.39258596e+00
    4.14719398e+00  4.57219917e+00]
  [ 3.73715249e+00  3.78592749e+00  3.94251361e+00  3.04744433e+00
    3.08931232e+00  3.12930084e+00  3.58783676e+00  4.42892335e+00
    4.35062530e+00  3.74634579e+00]
  [-2.31857604e+00 -2.36490831e+00 -4.20830539e+00 -5.56056303e+00
   -5.29220169e+00 -6.13215628e+00 -2.46526126e+00 -2.42350288e+00
   -3.31121122e+00 -2.72275065e+00]]

 [[ 3.42685335e+00  4.92867315e+00  3.02756837e+00  3.70923727e+00
    3.30750303e+00  1.84774036e+00  1.64160250e+00  6.45223737e+00
    1.61327619e+00  1.30133987e+00]
  [ 3.07985144e+00  3.06327455e+00  3.50286654e+00  3.44913960e+00
    4.64143895e+00  3.24000005e+00  3.85883003e+00  3.02090854e+00
    3.26342442e+00  3.93187582e+00]
  [-7.28362139e+00 -3.29539924e+00 -3.03166425e+00 -4.44807295e+00
   -2.73397276e+00 -3.86463049e+00 -2.51974452e+00 -5.98047018e+00
   -8.48994385e+00 -3.96276614e+00]]

 [[ 1.92321885e+01  1.33897356e+02  2.53607620e+01  5.16973570e+01
    2.72566845e+01  2.81868161e+01  3.08825405e+01  4.03447457e+01
    6.62749912e+01  2.00234820e+01]
  [ 8.07737582e+00  3.09895632e+00  4.28225565e+00  1.05408579e+01
    4.67273596e+00  3.37175146e+00  3.44686349e+00  4.09283073e+00
    4.21165193e+00  6.49361266e+00]
  [-2.15000819e+00 -1.07218396e+00 -2.15404241e+00 -2.16677876e+00
   -4.32166482e+00 -8.86874649e-01 -1.11268102e+00 -2.04320345e+00
   -8.54517322e-01 -1.00380321e+00]]

 [[ 3.59319863e+01  2.95665530e+01  2.66505206e+01  6.38253832e+00
    1.20641842e+01  3.51968014e+01  2.63271209e+01  2.77672466e+01
    1.53298617e+01  3.05620152e+01]
  [ 3.12385500e+00  4.63733460e+00  9.13697588e+00  8.52035996e+00
    3.48729999e+00  5.08603821e+00  3.69043382e+00  3.81241106e+00
    3.35581202e+00  4.81110542e+00]
  [-2.36724698e+00 -1.53293712e+00 -2.04249990e+00 -2.54154064e+00
   -1.58110173e+00 -3.65750637e+00 -1.61829354e+00 -1.26491152e+00
   -1.17401915e+00 -1.26377532e+00]]

 [[ 9.69334202e+00  1.80529750e+01  1.35866954e+01  1.79523455e+01
    2.46533178e+01  1.76404871e+01  1.26027728e+01  1.76091518e+01
    1.72838811e+01  2.17178175e+01]
  [ 1.06820013e+01  7.54949469e+00  3.02489003e+00  3.89741939e+00
    3.62676943e+00  3.59415177e+00  3.81643091e+00  4.45763124e+00
    3.57257954e+00  7.31716763e+00]
  [-1.54024118e+00 -1.48490240e+00 -2.45496316e+00 -3.33084397e+00
   -1.46833811e+00 -1.56208760e+00 -1.46654314e+00 -2.09639948e+00
   -1.30098472e+00 -1.55214840e+00]]

 [[ 1.75812397e-04  7.27586936e-05  1.85741499e-04  3.19269299e-04
    1.70812585e-04  1.94480274e-04  1.81837283e-04  2.05815555e-04
    1.95434715e-04  1.75764578e-04]
  [ 3.00005255e+00  3.00000028e+00  3.00002942e+00  3.00002224e+00
    3.00000165e+00  3.00000319e+00  3.00000272e+00  3.00000437e+00
    3.00001639e+00  3.00001693e+00]
  [-5.08755591e+00 -1.83756767e+00 -3.72426327e+00 -3.72420789e+00
   -2.75190741e+00 -1.04026740e+01 -3.72425133e+00 -5.12859964e+00
   -3.72422148e+00 -1.04019537e+01]]

 [[ 9.43781908e-05  6.84626479e-05  4.82448689e-05  5.82105070e-05
    6.39497497e-05  1.49441581e-04  1.20928901e-04  9.26668261e-05
    8.46644528e-05  2.15637779e-04]
  [ 3.00000241e+00  3.00000096e+00  3.00000315e+00  3.00000415e+00
    3.00000241e+00  3.00001286e+00  3.00000524e+00  3.00000309e+00
    3.00000366e+00  3.00000056e+00]
  [-1.04022843e+01 -2.76587421e+00 -3.72422794e+00 -2.76585992e+00
   -1.04024951e+01 -3.72427501e+00 -5.08766381e+00 -1.04022500e+01
   -3.72419473e+00 -5.12865017e+00]]]