[[[ 2.43238794e-06  1.08025953e-06  4.74828492e-08  7.94042531e-07
    2.09403449e-09  6.41068816e-07  1.55857489e-06  4.34191375e-07
    5.28484043e-07  1.62417258e-07]
  [ 2.30642993e-10  7.42239139e-09  1.84212371e-10  7.93345486e-10
    7.69812828e-11  4.07055480e-09  1.07234124e-09  8.49062862e-09
    2.23194830e-08  7.64428031e-09]
  [-5.45924469e-03 -8.28660004e-04 -2.43438063e-02 -2.03685906e-02
   -2.33142293e-02 -5.68287744e-02 -2.71390730e-02 -3.36493444e-03
   -6.42263474e-03 -3.09997249e-01]]

 [[ 2.35411312e-07  4.91518285e-07  6.70234081e-07  2.02843165e-07
    1.26752062e-07  2.82600735e-08  6.50536547e-07  5.75477990e-09
    2.11788079e-08  5.12898180e-07]
  [ 1.31081547e-08  1.45459605e-08  1.07602729e-09  2.22628115e-09
    3.59170496e-09  6.81728593e-09  1.19571238e-09  1.00684338e-08
    2.13048634e-09  1.05247809e-08]
  [-4.42705420e-02 -6.81396958e-02 -5.00005328e-03 -2.52954292e-02
   -4.76465719e-03 -2.91676529e-03  5.70375464e-01 -2.45464621e-02
   -4.12962854e-02 -1.78991734e-02]]

 [[ 8.07055124e-06  1.53114633e-07  2.59282886e-06  9.70630242e-07
    9.66487035e-07  9.92217887e-06  5.01712585e-07  4.08812406e-06
    3.49909109e-07  2.59824763e-07]
  [ 4.96307241e-08  7.20635925e-08  1.85604893e-09  2.79043292e-08
    1.30417890e-08  7.97676690e-08  1.32731787e-09  1.32515041e-08
    1.54764900e-08  2.39710555e-09]
  [-3.10802025e-03 -7.18461095e-04 -1.85686916e-02 -2.68423298e-02
   -3.77787995e-02 -2.92479747e-02 -2.04081122e-02 -3.51197696e-02
   -1.97657981e-02 -1.26626036e-02]]

 [[ 1.60069794e-07  2.29615586e-06  1.93558702e-06  4.29377870e-06
    4.67306955e-07  9.63801255e-07  7.60648640e-08  1.45262832e-07
    3.02177232e-07  1.79989999e-06]
  [ 6.00272406e-08  1.10317765e-10  5.32696129e-09  1.37024751e-07
    6.45879082e-08  5.24312976e-08  5.63127643e-09  5.10257018e-08
    1.06433566e-07  4.16646688e-09]
  [-5.45732029e-03 -8.31779900e-03 -1.30622303e-01 -1.33578396e-01
    5.08848512e-01 -4.82335989e-02 -2.35108817e-02 -1.17910939e-01
   -5.57241429e-02 -3.60653404e-01]]

 [[ 7.90736484e-06  4.09457553e-10  9.10244510e-07  7.48518943e-07
    8.90055678e-06  8.61406118e-06  2.72442538e-06  2.89251387e-07
    2.68025294e-07  2.06376315e-06]
  [ 2.38911090e-10  2.99761860e-07  9.82946010e-11  4.73387776e-09
    2.00127491e-10  3.05487863e-09  4.56495812e-09  1.48808799e-07
    7.52106784e-08  5.50592397e-10]
  [-2.07502485e-01 -1.36635763e-02 -4.59718549e-02 -2.00772653e-02
   -6.72723938e-02 -9.92876498e-03 -1.08835462e-01 -2.46098758e-02
   -1.75547146e-01 -7.89093974e-03]]

 [[ 1.46452979e-05  9.39922707e-06  6.91198002e-07  5.99673925e-06
    3.91965500e-05  2.31406126e-07  1.95676796e-05  1.29806505e-05
    5.31630950e-06  2.26157399e-06]
  [ 1.77686135e-06  5.05457195e-07  7.12885593e-08  1.92861810e-09
    2.77310531e-07  1.02933905e-07  2.47266492e-07  7.64935346e-07
    7.37398911e-08  1.39708237e-08]
  [-4.93985658e-03 -8.76883040e-02 -1.39842354e-01 -1.74584519e-02
   -5.79375209e-02 -9.89303572e-03 -1.86007484e-01 -2.40842518e-02
   -2.61460041e-01 -1.21983489e-02]]

 [[ 2.01829348e-05  4.34200208e-05  2.27292792e-07  1.59971980e-05
    2.38774815e-05  1.88885738e-07  1.89754591e-04  1.78774755e-06
    1.46094193e-05  5.11894663e-07]
  [ 1.19457691e-06  5.69474786e-08  5.54896592e-08  3.97433296e-07
    3.73629538e-07  6.36471572e-07  5.42993014e-08  1.44395870e-07
    8.42806253e-07  4.49762777e-07]
  [-1.88650568e-02 -1.24815990e-02 -3.55669914e-02 -1.11979493e-01
   -9.29070342e-03 -4.54860450e-02 -1.31317990e-01 -5.19463399e-02
   -8.87335939e-03 -2.02474912e-01]]

 [[ 6.88742824e-07  3.60871648e-07  6.05829433e-06  1.55986593e-04
    1.32753946e-05  7.34132701e-07  2.06005132e-05  3.39025033e-06
    5.91704924e-05  6.57837230e-07]
  [ 1.61573879e-07  1.05814919e-07  6.06996863e-07  3.42004766e-09
    3.38815728e-08  2.59732075e-08  1.07862984e-08  2.72121426e-08
    6.11830848e-07  4.01125428e-09]
  [-1.49666281e-02 -7.11706001e-02 -1.40262327e-01 -4.59846118e-02
   -8.85039251e-02 -3.14365032e-02 -5.45674295e-02 -2.50123298e-02
   -6.67667812e-02 -2.39263300e-02]]

 [[ 2.68810497e-12  1.23440887e-11  4.86985940e-11  1.38521123e-11
    4.01732526e-11  5.35718701e-11  1.90948256e-10  3.94677990e-12
    4.08015632e-12  3.90775452e-11]
  [ 8.35142926e-14  7.49331775e-13  1.31694674e-13  1.89890934e-13
    2.61997649e-13  2.05661406e-13  1.37337635e-13  9.07401559e-14
    8.75045413e-13  1.42776103e-15]
  [-3.59830707e-04 -8.71566462e-05 -1.67747811e-04 -8.05548173e-05
    1.44089272e+00 -2.35805745e-04  1.34528958e-01 -9.08694068e-05
   -1.37349445e-03 -1.86674854e-04]]

 [[ 8.11382449e-11  3.56525518e-12  1.01055009e-13  2.87700524e-11
    1.95296716e-11  2.78407122e-12  6.91953938e-11  1.20156401e-12
    8.10707842e-12  9.89846565e-12]
  [ 1.01705452e-12  9.51540550e-13  4.82357677e-14  3.82135642e-13
    5.87155910e-14  3.16331759e-13  1.43304356e-12  4.10430719e-12
    2.37296128e-13  5.65584013e-13]
  [-2.69334737e-04 -1.44575808e-04 -4.47031105e-04 -6.26015891e-05
   -2.56603985e-03 -1.40540675e-03 -9.71123266e-06 -2.67239545e-01
    1.89979195e-01 -3.02465914e-04]]

 [[ 3.29008084e-11  4.52531693e-13  1.25140813e-11  2.07355595e-12
    2.16077104e-12  8.05769333e-14  2.44884146e-10  5.39139974e-12
    1.83997231e-11  7.81415131e-12]
  [ 3.21286288e-13  5.99253673e-15  3.62577421e-13  1.52674863e-13
    2.43548873e-13  1.69975411e-13  1.25525250e-13  2.27713566e-13
    3.33209078e-13  5.21210498e-13]
  [-3.73177448e-01 -1.49247632e-03 -1.81643902e-04 -3.92750372e-05
   -1.56156920e-04 -2.47053614e-04 -2.24413544e-04  8.22103451e-01
   -3.66185310e-04 -8.55273375e-06]]

 [[ 5.55494055e-08  9.16239080e-09  9.90618249e-09  8.33621830e-09
    4.21987965e-08  2.96477031e-09  1.38758757e-08  1.26075241e-08
    1.70391045e-09  6.94816264e-10]
  [ 6.80523091e-12  2.66263461e-12  7.28266024e-11  4.30796233e-11
    4.31913403e-10  7.60032822e-11  2.39734433e-10  3.17031848e-10
    6.41452484e-11  1.24000974e-10]
  [-1.52704216e-03 -3.89912079e-03 -5.00874917e-02 -4.93125948e-03
   -2.67979264e-04 -1.36080680e-02 -1.20187478e-03 -9.57189511e-04
   -7.38574299e-03 -1.84041193e-03]]

 [[ 1.13563081e-08  5.10665080e-08  1.43264634e-09  3.65288051e-09
    1.30890964e-09  9.54713653e-08  1.28604419e-09  1.99936863e-08
    2.16454524e-09  2.35436547e-10]
  [ 5.54141992e-11  5.87677049e-10  2.08943471e-11  4.87941696e-10
    1.44030353e-10  4.00899668e-14  1.29394390e-09  5.61059847e-13
    6.44723364e-11  7.85751531e-11]
  [ 6.36473234e-02 -1.04696875e-02 -6.57804750e-03 -2.34334353e-03
   -1.16567232e-02 -3.30955719e-03  1.00443876e+00 -7.14208002e-03
   -1.75532692e-02 -6.42041313e-03]]

 [[ 5.51092890e-10  2.56450844e-08  9.99573081e-09  3.50616209e-09
    5.67361210e-09  4.28354552e-08  1.00588894e-08  4.40319177e-12
    2.00863599e-08  1.21648349e-08]
  [ 8.35699145e-10  4.32100354e-10  2.11444723e-10  4.06224081e-11
    2.70771993e-10  1.22294413e-10  5.12791993e-12  5.92620555e-11
    2.26821182e-11  1.25420214e-11]
  [-6.27048831e-03 -9.32214924e-04 -2.53881815e-03 -2.22111837e-02
    7.46916037e-03 -1.54348349e-03 -3.77638403e-03 -1.80312035e-03
   -3.62800274e-04 -1.09090094e-02]]

 [[ 2.28574180e-08  6.02930758e-08  5.40860609e-08  2.27574448e-08
    2.27857751e-07  9.23448152e-10  4.76886005e-07  1.19957924e-08
    1.83728611e-07  1.72941123e-08]
  [ 4.05727903e-09  2.62557746e-09  1.01443248e-09  2.85847407e-11
    1.09715896e-10  5.03724921e-11  7.10769741e-10  1.16216130e-10
    7.15387963e-11  1.77128513e-09]
  [-9.99793993e-03 -2.76780414e-03  2.58159366e-01 -1.47269252e-02
   -1.44250774e-03  1.23037069e+00 -4.99506510e-04 -2.06012417e-02
   -9.29870366e-05 -1.73960153e-03]]

 [[ 1.45089142e-08  1.51408402e-08  7.85421274e-10  5.48545932e-08
    3.03287551e-12  3.95632055e-09  3.25253607e-08  5.39409499e-08
    1.98953299e-08  9.90695391e-09]
  [ 1.10481253e-09  3.68651538e-11  2.20360477e-10  8.21022031e-11
    2.05937852e-09  2.96514054e-10  5.30176109e-10  2.48794423e-10
    9.97364805e-11  6.50168479e-11]
  [ 1.29174471e-01 -6.13707776e-03  9.48753095e-01 -6.30180736e-03
   -5.35126269e-02 -1.93243860e-02  5.02827746e-01 -4.08326653e-03
   -3.79294502e-02 -7.62109925e-04]]

 [[ 2.08780213e-08  4.58237856e-07  7.50006281e-09  7.54637227e-09
    7.83590944e-09  6.30278635e-08  1.35813816e-10  3.49149616e-09
    2.96649693e-09  5.17128836e-09]
  [ 1.98018845e-09  1.47237532e-09  3.88313967e-10  5.30585601e-10
    1.67470889e-09  6.56653987e-10  1.83485935e-09  2.07225658e-10
    1.65205142e-09  8.06428883e-10]
  [-3.66332689e-02  3.81237793e+00  2.61772919e-01  1.44504699e+00
    1.69343827e+00 -2.64229576e-01 -3.11728439e-03 -4.83193895e-02
   -4.41298510e-02  9.37701155e-01]]

 [[ 8.82040188e-08  1.32625479e-07  2.21249419e-08  1.96392425e-08
    5.92360156e-09  6.43441634e-08  4.24159044e-08  8.08167146e-10
    7.16417132e-07  1.40319285e-07]
  [ 1.04777057e-09  3.32343376e-09  8.55191812e-09  4.52198117e-10
    6.52925494e-09  7.89392567e-09  1.74229403e-09  8.19647897e-10
    6.02259037e-10  3.12033497e-09]
  [-1.15831157e-02 -5.17003653e-02 -3.44446217e-02 -7.19461333e-03
   -2.78335322e-02 -7.39679008e-03 -2.62347125e-03 -2.51375820e-02
   -1.39124156e-02 -5.06114670e-02]]

 [[ 7.27066574e-08  1.69608509e-07  2.13685789e-08  2.87713058e-07
    4.34960027e-08  3.09257503e-11  2.28243240e-08  1.85823960e-08
    3.01814103e-07  3.17586752e-08]
  [ 1.54271941e-09  1.12354466e-10  8.66804176e-19  5.27485800e-09
    3.58454783e-12  2.03211076e-08  7.31241176e-09  1.31491835e-09
    1.53289544e-12  6.77603497e-11]
  [-7.17865435e-02 -4.85136406e-02 -1.41925767e-02 -2.93102729e-02
    2.61772921e-01 -2.96126132e-03 -2.44685239e-02 -6.60328283e-03
   -5.58337675e-03 -2.86866639e-02]]

 [[ 1.18391971e-07  8.79961760e-08  4.28359894e-07  2.22692977e-07
    1.46627113e-10  3.66131256e-10  1.08488989e-07  1.64569823e-08
    9.80411675e-08  2.16348505e-09]
  [ 4.89522425e-09  1.84328025e-09  3.89397999e-11  1.68521505e-10
    7.46235495e-09  1.17261811e-10  2.98377165e-10  9.75761579e-10
    9.75151458e-09  6.97375068e-11]
  [-3.00893821e-03 -8.71003413e-03 -2.77619177e-02 -3.41655584e-03
   -2.01404608e-02 -1.33127183e-01 -2.04907104e-02  2.56264368e-01
   -6.42316533e-03 -1.44277556e-02]]

 [[ 3.10164141e-06  1.42873329e-07  4.34097575e-07  1.42977784e-07
    4.91027858e-07  1.04948564e-07  1.58523556e-07  5.83450191e-07
    3.12103412e-06  1.76497452e-07]
  [ 1.70448150e-09  9.87041051e-09  6.77056809e-10  8.19772265e-09
    4.02908030e-09  1.29539761e-08  2.45971415e-08  3.07334886e-09
    4.87918173e-10  9.09645435e-10]
  [-7.61743933e-02 -1.94155754e-02 -1.26431795e-02  8.14759549e-01
   -1.67012126e-02 -8.14290063e-02 -6.39545766e-02  5.72176751e-01
   -1.74643373e-02  3.79486253e-01]]

 [[ 4.33222017e-07  2.38044791e-07  1.18604484e-06  1.28751315e-08
    8.41871375e-07  1.13773263e-07  1.78354095e-06  1.46222377e-07
    8.48961814e-07  1.91573473e-08]
  [ 3.76289803e-09  6.54216394e-09  1.43341735e-10  9.51332469e-10
    6.21092310e-10  3.08395961e-11  1.91368582e-09  4.53924067e-11
    5.31895367e-10  5.07282505e-10]
  [-3.23118488e-03 -6.28694536e-03 -7.10474857e-02 -2.50567456e-03
   -1.86144868e-03 -2.24142587e-02  1.30755608e-01 -4.82796592e-03
   -8.65470238e-02 -4.29683447e-04]]

 [[ 4.13950835e-07  1.25859168e-07  4.55919971e-07  2.77145724e-06
    7.63642279e-07  8.95552181e-08  1.73400623e-07  4.65438024e-07
    2.22960278e-07  1.29856784e-07]
  [ 1.08497222e-09  2.41662660e-09  5.34086025e-10  1.18147533e-08
    5.45558356e-09  3.01526698e-09  5.61739288e-10  2.06591204e-08
    1.59509233e-08  2.73265800e-08]
  [-3.19088120e-02 -2.57903632e-02 -3.44056249e-02 -6.81427770e-04
   -2.46565938e-01 -2.25122122e-03 -3.96444036e-03 -2.96078947e-02
    2.80673812e+00 -5.24809797e-03]]

 [[ 1.02413692e-06  1.07208932e-05  2.85301891e-07  1.18418338e-07
    3.34235289e-06  1.59156382e-06  1.28718792e-05  1.75422007e-06
    3.18376998e-06  3.35890908e-06]
  [ 2.05049998e-08  1.32467523e-10  1.58391167e-08  1.82955300e-06
    1.55443063e-08  5.07143804e-08  4.75366464e-08  3.38082066e-08
    7.19566631e-09  4.20693543e-09]
  [-1.25570673e-01 -7.90776694e-02 -8.66297768e-02 -1.00155386e-01
   -2.87604787e-02 -1.02328245e-03 -1.20884174e-01 -8.03294199e-03
   -2.23582441e-03 -2.41942273e-02]]

 [[ 2.65483397e-06  4.11499497e-07  6.42103617e-08  5.94447385e-07
    2.59038405e-08  2.87755630e-06  1.16877958e-05  2.39742605e-06
    1.70034603e-07  1.37011745e-05]
  [ 4.57997632e-08  1.73625204e-10  5.73992644e-08  4.12455583e-10
    3.91838815e-08  2.38169624e-11  1.42647533e-07  1.21909280e-07
    1.06445102e-08  1.40289359e-08]
  [-9.81436344e-02 -3.35715165e-02 -3.36807438e-02 -6.43211826e-03
   -4.92869981e-02 -1.40787957e-01 -7.87168731e-02 -1.22359648e-01
   -1.91424506e-02 -1.81376659e-02]]

 [[ 7.30885702e-06  2.11292736e-06  5.13757304e-06  1.71394203e-05
    2.23601067e-06  8.27914919e-07  1.36870190e-06  6.03181244e-07
    1.86056552e-06  2.22516122e-06]
  [ 4.09004367e-09  6.91169053e-09  1.78776443e-07  4.63825451e-08
    3.57717481e-07  2.62943679e-08  2.16581699e-07  5.36344820e-08
    1.47510908e-09  1.09385771e-07]
  [-7.11632288e-02 -2.09327858e-02 -1.80675824e-01 -5.65349954e-02
   -6.62096176e-02 -8.99681160e-03 -7.98872047e-02 -1.43658186e-01
   -1.39388063e-01 -1.52234533e-01]]

 [[ 7.28441128e-12  1.87819653e-11  1.81979734e-11  4.10931752e-11
    6.78320542e-12  8.34721223e-11  2.79740828e-11  3.57511722e-10
    5.96196194e-11  6.96784944e-11]
  [ 4.57968499e-13  1.47348952e-12  4.56418058e-13  7.15484043e-13
    5.46690088e-13  3.78657733e-12  3.47751225e-14  1.19632493e-13
    2.41453006e-14  1.81677022e-13]
  [-3.43106030e-02 -7.60493775e-03 -1.25800781e-01 -1.37553132e-01
   -1.70338634e-05 -4.72167275e-04 -2.21709517e-04 -1.19540365e-04
    6.80557994e-02 -1.42172843e-01]]

 [[ 1.54624071e-11  1.78777290e-12  2.70260182e-12  9.49164124e-12
    1.35177082e-11  7.97771660e-11  4.29263770e-11  1.21617111e-10
    2.50656480e-13  6.76716658e-11]
  [ 1.07123222e-12  3.45963859e-13  3.58554256e-13  1.22609100e-12
    1.61990614e-14  4.19996401e-14  1.11518054e-12  2.58550557e-13
    1.53023478e-13  8.39245521e-14]
  [-1.55853518e-04 -8.94133711e-02  1.94528493e-01 -2.63198736e-03
   -3.55384371e-04 -1.17172765e-01 -3.82477421e-02 -2.81652198e-04
    4.41704519e-01 -1.50463930e-02]]

 [[ 1.35955250e-11  4.24584804e-13  3.80284820e-14  1.09740733e-11
    1.17511620e-11  2.50375644e-14  4.04266546e-13  1.17778215e-16
    3.00528886e-11  1.55433301e-10]
  [ 4.56511541e-20  3.33357159e-14  3.02548725e-13  4.87099788e-14
    2.71256091e-13  4.93750376e-13  5.38634973e-14  2.98001898e-13
    3.34901507e-15  7.96231630e-13]
  [-1.51507012e-04 -4.18706430e-02 -3.98371585e-02  1.33295415e-01
   -1.56032015e-01 -1.08149487e-01 -1.27756495e-02 -4.85578570e-02
   -6.73663631e-02 -4.33983480e-07]]

 [[ 6.17987749e-09  2.71704752e-08  9.96513282e-09  2.25924235e-08
    6.04837385e-08  4.83073223e-09  8.94607085e-08  1.89888258e-08
    7.60305414e-10  1.49821387e-09]
  [ 6.76026680e-11  3.81558447e-11  5.32669485e-10  3.21315224e-10
    9.34126200e-11  2.41464471e-10  9.45779421e-10  1.78048235e-10
    1.66116874e-10  2.13449167e-10]
  [-5.24803154e-03 -1.59479592e-02 -2.02574055e-01 -4.39179170e-03
   -1.07699182e-02 -4.02023122e-03 -9.57375474e-04 -1.66699991e-02
   -1.56253799e-02 -1.07665278e-02]]

 [[ 1.78521705e-09  4.16822596e-08  8.07891842e-10  8.96136617e-10
    7.24893923e-08  4.99456636e-09  4.66046868e-08  5.32872863e-09
    4.20904764e-09  1.66448741e-10]
  [ 5.93171499e-10  2.03329586e-10  5.78497261e-12  9.73720265e-11
    1.41577025e-11  7.02161347e-15  1.72474584e-10  3.94494313e-12
    1.61390850e-09  6.40883465e-11]
  [-1.01048182e-02 -8.16863897e-03 -7.78878966e-02 -1.16914927e-01
   -3.83585294e-02 -1.66872676e-03 -2.44007669e-03 -1.79981292e-01
   -5.00443566e-02 -1.36611238e-01]]

 [[ 1.86954159e-08  6.44738396e-09  1.36081174e-08  1.82863899e-08
    8.11541502e-10  3.49785162e-09  2.39035628e-09  2.26461065e-09
    2.19051496e-08  3.35076015e-10]
  [ 1.24579831e-10  4.06740975e-11  1.83787365e-10  4.17225464e-11
    2.93388549e-10  6.46994580e-11  2.38206406e-10  4.10910972e-11
    9.44489951e-11  2.64871930e-10]
  [-5.39924700e-03 -3.24138033e-03 -2.37010036e-02 -6.28314779e-02
   -1.14103557e-02 -3.05943054e-03 -2.77538766e-02 -3.92452329e-03
   -2.01929884e-02 -2.50930546e-04]]

 [[ 2.22685036e-07  4.83088812e-07  1.30011525e-08  1.96747525e-07
    1.31025829e-08  1.35579519e-08  1.32564221e-07  1.00189476e-07
    2.45657536e-08  2.70509344e-08]
  [ 9.04874113e-10  1.47020794e-09  1.43033289e-10  4.61399126e-09
    2.64972089e-10  2.20145696e-09  1.33824991e-09  2.19674035e-10
    4.15463001e-09  7.37867245e-10]
  [-8.00558916e-03 -1.14368552e-03 -1.78883495e-02 -9.28191189e-02
   -1.10214960e-02 -7.11383943e-02 -2.63301059e-02 -2.04444698e-02
   -5.54797810e-03 -2.51483738e-02]]

 [[ 1.03576139e-08  1.02011775e-07  3.23620513e-08  1.65606827e-09
    1.54299492e-07  1.64817239e-08  2.16585851e-08  9.27223591e-08
    3.33943856e-08  6.15943812e-08]
  [ 1.64076559e-09  1.23916506e-09  2.24504501e-13  1.75324208e-09
    1.42768686e-10  2.51670670e-10  6.33396457e-10  3.86460411e-10
    5.79188136e-11  3.40454915e-13]
  [-4.11489406e-02 -3.01025562e-02 -1.05846844e-04 -7.05076035e-02
   -2.43924720e-03 -1.07407758e-02 -6.86481016e-02 -9.38953312e-02
   -1.28014125e-01 -2.38428289e-02]]

 [[ 3.58326455e-08  1.40577141e-09  6.00132599e-08  3.11926258e-09
    1.25960795e-07  4.29290036e-08  1.27762413e-07  3.66490563e-08
    5.40800388e-08  1.34499638e-08]
  [ 3.88368325e-10  1.83628737e-11  1.22750610e-09  2.87366310e-09
    6.00636784e-10  1.30784011e-09  2.45162510e-09  1.07925535e-09
    1.02181640e-09  3.38031413e-09]
  [-1.80984615e-03  1.95179762e-01  1.45175395e+00 -4.01321569e-02
   -4.82806908e-02 -1.05636946e-01 -7.26270837e-03 -2.82314995e-02
   -4.83424121e-03 -2.83540165e-02]]

 [[ 2.35736220e-08  4.58158177e-08  1.90368366e-07  2.10158471e-08
    6.13172362e-07  3.77509482e-08  3.04304328e-07  6.40260480e-08
    1.68327418e-08  9.18991141e-08]
  [ 1.26599327e-09  3.45282658e-09  1.76696051e-09  9.42625059e-13
    9.96296034e-09  1.57114149e-09  1.42467107e-08  3.51229530e-10
    7.31102377e-09  3.02782025e-09]
  [-4.48918906e-03 -8.14591243e-02 -2.59531810e-02 -5.32378169e-02
   -3.00494759e-03 -2.22876346e-01 -1.82055676e-02 -1.66893621e-01
   -9.55321382e-03 -1.61241147e-03]]

 [[ 6.65227855e-10  5.37093445e-08  5.18457868e-08  2.56548129e-08
    1.90250624e-07  2.28911121e-08  1.19026322e-07  5.60828524e-08
    3.20569693e-07  2.13623334e-08]
  [ 1.93173929e-09  2.75208935e-09  1.27605116e-10  1.52195681e-09
    5.36298197e-11  6.49747197e-10  1.86358292e-09  6.64595585e-10
    6.17959747e-11  7.78627430e-09]
  [-6.33573407e-03 -1.80570934e-03 -1.91770620e-01 -8.28121638e-03
   -6.36813167e-02 -4.72282148e-02 -1.52178655e-02 -1.52634734e-02
    8.59588547e-03 -1.81602685e-03]]

 [[ 1.17850532e-07  6.59270962e-08  2.75149852e-07  7.80552516e-08
    1.10596712e-08  2.00974121e-07  3.31504345e-08  3.83322067e-07
    1.07849277e-07  1.46475542e-07]
  [ 1.33216291e-09  2.49623179e-09  1.10269625e-10  1.60608892e-08
    7.59605549e-13  1.13947785e-09  5.05739154e-10  2.81208532e-10
    1.03911073e-09  3.02930332e-10]
  [-7.04068613e-02 -7.11817569e-02 -2.22844419e-02 -1.46676452e-02
   -1.24484587e-02 -3.19053168e-02 -3.80959256e-02 -2.66766106e-02
   -3.81092500e-02 -1.31738490e-02]]

 [[ 5.31030216e-08  1.01201843e-07  1.41978021e-06  3.61539829e-07
    1.20329090e-06  1.91948702e-07  3.52602668e-07  7.37017603e-08
    3.59370047e-06  2.04000859e-06]
  [ 1.68803912e-08  5.76662087e-08  8.65873306e-11  4.87505706e-09
    1.69493932e-11  1.37675454e-09  5.14786186e-10  2.96991173e-09
    3.45319950e-09  5.76214342e-08]
  [-1.41875305e-01  4.41663883e-01 -2.29972787e-02 -2.81186054e-02
   -1.68032298e-02 -3.78850979e-02 -1.30364916e-01 -3.60850184e-03
    6.80857491e-02 -2.62496947e-02]]

 [[ 1.85341702e-07  1.19505179e-06  8.73777572e-07  4.76827236e-07
    1.13545511e-08  8.82581501e-07  1.63710913e-06  3.79523226e-07
    3.49091294e-07  6.57206930e-07]
  [ 3.42285514e-08  1.02588579e-08  2.84598709e-09  6.10935367e-09
    2.10343422e-08  6.20768497e-10  4.31742746e-10  8.52441181e-09
    5.55041349e-08  1.09306909e-08]
  [-3.07093285e-03 -1.79606862e-02 -1.13028338e-01 -9.30097123e-03
   -1.49193969e-02 -7.45639529e-03 -3.15611023e-02 -1.06219015e-02
   -6.62649065e-03 -4.61767440e-02]]

 [[ 1.30598532e-07  2.79779507e-09  5.12631013e-07  1.61513305e-07
    3.69579844e-07  9.78036562e-08  1.25068481e-07  2.76596536e-07
    6.61561600e-06  6.92480185e-08]
  [ 1.92803176e-08  3.39822355e-10  1.66699597e-08  2.09043382e-08
    5.75615567e-09  8.38837758e-10  1.24057509e-08  7.39210127e-09
    2.19435507e-11  2.32636060e-09]
  [-6.56581738e-03  5.08025757e-01 -3.88721998e-02 -1.86566899e-02
   -5.16962236e-02 -8.95761538e-02 -1.47211927e-02 -7.85103309e-04
   -1.17545785e-02 -6.46497715e-02]]

 [[ 3.20377984e-06  3.53039258e-06  2.08698349e-07  2.97428996e-07
    2.27733782e-06  9.48954203e-07  9.27565302e-06  3.24373636e-06
    3.72937103e-07  5.56351088e-05]
  [ 4.69555804e-09  6.45572213e-08  3.70249063e-09  4.06896992e-09
    7.47434633e-08  2.60958537e-07  4.99722628e-08  1.40331614e-07
    1.12915337e-07  7.67814759e-08]
  [-6.28076934e-02 -1.24272428e-01 -2.65731236e-02 -1.47407384e-01
   -1.71973284e-01 -3.58604009e-02 -7.71103957e-02 -1.81052356e-02
   -1.95102661e-02 -3.30989895e-02]]

 [[ 5.89872748e-07  1.47820723e-05  4.50795015e-06  3.97978478e-06
    4.55190544e-06  3.20769622e-08  4.68427828e-06  2.56408370e-06
    1.73165289e-05  8.27928143e-08]
  [ 3.80279108e-07  2.18151924e-07  5.43213209e-08  7.95287519e-09
    2.39146388e-07  7.39123679e-10  2.87108597e-09  7.16707495e-09
    7.73004625e-09  4.25768104e-08]
  [-5.57575319e-02 -1.95391790e-01 -1.42283644e-01 -1.37501817e-01
   -2.21738109e-02 -3.83789357e-02 -3.85468900e-02 -1.83165771e-01
   -2.35933588e-02 -6.28032416e-03]]

 [[ 3.42675539e-07  4.81533137e-06  3.28448863e-06  3.27338972e-07
    6.09326276e-11  3.35763943e-07  1.94156086e-06  9.93626613e-07
    6.92044789e-07  1.75475921e-08]
  [ 7.14854108e-10  3.60800760e-07  4.44317254e-09  5.74893000e-08
    1.33269396e-07  1.14001159e-08  9.35306827e-08  6.76528386e-08
    1.54083705e-07  6.69377524e-08]
  [-1.17613158e-02 -5.85717224e-02 -3.08186220e-02 -2.71130756e-01
   -1.58504495e-01 -3.25949291e-01 -3.44545815e-01 -3.27604672e-02
   -1.88446866e-01 -9.62548152e-02]]

 [[ 4.19972953e-11  1.59204205e-11  6.91353165e-13  3.82271131e-11
    1.75084087e-11  7.22914496e-14  6.91349682e-12  3.23985264e-12
    1.51859745e-12  1.07244322e-11]
  [ 8.32147091e-13  3.08747759e-13  6.97254538e-14  6.03027188e-14
    1.30148475e-13  6.44946998e-15  7.67361158e-14  8.39444939e-13
    6.93693982e-14  1.33339160e-12]
  [ 2.61772919e-01 -8.26065282e-04 -4.42299008e-05 -5.89545970e-05
   -5.12476243e-05 -6.66125134e-05 -1.57110027e-04 -3.19826834e-04
   -8.99278902e-04 -1.94751392e-02]]

 [[ 7.53032787e-12  3.68759063e-13  5.47271705e-12  3.05379405e-11
    3.96773346e-13  4.38620184e-12  1.74932110e-11  1.71131348e-10
    2.89791709e-11  7.12959490e-12]
  [ 1.05504774e-12  1.49365678e-13  3.35935150e-13  7.90508348e-14
    2.72023682e-14  4.43313865e-13  9.35316705e-15  3.11543774e-14
    6.56967300e-14  1.91832875e-13]
  [-2.62370234e-05 -2.09619096e-02  2.61772919e-01 -3.15284454e-04
   -3.25535800e-05 -2.20196266e-05 -6.29415127e-05 -4.36191478e-05
   -1.34840354e-04 -4.90129172e-05]]

 [[ 8.71752180e-12  9.62166061e-13  2.54926542e-13  4.55503122e-13
    1.72132025e-11  1.56473242e-12  1.86469261e-11  7.62925035e-12
    7.91747249e-12  2.61815921e-11]
  [ 8.04718524e-13  2.99707253e-15  7.03267992e-13  1.77641592e-13
    4.84524446e-15  5.28645198e-14  2.91124297e-15  5.40393366e-13
    2.75174452e-13  8.76037623e-13]
  [-4.41715366e-04 -8.87128467e-05 -2.23524580e-04 -3.42009154e-02
   -6.73839695e-05 -2.01496890e-02  4.40636883e-01 -5.96161370e-04
   -2.72042798e-02 -1.77565557e-04]]

 [[ 3.34788296e-10  3.82707315e-09  5.39558212e-09  1.34868488e-09
    2.28534403e-09  1.22872677e-08  4.62877539e-10  5.21488170e-09
    1.41200352e-09  2.35282885e-08]
  [ 1.70424770e-10  8.42569578e-12  2.64732481e-10  7.05048597e-13
    1.60607721e-10  6.58746210e-11  6.29619515e-11  2.61644397e-10
    2.93722593e-10  4.88616569e-12]
  [-1.18409336e-02 -9.49527408e-04 -2.25524043e-04 -1.09997840e-03
    7.46916049e-03 -6.04587160e-04 -5.73189591e-05 -1.20657616e-03
    2.59267221e-01  1.49673211e+00]]

 [[ 1.52403448e-09  8.07419321e-10  2.71529451e-08  1.59120458e-08
    3.54152785e-09  2.18480290e-09  5.33281961e-09  2.14485809e-08
    3.05499960e-09  7.86697246e-09]
  [ 4.99476783e-11  6.78668333e-11  3.71323510e-11  2.14261094e-10
    1.79180566e-10  4.67925136e-10  7.49711286e-11  2.24465924e-10
    5.94483364e-12  5.30822835e-11]
  [-1.34622316e-03  5.09562606e-01 -2.36426139e-03 -1.11000400e-02
    5.06639473e-01  1.95160478e-01  7.46916025e-03 -3.00431476e-03
   -2.12002529e-04  3.22538437e-01]]

 [[ 6.86941873e-09  3.77464309e-08  7.14681991e-09  5.30703089e-09
    5.26584163e-09  4.28548903e-10  3.29512198e-10  7.49062049e-11
    6.11323969e-09  5.10917973e-09]
  [ 2.77634976e-10  5.77747588e-12  1.56416028e-10  5.35844620e-11
    3.27800581e-11  3.10871715e-11  1.19686121e-12  2.18674670e-14
    6.66386603e-11  2.94680029e-11]
  [-1.13435157e-01 -8.94175985e-03 -1.11617874e-02  5.69611192e-01
    3.82534754e-01 -7.27434470e-04 -2.05148361e-03 -2.79827949e-03
   -3.62788361e-04 -3.53540740e-03]]

 [[ 1.71841582e-07  6.85036249e-09  1.42409316e-08  2.05036734e-09
    4.35219836e-08  6.60554956e-08  7.88611830e-08  4.35105314e-09
    5.70909374e-09  3.52951476e-08]
  [ 4.26386325e-10  2.53294944e-09  2.62260200e-10  2.36040426e-10
    2.96597634e-10  1.98943588e-10  6.73736380e-11  2.50647250e-10
    4.22368737e-10  2.12772428e-10]
  [-5.38252384e-03  2.56626567e-01  6.80588699e-01 -8.03574385e-03
   -2.52178512e-02 -6.52075744e-03 -4.03167159e-03 -3.36768826e-02
    1.44524789e+00  3.14849686e-01]]

 [[ 1.08105971e-07  5.60540106e-10  8.97376747e-09  1.00013006e-08
    2.92289918e-08  1.74057366e-08  3.70290952e-07  4.05409636e-08
    1.61084710e-08  1.70576935e-08]
  [ 1.63360605e-10  1.21793461e-10  8.31007702e-11  1.61131900e-10
    4.25232570e-10  9.18157433e-11  2.62883446e-09  7.83804144e-10
    3.75111541e-10  8.44461340e-13]
  [-6.05623933e-03 -2.24169295e-01 -1.29581064e-04 -5.57562305e-02
   -7.73052453e-03  6.80857498e-02 -5.11358786e-02 -2.27542036e-02
   -4.70512458e-03 -3.14203086e-03]]

 [[ 1.74658607e-07  1.96265510e-09  2.56898695e-08  4.36450449e-08
    7.33941223e-08  3.50346782e-09  4.80523209e-08  7.09955177e-08
    1.05851532e-09  2.33441006e-08]
  [ 4.10322408e-10  4.36677006e-11  3.14626471e-10  3.41222349e-10
    1.63528628e-10  9.21903988e-11  6.20499118e-10  7.96963395e-12
    4.09032143e-11  9.78464169e-12]
  [-7.50777429e-03 -1.12100237e-02 -2.79671939e-02 -4.93299519e-03
   -2.02727371e-02 -1.33883231e-01  1.19582028e+00 -1.90044195e-03
   -5.83139070e-03 -1.24809000e-02]]

 [[ 1.90221315e-08  2.22069094e-08  1.72194072e-07  5.90093963e-08
    1.15127125e-07  7.72351468e-08  2.22432169e-07  6.76851426e-08
    1.20399852e-07  1.74584990e-07]
  [ 3.00513088e-10  2.87350338e-09  1.09726729e-09  3.33678644e-09
    3.86996047e-11  9.41308445e-10  5.23005395e-09  9.02394255e-11
    1.76617293e-11  1.66139534e-10]
  [-1.12372357e-02 -9.21116509e-02 -7.27868938e-03  7.01417220e-02
   -5.43921442e-04  5.04370930e-01  7.51304591e-01  1.13536923e+00
   -1.36055706e-02 -2.11343605e-03]]

 [[ 4.74289178e-12  1.26596895e-08  4.73112833e-07  1.65916422e-08
    1.49380957e-07  1.06623891e-07  1.39923352e-07  2.72141586e-07
    4.29585850e-08  2.55112507e-07]
  [ 7.50485086e-10  3.19009671e-10  2.18374806e-11  4.84549406e-09
    4.48946548e-10  4.97736534e-11  1.14717492e-09  3.79756323e-10
    9.71231479e-10  3.41385541e-10]
  [-2.88548301e-01 -6.67239694e-03  1.07537991e+00 -1.20670579e-01
   -2.29786280e-03 -2.03015168e-03  7.46916044e-03 -5.85120375e-03
   -4.44567301e-02 -1.02428473e-01]]

 [[ 8.54879046e-09  3.51136227e-07  9.40572608e-08  3.27546982e-08
    8.94882774e-08  1.40591061e-08  2.27590988e-08  1.23732604e-07
    4.35466240e-08  3.69435601e-08]
  [ 5.82726345e-12  1.80245882e-10  1.90882601e-09  3.65812755e-09
    3.60607412e-09  2.29702153e-10  4.14777699e-10  5.29990457e-10
    8.07253515e-10  4.42699921e-09]
  [-6.00116261e-03 -3.79702624e-02  6.95406657e-02 -3.36760046e-02
    7.08059135e-02 -4.13619531e-02 -4.98431437e-03 -1.47388739e-02
   -2.30017615e-02 -2.37080508e-02]]

 [[ 4.73737111e-07  5.17511420e-07  1.28254012e-07  9.04806900e-07
    5.85745545e-07  4.36212894e-07  8.43102231e-07  2.11041594e-07
    3.22373832e-07  4.73778897e-08]
  [ 4.26598324e-09  1.43326632e-08  1.02815439e-08  3.26517405e-09
    1.00244502e-08  2.03787288e-10  2.95501657e-09  3.20075156e-09
    2.88665558e-08  1.06902633e-09]
  [-4.03972481e-02 -1.02959154e-02 -3.55190328e-02 -4.64805410e-02
   -2.49312625e-03  7.15883051e-02  6.96628204e-02  1.01012029e+00
   -6.31666180e-03 -1.24451669e-02]]

 [[ 2.22336892e-07  1.40099005e-08  1.14790228e-06  8.60365564e-08
    2.62798681e-06  2.12374720e-08  2.53415841e-07  3.63859868e-07
    3.54645844e-08  2.58038410e-08]
  [ 1.17722051e-08  5.61463024e-13  3.78229458e-09  1.97866629e-08
    2.82241869e-09  1.70705958e-08  4.92804887e-08  1.61677524e-08
    1.22006892e-09  9.55845276e-09]
  [-2.60778461e-02 -6.82281265e-03 -9.56830355e-03 -2.02202021e-02
   -5.67181720e-02  8.81081553e-01 -3.05258550e-02  2.58159365e-01
   -6.51171847e-03  7.46916031e-03]]

 [[ 3.12074188e-08  1.04704648e-06  7.28713508e-08  2.32036798e-07
    1.05471451e-07  1.42270737e-08  8.68536238e-08  1.73394021e-08
    2.12156037e-08  1.25313513e-06]
  [ 1.97560723e-09  3.82883116e-13  1.21646246e-10  4.66507803e-09
    1.48326954e-09  8.69884440e-11  1.85876487e-09  5.13263611e-09
    1.12192498e-09  1.42757997e-09]
  [ 1.33020769e-01 -6.80172745e-02 -6.20521828e-02 -2.76578738e-02
   -9.28893389e-02 -2.30977353e-02 -1.01307025e-02 -1.76502904e-03
   -7.53623682e-02 -1.93489495e-02]]

 [[ 4.04350962e-06  8.77331551e-07  2.64084905e-06  1.23328217e-05
    5.24424547e-06  1.22946546e-05  6.44532109e-07  4.09920855e-08
    1.17357842e-05  1.58008453e-06]
  [ 1.84482190e-08  4.60228656e-09  1.78765080e-08  2.72691481e-08
    1.14973351e-08  4.02835714e-08  9.63505435e-08  1.25543272e-07
    5.42717948e-09  2.18768758e-07]
  [-5.70863157e-02 -1.09937636e-01 -6.73880594e-03 -4.48383182e-02
   -3.46452977e-03 -5.54496176e-02 -5.15445757e-03 -8.80736479e-02
   -6.27340170e-02 -3.05073079e-02]]

 [[ 1.65373106e-05  3.09792193e-07  2.44926789e-06  1.74086953e-06
    1.35361652e-06  6.25219159e-07  6.46838160e-09  2.20763695e-06
    7.45426633e-07  1.62030577e-05]
  [ 8.84508474e-09  2.47493490e-08  5.15997046e-08  3.57268379e-09
    6.82492774e-08  3.87775013e-08  1.14908363e-07  3.58308994e-08
    8.87626630e-10  1.81284959e-08]
  [-4.78375475e-03 -2.14365709e-02 -1.15976981e-02 -2.17135558e-01
   -6.49817484e-03 -1.38840572e-01 -5.31686752e-02 -6.19180279e-02
   -5.06349460e-02 -7.08240408e-02]]

 [[ 1.33224966e-07  4.44964098e-06  3.77830485e-06  4.61759033e-06
    1.79265159e-07  3.06944133e-07  7.10784785e-06  3.63823241e-06
    6.08706972e-07  1.09985160e-05]
  [ 2.02573884e-07  4.28985604e-10  3.09825031e-09  2.57358271e-08
    2.82701355e-08  7.56722095e-08  5.53059450e-10  2.73792704e-10
    6.47614752e-09  1.80531021e-08]
  [-3.87378788e-02 -1.75219003e-01 -7.25869078e-03 -5.05096389e-02
   -3.68329540e-02 -2.17750336e-02 -1.46926948e-01 -1.22960046e-02
   -1.07061939e-01 -2.31717766e-02]]

 [[ 8.21454907e-12  7.63887202e-12  1.95365844e-12  1.41886732e-11
    5.56297316e-11  9.70620013e-12  6.76508779e-12  5.15984737e-11
    9.70254928e-11  4.81479115e-12]
  [ 4.38970198e-14  3.53608801e-14  7.82760590e-14  4.14982470e-14
    1.92126444e-14  2.80723480e-13  1.40245180e-13  1.39562438e-13
    9.72478578e-14  9.81499327e-13]
  [-1.48699726e-04 -2.12488837e-06 -6.56593728e-02 -2.27590182e-04
   -1.27351081e-05 -8.13829246e-04  7.46916025e-03 -1.87397697e-01
   -5.40644663e-05  1.30241372e-01]]

 [[ 1.04994309e-10  2.35102674e-11  1.03720588e-12  1.05534779e-11
    8.06423554e-11  1.40260700e-11  1.99512047e-11  2.14050361e-11
    7.53498570e-12  1.75026221e-12]
  [ 1.74109975e-13  9.14833614e-15  9.50878185e-14  8.38094908e-14
    7.33430558e-13  1.42651344e-13  3.15916513e-13  1.75692778e-13
    1.12668461e-12  1.29481813e-12]
  [-1.57153194e-02 -1.51437263e-03 -1.02893341e-04 -1.73213420e-04
   -7.48874671e-05 -8.79769056e-02 -6.90963819e-05 -6.21556272e-06
   -1.95350009e-04 -1.11822951e-04]]

 [[ 8.49563175e-13  5.80147684e-11  8.99304855e-12  6.57245524e-12
    1.42079506e-11  5.23894270e-11  5.50453980e-11  3.69627226e-11
    1.83948339e-12  5.99098731e-12]
  [ 1.00112541e-13  7.10784947e-13  9.16818470e-13  2.24387229e-14
    8.65278359e-15  3.87503097e-13  9.99165049e-13  7.41114885e-15
    2.32959735e-14  2.97708263e-13]
  [-7.46739870e-05 -1.27605353e-01 -2.41876577e-04 -5.00048258e-03
   -4.55940448e-05 -9.15639297e-02 -1.18387804e-03 -1.65493679e-04
   -1.88291745e-02 -2.00944048e-04]]

 [[ 5.32888621e-09  7.45740822e-08  6.26500221e-09  1.47280141e-09
    2.79051673e-09  6.26836524e-09  4.44350052e-09  3.12354907e-08
    3.78506648e-08  1.40416402e-09]
  [ 1.27093700e-10  8.94503427e-11  2.82961961e-10  2.46280265e-11
    6.86368431e-11  1.40362050e-10  6.91957250e-11  1.57984704e-10
    6.76320466e-11  1.66728005e-11]
  [-1.46568414e-02 -2.90952121e-04 -2.96509982e-04 -1.07534484e-04
   -4.93007516e-02 -2.04641671e-03 -1.13052093e-03 -8.68218078e-04
   -4.26224909e-02 -8.05938019e-02]]

 [[ 5.48704855e-08  8.56895515e-10  5.68735670e-09  7.27372007e-09
    1.16119815e-09  1.52167513e-08  1.52648465e-08  2.20528280e-09
    2.01525748e-08  3.08826413e-11]
  [ 1.32848179e-10  7.26650338e-11  1.04234775e-10  2.46817376e-10
    4.18711011e-11  1.28598872e-11  7.31604841e-11  1.63108129e-11
    5.29068611e-11  1.43842038e-10]
  [-2.57394385e-02 -2.16271451e-02 -7.44962324e-02 -7.38924287e-02
   -3.00524381e-02 -2.88320722e-03 -6.79956012e-03 -4.98838811e-03
   -1.84105312e-01 -1.25338427e-02]]

 [[ 3.33634113e-09  2.42960848e-09  2.00968638e-09  5.30284055e-09
    6.71859340e-09  4.03812995e-10  1.80463129e-08  5.52354890e-10
    3.39903132e-10  7.11690613e-09]
  [ 1.59240242e-10  5.36598876e-12  9.20563126e-11  1.07054179e-10
    9.79918706e-12  1.42704363e-11  1.25938988e-10  9.36282541e-14
    8.14734725e-11  1.37457223e-11]
  [-1.45459156e-04 -1.68780504e-02 -7.12315238e-03 -1.64619247e-02
   -3.41425053e-02 -1.90178661e-01 -6.11816408e-03 -1.44839125e-01
   -2.05369738e-02 -2.05603108e-03]]

 [[ 4.87817169e-08  3.37729982e-09  1.10870342e-07  4.51945419e-09
    4.81402104e-09  2.46761034e-11  1.89330334e-08  6.30125359e-09
    3.79819709e-08  9.13435992e-09]
  [ 8.01483592e-10  6.06812238e-11  4.28776191e-10  4.46526174e-12
    6.37051628e-11  1.16898179e-09  3.80370516e-10  2.21485779e-10
    4.08727041e-10  2.07224388e-10]
  [ 7.58095892e-01 -1.59708015e-01 -5.08355296e-02 -1.49806592e-01
   -1.42751413e-02 -2.46273544e-03 -4.50844268e-03 -4.84137569e-02
    3.79863583e-01 -1.01910380e-01]]

 [[ 1.15191988e-07  3.74755527e-09  3.19445277e-08  4.45294369e-08
    1.73253692e-07  4.18903731e-08  4.31631284e-08  1.25796270e-07
    9.62514295e-09  1.46697175e-09]
  [ 6.27458917e-11  1.35315339e-12  1.20693318e-09  5.06619234e-10
    1.31068110e-09  2.35339157e-10  1.60327608e-10  2.32260517e-09
    1.09697489e-10  5.45223918e-10]
  [-4.77285413e-02 -1.66435222e-02 -1.58705500e-01 -2.56670497e-03
   -1.02236075e-01 -7.07219788e-03 -1.00118484e-02 -1.27451167e-01
   -1.18688757e-02 -9.33758511e-03]]

 [[ 5.09890549e-09  8.95738808e-09  5.46058385e-09  6.99368386e-09
    1.77287525e-08  1.36692858e-09  1.06033129e-08  7.77466948e-09
    6.28248157e-08  3.89264254e-08]
  [ 4.09963191e-10  7.37487750e-10  8.59671661e-11  7.62545857e-10
    3.59106711e-11  1.30679809e-10  1.03771147e-10  8.32871944e-10
    9.00425039e-10  5.26723485e-11]
  [-2.59875194e-02  4.41707368e-01 -3.65170740e-04 -1.50345814e-01
   -1.27573709e-02 -1.18032051e-01 -6.53586427e-03 -2.50945726e-02
   -4.57988355e-04 -9.03170337e-03]]

 [[ 2.13620956e-08  2.39875810e-07  2.02085882e-07  1.14663222e-08
    4.05656526e-07  1.49520750e-07  1.14887290e-07  6.20940153e-08
    6.60371903e-08  2.21814643e-08]
  [ 9.15821969e-11  5.52966089e-09  4.93107611e-10  4.48266020e-09
    2.24815672e-09  2.26638871e-10  3.81543195e-10  1.43388808e-09
    1.08147472e-08  9.93959948e-09]
  [-9.96110582e-02 -1.07839645e-02 -1.51130799e-02 -5.94032595e-02
   -9.34729267e-02 -2.43846296e-02 -6.53686351e-03 -7.01769904e-02
   -4.17408706e-04 -1.26538794e-01]]

 [[ 1.14804718e-08  3.79431454e-08  5.32770261e-08  2.80169118e-07
    5.97109048e-12  4.76937140e-08  1.60483684e-07  6.23620516e-09
    1.71443680e-07  1.55387289e-07]
  [ 1.74309457e-09  3.96145724e-11  8.31420176e-10  1.90481668e-09
    2.44669203e-09  6.43672667e-10  4.79479630e-11  6.04314908e-10
    9.92382586e-10  2.05467091e-10]
  [-4.82660705e-02 -1.06103310e-02 -2.34883018e-02 -4.91643802e-03
   -3.40774995e-02 -1.29231536e-01 -2.90987762e-03 -1.06774352e-03
   -4.24835887e-03 -9.10561111e-02]]

 [[ 3.25103355e-07  6.18911205e-08  1.75449197e-08  3.55922221e-08
    2.92768111e-08  1.70717201e-09  1.25908564e-09  1.02878152e-08
    2.02606360e-07  3.55902912e-07]
  [ 1.47486703e-09  3.61951281e-10  3.73688167e-11  2.50476273e-10
    1.76420360e-10  9.47626324e-10  2.68772315e-09  1.38486145e-09
    6.10121722e-09  5.98912876e-10]
  [-8.34402156e-02 -3.25916126e-02 -2.34056320e-02 -1.96617867e-02
   -4.61930169e-02 -1.48758326e-02 -7.31999433e-02 -4.00556924e-03
   -1.18026308e-01 -8.16733871e-02]]

 [[ 1.89141609e-07  4.86569400e-07  2.19055819e-07  1.82499534e-06
    4.12755703e-07  1.07913282e-06  8.53949667e-08  4.69746729e-07
    8.56950704e-07  3.25169580e-08]
  [ 2.17180967e-09  4.23311395e-09  2.34326268e-08  6.26630587e-10
    5.91131849e-10  3.78955967e-10  6.93009543e-09  8.56585691e-09
    2.75231928e-08  2.86741379e-09]
  [-7.11061022e-03 -3.22453189e-02 -5.46036711e-03 -3.02636715e-02
   -8.87572426e-02 -3.79720641e-03 -3.49912786e-02 -4.67935829e-02
   -7.40502777e-02 -2.36032632e-01]]

 [[ 2.30367723e-07  1.56298190e-07  1.20424495e-07  7.55611157e-07
    1.85719483e-06  1.81669571e-07  1.49982931e-06  9.09462791e-08
    5.04967265e-08  1.30956294e-06]
  [ 7.58158874e-09  2.40563202e-09  2.17006613e-09  2.89075758e-09
    2.93550717e-08  1.10825959e-09  1.19386706e-08  6.44089189e-09
    1.24610350e-09  4.70915154e-09]
  [-7.49760610e-03 -9.42544939e-02 -3.70586728e-02 -1.39326197e-02
   -6.22224133e-02 -8.20577419e-02 -4.65054304e-02 -1.80384532e-01
   -1.78323243e-01 -8.43372702e-03]]

 [[ 4.99429320e-07  1.65397750e-06  4.64808007e-09  1.73831545e-07
    6.21080986e-07  9.10506361e-09  8.91417947e-08  7.46687312e-08
    1.18284030e-07  7.09054904e-08]
  [ 6.56021831e-09  2.03949056e-10  4.50436510e-09  2.07918701e-10
    1.28220980e-10  1.19483604e-08  5.82129791e-10  3.50703641e-10
    1.23535526e-09  1.83469555e-10]
  [-8.23906495e-04 -4.62551374e-02 -5.73085257e-02 -1.51037510e-01
   -3.34779396e-02 -3.96671589e-03 -8.64555153e-02 -1.83897704e-02
   -3.11899367e-02 -1.01871647e-02]]

 [[ 9.99687140e-06  3.17916215e-06  2.68531968e-06  4.89458644e-06
    2.48308284e-06  6.42158439e-07  4.84768863e-06  2.35065396e-06
    1.05363739e-06  8.03827629e-06]
  [ 2.20554268e-08  3.90252110e-08  1.03278394e-07  3.32465974e-08
    1.30522646e-08  3.19835917e-08  1.04955173e-07  7.89024744e-09
    3.14209251e-07  1.98363587e-08]
  [-1.93934167e-02 -9.91638542e-02 -1.13538168e-01 -4.54934588e-03
   -5.96235098e-02 -6.55103567e-02 -8.66543909e-03 -7.67157600e-02
   -2.58483694e-01 -1.83022517e-01]]

 [[ 7.54693076e-07  3.07428105e-06  6.73109694e-07  1.57201889e-05
    3.28727207e-07  2.71275214e-06  6.87148357e-07  6.35445261e-06
    3.63692729e-06  1.57655990e-06]
  [ 4.65460943e-08  8.43242133e-09  7.05367712e-08  2.89839790e-08
    2.64323739e-10  9.17116821e-10  7.49744286e-09  1.34898891e-08
    1.06048694e-07  5.92072550e-08]
  [-6.46660640e-02 -7.58743369e-02 -5.66328349e-02 -6.65999676e-02
   -5.23747904e-02 -3.37457212e-01 -8.09051040e-02 -1.62133780e-01
   -2.74159350e-03 -3.78475920e-02]]

 [[ 4.90280904e-06  1.89938269e-07  1.48878860e-06  1.47697296e-05
    1.57995678e-05  1.26911745e-05  1.59047831e-06  7.73638511e-07
    3.13502317e-06  7.28079046e-06]
  [ 3.64194683e-11  2.19642976e-08  3.43448545e-09  5.08190681e-11
    7.85159037e-09  8.02047246e-08  7.96026953e-08  3.80576340e-08
    6.95522175e-09  1.77155667e-08]
  [-2.86313267e-01 -2.74427069e-01 -7.56628263e-02 -1.90566774e-01
   -3.07492347e-02 -4.83874113e-02 -1.86981295e-01 -7.80422696e-02
   -1.18835961e-01 -2.50508463e-01]]

 [[ 4.33540478e-11  4.67049684e-11  2.54568742e-11  2.28496334e-11
    8.11923382e-12  6.20495403e-11  1.11316109e-10  7.32914730e-12
    3.20703012e-11  5.36850466e-13]
  [ 1.29830603e-13  1.40577611e-12  1.54351619e-13  8.26587622e-13
    7.49595747e-14  3.85192323e-13  1.24129405e-13  6.53484589e-13
    3.54008043e-13  2.08892113e-13]
  [-3.55086304e-04 -1.10184620e-03 -1.78948977e-04 -3.59434187e-05
   -1.94109568e-05 -5.95325293e-03 -8.48482625e-03  1.32972341e-01
   -3.04592880e-04  4.43635584e-01]]

 [[ 5.90299482e-11  1.82447259e-11  3.12278106e-12  1.85989790e-11
    3.17672064e-12  1.17210834e-12  1.13579168e-11  1.21585599e-10
    1.15015972e-10  2.36586810e-11]
  [ 1.04230912e-13  6.29319594e-13  8.92360177e-14  2.60956445e-13
    5.20260776e-13  5.31988382e-12  8.46334243e-13  4.70721240e-13
    1.80584526e-12  4.77886906e-14]
  [-5.70967036e-04 -2.48007300e-05 -8.69956480e-06 -5.77371155e-04
   -1.42655935e-05 -9.63230387e-05 -2.11343693e-05  7.26860122e+00
   -1.56767168e-03 -2.56477114e-04]]

 [[ 5.13393087e-11  6.63317011e-11  5.48306109e-11  1.53980373e-11
    7.86804262e-14  7.41740576e-11  1.43557816e-11  1.18168470e-11
    5.11802028e-13  1.29621124e-11]
  [ 1.60745160e-12  2.84481836e-13  9.21560975e-14  6.89999786e-13
    6.93719950e-13  4.19239422e-14  4.72923158e-13  3.33592232e-14
    8.78206016e-13  2.90644062e-14]
  [ 1.33295415e-01  5.05958655e-01 -6.41211916e-03 -5.10466873e-05
   -7.50114173e-04 -3.88918955e-04  1.10838195e-02 -9.97248406e-05
   -3.07509437e-02 -1.92923886e-01]]

 [[ 2.71648467e-08  1.23959644e-07  7.29368197e-09  7.94347229e-09
    4.87718152e-08  1.02825663e-08  4.52379503e-09  3.56181617e-09
    8.80059769e-09  6.26366693e-09]
  [ 1.85340278e-10  2.44798317e-10  2.62317351e-11  5.35245903e-10
    2.95808664e-10  2.49245436e-12  3.93307392e-10  8.54564689e-11
    1.18821524e-10  2.85989393e-10]
  [-1.85555836e-03 -6.26557361e-03 -1.37084038e-02 -4.53621290e-03
    1.10838197e-02 -3.86292845e-03 -5.53834222e-03 -1.57341942e-03
   -4.84413057e-03  4.47799841e-01]]

 [[ 5.17591769e-09  2.44701251e-08  6.45037782e-08  2.12349291e-09
    5.03995118e-09  2.17658167e-08  7.02600503e-08  1.06630090e-08
    1.85928436e-08  2.09863778e-08]
  [ 4.60702731e-10  1.01077070e-10  3.26610183e-10  6.52102540e-12
    7.45770640e-10  3.25500304e-10  7.19735483e-10  2.81544664e-12
    4.83537446e-10  1.71164058e-10]
  [-3.67559793e-03 -2.00876139e-03 -7.14945507e-03 -1.46297223e-02
   -2.62961997e-03 -6.76181693e-03 -1.88341767e-03 -1.09644995e-02
    5.86745011e-03  7.14708642e-02]]

 [[ 2.73088604e-08  2.94495729e-08  7.32118009e-10  2.21271768e-08
    4.68588363e-09  1.91975465e-08  1.08695164e-08  1.95638254e-08
    2.53543098e-07  3.36592097e-08]
  [ 4.09338997e-10  2.99100777e-12  9.87946302e-10  1.58514715e-11
    3.61635697e-12  5.61995441e-10  1.50829389e-11  3.13853286e-10
    5.66626121e-11  8.63269666e-12]
  [-9.42599226e-02 -8.87419938e-03 -5.98748309e-03 -1.88642497e-02
   -4.88418976e-03 -5.60298647e-03 -5.63438112e-04 -6.94331517e-04
   -5.28570326e-03 -1.63915042e-04]]

 [[ 3.64059878e-08  2.60226283e-07  2.70537373e-08  9.72528351e-09
    4.41336911e-09  6.01155279e-07  1.08679965e-07  5.05020052e-08
    5.31897280e-08  6.79521402e-08]
  [ 2.43012604e-09  2.18203982e-09  7.19809579e-09  3.49242728e-09
    1.23302082e-11  2.26797538e-10  1.10420446e-09  1.20228839e-09
    1.23031960e-09  1.72467664e-09]
  [-3.78857944e-03  7.56678340e-01 -1.00462838e-02  7.46916027e-03
   -1.52275972e-04 -1.71237781e-02 -5.22803229e-03 -9.94449468e-03
    1.51473933e+00  4.37748072e-01]]

 [[ 1.02184257e-07  4.71038919e-07  6.32880543e-08  1.60724066e-07
    1.72671518e-07  9.61226150e-08  9.10828551e-08  7.17545571e-08
    3.87839786e-07  1.35226382e-08]
  [ 3.80602280e-11  9.35140236e-10  3.81780887e-10  2.90968707e-10
    5.02650962e-12  1.25946154e-09  1.84717263e-09  5.08417985e-10
    1.11864067e-09  1.68953865e-10]
  [-6.76950102e-03 -5.06037002e-02 -1.51157001e-02 -1.50567196e-02
   -2.33148219e-02 -1.93259218e-03 -2.48400956e-03 -7.06901545e-05
   -1.85003237e-01 -9.91844510e-03]]

 [[ 7.64652662e-08  1.56257565e-07  4.68340114e-08  2.26053489e-07
    1.07716417e-07  1.33080231e-07  6.44198153e-08  5.42325681e-10
    6.62209083e-08  9.01882919e-08]
  [ 3.22734511e-10  8.13108293e-10  6.04611186e-11  1.97816871e-10
    2.76045718e-09  6.12874018e-11  5.33772787e-10  2.58931357e-10
    4.21090647e-10  1.94099432e-10]
  [-1.34591161e-02 -4.06324039e-02  7.01417220e-02  1.34018004e-01
    3.86643422e-01 -1.27027130e-02 -2.20092119e-03 -2.62253858e-02
    3.20047716e-01 -2.97166908e-02]]

 [[ 4.20673868e-07  8.79060829e-08  1.91829394e-08  6.85495470e-07
    1.00723401e-07  1.96246175e-07  4.09113394e-07  6.04948481e-07
    1.74670254e-07  1.18151586e-07]
  [ 6.74702083e-09  1.25173166e-09  1.43547672e-09  1.39430616e-09
    9.64940260e-10  6.28393929e-09  1.13376513e-09  5.75564836e-10
    4.26883232e-10  7.18526758e-09]
  [-3.43543115e-03  3.84913731e+00 -1.85168880e-02 -9.54336211e-03
   -6.12152852e-02 -6.50481327e-03 -2.05585041e-02 -8.64456298e-03
   -9.59192054e-03 -6.00007681e-03]]

 [[ 3.31899181e-07  1.35392462e-07  1.01946325e-10  3.82114437e-07
    2.16353645e-06  5.65897933e-08  5.04151411e-08  1.59882510e-07
    1.04852718e-07  1.01685208e-06]
  [ 6.62752140e-10  4.55774423e-09  8.46584487e-10  3.30435645e-09
    1.43172637e-10  2.71214052e-11  2.88919168e-10  6.03331586e-09
    4.76441515e-10  1.79450596e-10]
  [-1.02831581e-02  3.83048271e-01 -1.25104770e-01 -5.52398318e-03
   -6.48137465e-04 -4.46442866e-03 -9.01832418e-02 -5.30507016e-02
   -2.95923285e-02 -2.10988384e-02]]

 [[ 4.54369728e-07  1.56790658e-07  7.45613956e-09  1.04892109e-07
    8.76966222e-08  2.31700828e-07  7.62640691e-08  2.30798484e-07
    2.29185701e-07  2.66161781e-07]
  [ 7.69456822e-10  4.47362423e-09  4.80141388e-09  5.73193344e-10
    1.20492054e-10  1.20030031e-09  5.18754853e-09  2.03780615e-09
    1.76570330e-10  2.53377536e-09]
  [-3.24594739e-02 -1.52914565e-01 -1.78764903e-02 -2.81466078e-02
   -4.38391365e-02  3.82236269e-01  2.58159365e-01 -4.59540853e-02
   -8.37646260e-03 -1.17123229e-01]]

 [[ 1.48986923e-08  1.42806269e-06  1.04633081e-06  8.65424151e-08
    8.99417915e-07  5.85821311e-07  1.17041189e-06  2.15758465e-07
    9.78071449e-08  8.11881450e-08]
  [ 2.22726300e-09  1.22572832e-08  7.36351307e-09  9.11629367e-09
    2.11596461e-09  3.86166273e-08  3.11331203e-09  2.38578403e-08
    6.24281716e-09  5.41740930e-09]
  [-2.26976113e-02 -1.93309050e-02 -3.73361987e-02 -1.83561914e-02
    4.41673935e-01 -2.68120313e-02 -4.24254722e-02  7.59537654e-01
   -1.04274618e-01  2.76209089e+00]]

 [[ 5.42360742e-07  6.11368649e-07  7.32488719e-07  3.10999717e-07
    3.64770422e-08  1.26231772e-07  3.63784856e-06  3.82776830e-07
    4.57507393e-06  1.60242427e-07]
  [ 1.79857590e-08  5.14554610e-09  7.23669173e-08  1.42255796e-08
    6.76827670e-09  2.99712190e-08  1.45973217e-15  2.19515298e-08
    8.01680078e-09  4.22477148e-09]
  [-9.93540160e-04 -2.71533083e-02 -1.00000624e-03 -2.03536763e-02
   -1.23914869e-02 -2.17126270e-02 -1.78694324e-02  7.01417286e-02
   -1.20448670e-02 -1.60576559e-02]]

 [[ 2.91320317e-06  6.12379313e-07  1.72933106e-08  8.70622147e-07
    1.79505116e-06  4.46017273e-07  1.42776705e-06  1.82942328e-08
    6.65923225e-07  5.70180247e-07]
  [ 2.85265264e-08  1.20988031e-09  9.25869496e-09  7.32401693e-08
    3.81490767e-10  5.50347047e-08  2.77546336e-08  3.71356119e-08
    2.77189225e-10  1.21560124e-08]
  [-8.73771280e-05  1.10838353e-02 -9.41345564e-03 -5.30439714e-02
   -1.56776306e-02 -1.33548659e-02 -1.68203269e-02 -1.14751561e-02
    1.19582029e+00  1.30241373e-01]]

 [[ 2.00134340e-05  1.27535777e-06  3.43903495e-06  1.99820289e-06
    9.19208663e-06  8.71290355e-06  1.12595597e-05  2.00301299e-05
    1.96035584e-06  7.69056764e-06]
  [ 8.33179820e-08  5.84695484e-07  8.76467197e-08  6.84527267e-08
    2.97115450e-08  1.17979375e-07  2.48114252e-08  9.11497949e-09
    4.70063446e-08  2.80233861e-07]
  [-5.04973542e-02 -2.63259888e-03 -3.22841949e-01 -1.47035146e-02
   -3.08050025e-02 -1.50113715e-01 -5.01199965e-02 -4.12911841e-02
   -5.73994421e-03 -2.17844242e-01]]

 [[ 2.56716652e-06  3.67262835e-06  2.29320646e-06  6.02939869e-06
    1.45923316e-05  3.23036138e-05  2.06541336e-07  1.47435853e-07
    1.47921543e-05  1.39648708e-05]
  [ 1.91205845e-08  8.05232950e-08  5.36689645e-08  2.22174543e-06
    9.16419334e-10  1.78167188e-08  1.22201879e-07  6.90666545e-08
    5.54334587e-08  6.10851728e-08]
  [-3.66674047e-02 -2.76729727e-01 -1.11796014e-03 -2.38149685e-01
   -7.26225241e-02 -2.36108857e-01 -3.23888030e-02 -5.74724887e-02
   -1.01842877e-01 -4.08935051e-02]]

 [[ 1.68515009e-05  1.68930002e-05  1.05128821e-06  6.87930186e-06
    1.37457047e-06  3.96242578e-07  6.64337273e-06  2.43058087e-06
    2.46824854e-05  1.02236785e-05]
  [ 2.27328905e-09  2.46256241e-08  1.50185825e-08  5.83212776e-08
    2.12947285e-08  4.55023543e-09  3.71659754e-08  1.28253244e-07
    8.55893345e-09  1.37244292e-07]
  [-9.08186787e-02 -1.20316854e-01 -6.92495516e-02 -1.18498584e-01
   -2.31805631e-01 -1.20509044e-01 -2.02283353e-01 -1.26419022e-01
   -1.95596867e-01 -4.07666796e-02]]

 [[ 1.46769204e-10  9.09018309e-12  5.55822967e-11  7.75885059e-11
    2.19393440e-10  2.60889450e-11  7.76797108e-11  2.55192604e-10
    6.28414409e-11  2.05799253e-11]
  [ 3.30192163e-13  5.75318258e-12  2.51812331e-13  1.14128089e-14
    9.29665602e-13  1.24925831e-14  1.13824347e-12  1.71708420e-13
    1.45155273e-13  6.07087506e-13]
  [-3.36496805e-02 -6.51054637e-05 -2.61592349e-01 -1.94835117e-02
   -2.52573212e-04 -9.26783589e-05 -3.58522322e-02 -1.63567455e-03
    3.85216073e-01 -1.70142343e-04]]

 [[ 3.00462281e-11  3.75128769e-11  2.72336769e-11  4.20772329e-12
    1.33985502e-10  1.85749262e-11  2.73287302e-11  8.00651317e-12
    9.90234867e-12  2.00123660e-11]
  [ 4.23751765e-13  3.69567663e-13  3.42859593e-13  7.91831612e-14
    2.81576238e-13  4.42265089e-13  3.21853802e-14  1.11082582e-12
    3.63670238e-14  6.53820616e-13]
  [-8.39123177e-02 -1.87668210e-04 -8.96993673e-05 -3.27693936e-05
   -1.88975971e-02 -5.65532863e-02 -1.28030803e-01 -1.25235707e-02
   -1.27582811e-01 -5.73790366e-04]]]