[[[ 5.83172010e-06  8.84971203e-07  1.86723829e-06  1.92881160e-06
    3.05867639e-07  1.02185642e-06  3.22292253e-06  2.28901916e-06
    2.39565966e-06  3.08489286e-06]
  [ 1.41699484e-08  4.10088130e-08  5.65995234e-08  5.39625955e-08
    4.47291305e-08  6.95121341e-08  5.56403042e-08  8.00783085e-08
    4.36987444e-08  3.21614593e-08]
  [-3.55917214e-02 -1.26727901e-03  1.32340038e-01  1.30241437e-01
   -1.92696338e-02 -3.80728837e-02  2.18140432e+00 -1.74843100e-02
   -3.10734668e-02 -1.33563476e-01]]

 [[ 3.17332656e-06  3.16712441e-06  2.94155601e-06  1.22573011e-06
    2.62305253e-06  2.48135076e-06  3.62772697e-06  8.62202440e-06
    2.27044449e-06  2.27109347e-06]
  [ 2.05223643e-08  4.74743048e-08  1.23035124e-08  8.61219615e-08
    3.29193410e-08  4.50993587e-08  8.30853894e-08  4.00292207e-08
    2.75579520e-08  1.03023192e-07]
  [-2.20390456e-02  3.81090704e-01 -3.89621819e-02 -6.67303474e-03
   -2.80413546e-02 -2.69594400e-02 -2.06690792e-02  1.30241383e-01
   -9.96182918e-03 -1.54208454e-03]]

 [[ 1.02813041e-05  1.80293649e-05  1.29546961e-05  2.09048096e-05
    1.11833687e-05  1.84459005e-05  2.41623897e-05  3.51726320e-05
    1.21244286e-05  7.46880996e-06]
  [ 1.40365761e-07  1.01440488e-07  1.33297561e-07  6.09445414e-07
    1.36533041e-07  9.42013406e-08  1.52490308e-07  1.65938966e-07
    2.16678572e-07  8.59045109e-08]
  [-3.97001204e-04  3.18931915e-01 -2.64083102e-02 -1.29217933e-02
    3.81601770e-01 -1.64896788e-03 -7.36431341e-02 -1.36204716e-01
    6.92383069e-01  2.59605430e-01]]

 [[ 1.11812536e-05  1.09371890e-05  5.68212959e-06  4.53501442e-05
    1.03548137e-05  4.67856373e-06  4.14107527e-06  1.66393384e-05
    9.23290915e-06  1.55279173e-05]
  [ 1.44211969e-07  9.61673941e-08  7.92127397e-07  1.03531295e-06
    1.97053365e-07  1.55727217e-07  3.69297986e-07  5.12945285e-07
    7.26877458e-08  5.86004271e-07]
  [ 3.82204482e-01 -4.31553314e-02 -3.86795488e-02 -2.89737761e-02
   -3.18167993e-03 -7.39442907e-02 -2.80134069e-02 -1.74893788e-03
   -5.62907121e-03  4.39198086e-01]]

 [[ 3.25436910e-06  7.21208273e-06  2.45815172e-05  9.82363772e-06
    4.24063636e-06  8.85228521e-06  1.63756473e-05  3.81487164e-05
    3.83221112e-06  1.42954543e-05]
  [ 5.03029009e-07  6.66563797e-07  5.32900274e-07  9.27971652e-07
    4.03057297e-07  1.82682497e-07  1.53249741e-07  2.16700070e-07
    9.17806797e-08  6.14895237e-08]
  [-2.51420323e-02 -3.83906538e-03 -1.21017749e-02 -2.55166514e-02
   -1.90129946e-01  7.57329352e-01  3.18932088e-01 -2.81024277e-02
    5.70727315e-01 -3.50567266e-02]]

 [[ 7.16972830e-05  6.40658833e-05  7.02989560e-05  5.15242496e-05
    1.16073327e-04  5.58926556e-05  2.07173319e-04  4.51389420e-05
    8.54417839e-05  9.91238139e-05]
  [ 1.17179395e-06  1.25763573e-06  2.23710218e-06  6.36616197e-07
    4.40059511e-07  2.51099622e-06  3.17941958e-06  6.51340266e-07
    7.82999469e-07  2.34975641e-06]
  [-1.10885543e-02 -9.91819546e-04 -2.27724623e-02 -3.62199249e-02
   -1.35553788e-02 -1.90131053e-02 -6.56692166e-03 -3.12132841e-01
   -7.42761692e-02 -1.10264029e-02]]

 [[ 8.51502043e-05  9.97794028e-05  6.04970002e-05  1.26296737e-04
    4.90373034e-05  7.29906618e-05  3.34428371e-05  1.64717789e-04
    1.55785735e-04  6.70169947e-05]
  [ 1.87775520e-06  1.14335062e-06  1.49275266e-06  1.43681688e-06
    1.20955677e-06  1.56126205e-06  2.23492422e-06  7.70013792e-07
    2.16094483e-06  1.26415010e-06]
  [-1.46783452e-03 -1.31436219e-01 -1.81251419e-01 -2.11544994e-01
   -1.47436837e-02 -3.94989753e-02 -8.07296576e-02 -1.46877972e-01
   -1.88510633e-02 -1.43945508e-01]]

 [[ 4.42227377e-05  1.50033473e-04  1.19134229e-04  8.75437993e-05
    1.66021142e-04  6.57140867e-05  7.91662518e-05  1.68320657e-04
    1.87110838e-04  7.14909543e-05]
  [ 8.49552836e-07  2.11366977e-06  5.54571732e-07  4.59173728e-07
    5.01474434e-06  5.40984166e-06  1.41730512e-06  6.11637651e-06
    7.51082880e-07  8.91567667e-07]
  [-2.17502120e-01 -9.21011290e-02 -3.01338086e-02 -1.22224294e-01
   -2.35179294e-01 -1.15959037e-01 -3.59948217e-02 -1.04119973e-01
   -6.02993771e-02 -1.40562395e-02]]

 [[ 2.92596230e-10  5.67857309e-10  3.20668231e-10  2.65553036e-10
    7.35665627e-11  3.47901120e-10  6.18949009e-10  6.10554026e-10
    1.61233957e-10  2.60757789e-10]
  [ 1.32234968e-12  1.25556565e-12  1.30318680e-12  3.51401804e-12
    8.42364363e-13  2.42181224e-12  7.70658564e-12  3.09618096e-12
    1.87254014e-12  3.02914986e-12]
  [ 5.77762161e-01  2.55606046e+00 -1.03020375e-04  1.32339940e-01
    1.86545223e+00  8.58562684e-03  1.34912554e-01 -2.63851920e-04
    3.83029867e-01  3.83700087e-01]]

 [[ 2.76881740e-10  1.16565139e-10  3.36053857e-10  1.74490472e-10
    4.35698983e-11  1.99538618e-10  2.34734787e-10  2.70883860e-10
    2.31687767e-10  4.64010045e-11]
  [ 7.70446116e-12  2.56466277e-12  3.16372919e-12  2.43800797e-12
    2.75296429e-12  4.75731220e-12  3.74207188e-12  7.78017924e-13
    2.76125359e-12  4.30980033e-12]
  [ 1.23381918e+00  1.51339937e+00 -2.94182821e-04  7.76801077e-01
    9.99992737e-01  4.64712917e+00 -3.52878782e-04  3.83783540e+00
   -1.85008184e-04 -1.12421691e-03]]

 [[ 1.04564412e-10  1.37542047e-10  1.55165104e-10  3.13380771e-10
    6.68193087e-10  3.46907716e-10  1.05475645e-10  1.43010422e-10
    2.94032234e-10  2.12822136e-11]
  [ 1.17742043e-12  4.19245045e-12  3.06992982e-12  2.29894565e-12
    1.58370913e-12  2.24719430e-12  4.16589031e-12  1.19238804e-12
    1.90599023e-12  9.63409532e-13]
  [-5.84753418e-04  4.59661568e+00 -1.99695784e-04 -6.75506432e-05
   -5.19133220e-04  3.18931868e-01 -2.15415740e-05 -7.81383133e-06
    2.61772919e-01 -1.16948662e-03]]

 [[ 2.28871379e-08  7.92102629e-08  3.65816991e-08  3.78574041e-08
    1.36955261e-08  3.59262710e-08  7.59890702e-08  1.09089512e-07
    7.29306230e-08  4.17306083e-08]
  [ 1.59803103e-09  9.00493026e-10  1.41365518e-09  4.18972999e-10
    2.04341542e-09  9.51338858e-10  3.39175971e-09  4.70882382e-10
    9.56997606e-10  3.83345299e-10]
  [ 1.61545875e+00  7.64899782e-01 -2.55820424e-03  6.41293616e-02
    1.96158910e+00  7.46916045e-03  3.75107034e-01 -3.73649022e-03
    1.34407044e-01 -7.36149038e-03]]

 [[ 2.07803658e-07  2.60860381e-08  2.51819096e-08  3.93139395e-08
    4.92496078e-08  8.36299856e-08  9.63983025e-09  4.00234870e-08
    6.17462056e-08  9.09113614e-09]
  [ 7.93570145e-10  1.02631903e-09  2.22065888e-09  1.01222306e-09
    1.58542174e-09  1.83786907e-10  7.09287422e-10  8.79164308e-10
    9.93841477e-11  4.10680497e-10]
  [-1.56790595e-03  4.40128651e+00 -9.58468750e-03 -1.45547822e-02
   -1.35535083e-02 -3.15358490e-04  2.24789922e+00  3.83700087e-01
    5.25802374e-01 -1.79723399e-03]]

 [[ 1.94990710e-08  1.65683097e-07  2.16593919e-08  5.64536198e-08
    1.81239771e-07  4.17031212e-08  2.37153348e-07  1.15773614e-07
    5.24813595e-08  2.29800445e-08]
  [ 5.05233540e-10  1.81110541e-09  2.04829436e-09  9.88024675e-10
    1.73592106e-09  4.91438795e-10  1.28020062e-09  7.41869193e-10
    5.73620508e-10  1.91894649e-09]
  [ 5.73235332e-01  4.85856044e+00  1.97110769e-01  1.10838203e-02
    3.18575473e+00  9.39359818e-01 -8.25597884e-03 -1.49190511e-02
    2.58159365e-01 -7.34732998e-03]]

 [[ 1.00210005e-06  4.05319746e-07  1.01853131e-07  4.92347381e-07
    1.83977253e-07  3.32177994e-07  3.15687881e-07  3.23449627e-07
    1.49815025e-07  1.40667698e-07]
  [ 9.04006726e-09  7.00468978e-09  2.66587981e-09  2.15089574e-09
    4.18866427e-09  2.75260431e-09  5.19274603e-10  3.98762033e-09
    5.07055729e-09  4.67305232e-09]
  [ 1.20106596e+00  4.28265829e+00 -1.27783672e-02 -1.99133565e-02
    2.05747880e+00  7.37561058e-02  7.46916149e-03  3.79863585e-01
    1.74773312e+00 -2.10486235e-02]]

 [[ 4.19359278e-07  1.57968599e-07  2.93866489e-07  2.90172786e-07
    3.10703190e-07  4.88450126e-08  2.03660130e-07  1.77963275e-07
    1.44251611e-07  8.37619092e-07]
  [ 6.14661783e-09  4.86160935e-09  1.20540713e-09  3.80843121e-09
    9.85627217e-09  6.79042578e-09  1.10924324e-08  3.56961539e-09
    2.56049747e-10  1.77597877e-08]
  [ 2.44729758e+00  6.80857527e-02  1.91846760e-01 -9.34044432e-03
   -1.72520579e-02 -8.15505930e-02 -2.68193189e-03  2.55302321e+00
   -1.20378272e-02 -3.43297335e-03]]

 [[ 4.15330704e-07  2.32820095e-07  2.13120480e-07  1.26672371e-07
    1.52608431e-07  3.78726853e-07  9.55547496e-07  2.27159039e-07
    5.25724592e-07  7.66486990e-07]
  [ 2.86654483e-09  1.40749515e-09  4.02166609e-09  3.62600886e-09
    1.45571316e-09  3.04836487e-09  1.19916026e-08  3.77694717e-09
    3.56974573e-09  1.52717120e-09]
  [-1.87277183e-02 -1.37299594e-02 -4.31400201e-04  9.62216566e-01
    7.76801081e-01 -1.38988672e-04  1.07289900e+00 -1.61200524e-01
   -5.30885125e-02  1.02749176e+00]]

 [[ 1.09597995e-06  7.13893895e-07  3.61934086e-07  3.08483416e-07
    2.81222958e-07  8.82389488e-07  2.78272612e-07  1.43849754e-06
    1.21384681e-06  2.20614905e-06]
  [ 3.54682137e-09  2.71100888e-08  2.11682394e-08  1.94547070e-08
    1.20108155e-08  1.32196016e-08  9.60175559e-09  8.88957340e-09
    6.74318645e-09  3.59366539e-08]
  [-1.96824195e-03 -5.36770161e-03 -5.82947981e-03  1.61391638e+00
    7.76801084e-01  5.35120027e+00 -2.40380247e-02 -1.86888545e-02
    8.24305631e-01 -2.63543887e-02]]

 [[ 1.19673682e-06  1.34511703e-06  7.20368159e-07  1.33818957e-06
    2.77869271e-07  3.42036792e-07  4.87883424e-07  4.28207221e-07
    6.60802723e-07  9.05767334e-07]
  [ 6.16337841e-09  5.76880837e-09  2.21024647e-08  3.54959482e-09
    9.08203716e-09  6.11370828e-09  7.76541131e-09  1.35515451e-08
    1.51402599e-08  1.97008685e-09]
  [ 1.33020775e-01  8.37348508e-01  7.56640310e-01  1.06377595e+00
   -1.01496913e-03  6.35394189e-01  6.80857522e-02 -2.12880622e-02
    2.58060983e-01 -8.76468403e-02]]

 [[ 1.55969632e-06  2.51671924e-07  2.13106595e-07  4.41219077e-07
    5.28595565e-07  1.97764536e-06  6.41300015e-07  2.10210771e-06
    6.35937658e-07  1.10566563e-06]
  [ 1.00508009e-08  3.43386111e-08  7.96442607e-09  3.45566715e-08
    1.07369568e-08  6.81821743e-09  8.90081972e-09  3.44486787e-08
    1.45553751e-08  4.82065927e-08]
  [ 5.73618460e-01  4.43592777e-01 -7.48644217e-03 -1.86786675e-02
    1.97110767e-01  1.44367725e+00  6.97751403e+00  1.29174516e-01
    1.54749275e+00 -6.72799431e-02]]

 [[ 2.08432450e-06  5.16218197e-06  5.10948056e-07  3.32331737e-06
    3.03052354e-06  1.10551507e-05  4.32878579e-06  3.11751264e-06
    3.55672794e-06  2.29594558e-06]
  [ 3.64629727e-08  7.55205517e-08  5.98005263e-08  2.18084123e-08
    2.53540949e-08  1.48803680e-07  1.07224900e-07  6.09701288e-08
    8.01810586e-08  3.23932554e-08]
  [ 5.08848510e-01  3.81090785e-01 -4.26998493e-04  5.70216125e-01
   -1.28871317e-01 -5.75662014e-02 -2.14243578e-03 -5.11075751e-03
    1.69162724e+00  4.99705878e+00]]

 [[ 4.46100446e-06  4.70009715e-06  2.05735744e-06  8.77220947e-06
    2.06562196e-06  9.78679417e-07  1.96223137e-06  2.26816466e-06
    5.90638534e-06  7.40972445e-07]
  [ 2.34232991e-07  2.06777441e-07  2.00038456e-08  4.86782578e-08
    3.06716234e-08  3.36668419e-08  1.23770733e-07  9.33055277e-08
    6.48194358e-08  7.35692100e-08]
  [ 7.46916602e-03 -8.91485346e-02 -1.21804773e-01  7.63151211e-01
   -9.02739775e-03  3.22538567e-01  1.34528979e-01 -6.66073446e-02
   -1.29458189e-02 -4.19215082e-04]]

 [[ 3.61709915e-06  1.86612942e-06  1.96237288e-06  3.34118175e-06
    1.97680960e-06  2.89246423e-06  4.54025051e-06  1.99921644e-06
    3.42439522e-06  2.38296501e-06]
  [ 1.23144732e-08  3.00249605e-08  2.82941378e-08  3.89824808e-08
    1.24860078e-07  2.42531822e-08  2.86913838e-08  6.02725009e-08
    4.02146073e-08  7.79873169e-08]
  [ 1.38383802e+00 -2.67060461e-02  4.47978573e-01 -1.16402482e-01
    1.32339951e-01 -9.02123255e-02 -1.21115845e-02 -1.47250767e-01
   -4.14128965e-02  2.11630175e+00]]

 [[ 1.81077930e-05  1.13135630e-05  1.65511480e-05  2.72684088e-05
    8.70718726e-06  7.43156607e-06  2.15858816e-05  1.32842414e-05
    2.61284719e-05  1.12423634e-05]
  [ 3.82328662e-07  2.04087030e-07  3.88122116e-07  1.48546103e-07
    3.05774605e-07  1.00719887e-07  1.48384886e-07  2.13211452e-07
    4.59666596e-07  3.52112809e-07]
  [-2.47716808e-01 -1.34574489e-02 -1.78627276e-01 -3.84086110e-02
   -5.91398928e-02 -8.57458908e-03 -8.81464336e-02 -4.56469235e-02
   -1.21479306e-02 -1.55809733e-01]]

 [[ 1.67877268e-05  2.50720606e-05  1.39711825e-05  1.57846372e-05
    3.66419921e-05  1.17963740e-05  4.61048989e-05  5.29190467e-05
    2.80233835e-05  1.61461109e-05]
  [ 6.47093110e-07  5.54127468e-07  3.47094371e-07  2.71894489e-07
    5.72001625e-08  2.74560473e-07  5.62479124e-08  2.03678286e-07
    8.02527315e-07  3.32324641e-07]
  [-6.81069321e-03 -3.57957156e-02 -5.77027425e-02 -2.60692641e-02
   -2.42997467e-02 -4.08083988e-02 -4.04050595e-02 -1.84218828e-02
   -7.36371698e-03 -4.44602500e-03]]

 [[ 7.62075976e-06  2.78721094e-05  9.06299629e-06  2.16117460e-05
    1.19499140e-05  8.08615613e-06  2.95131525e-05  1.11930152e-05
    1.10693814e-05  3.27287783e-06]
  [ 1.54129381e-07  1.41808920e-07  3.80779592e-07  6.54187023e-07
    9.78428264e-07  1.26545595e-07  2.49854859e-07  2.52318618e-07
    5.73717541e-07  2.18117439e-07]
  [-6.50260371e-02 -2.15884727e-01 -1.51054198e-01 -2.42227211e-02
   -3.00494319e-02 -2.13372541e-02 -2.88148350e-02 -1.89337260e-01
   -2.17877670e-02 -2.03235023e-02]]

 [[ 2.25056171e-10  5.10436000e-10  1.39078958e-10  2.44331506e-10
    3.72766910e-11  6.35799231e-11  2.79311623e-10  1.08481309e-10
    2.38802684e-10  2.04568500e-10]
  [ 2.67421612e-12  1.13090491e-12  3.56642380e-12  1.61680042e-12
    3.62727507e-12  2.15833305e-11  9.89090154e-12  2.05677184e-11
    7.67660441e-12  6.56353532e-12]
  [ 5.71520772e-01 -2.22931050e-04 -1.01307468e-04 -1.79235419e-04
   -2.83380367e-05  7.46916025e-03  5.25802371e-01  6.80857490e-02
   -6.02512058e-04 -1.13146670e-05]]

 [[ 2.21708545e-10  4.37940369e-10  1.12317624e-10  2.99602795e-10
    2.70772245e-10  5.96233214e-11  8.00756091e-11  5.04104354e-11
    1.63940652e-11  5.17403168e-11]
  [ 4.24194170e-12  4.94904420e-13  6.26520625e-13  3.94319334e-13
    1.27549232e-12  7.37321694e-12  5.16710603e-12  3.77456435e-12
    2.80510704e-13  5.88677053e-12]
  [-1.99497529e-05 -2.07320693e-04 -3.66661719e-04  2.76662369e+00
   -6.54137462e-05  3.35607216e-03 -2.15924346e-05  5.55289545e-02
   -2.88090774e-04 -2.14785872e-04]]

 [[ 1.29990862e-10  2.52954103e-10  3.30297240e-10  1.43976546e-10
    1.11543600e-10  1.90301853e-10  9.60883790e-11  2.42990339e-10
    1.75266920e-10  1.83150978e-10]
  [ 2.24109808e-12  5.27406957e-12  2.90478448e-12  4.39331646e-12
    2.00799585e-12  1.03289379e-12  2.69727189e-12  5.42583006e-13
    1.78814082e-13  2.26227976e-12]
  [ 1.35954317e-01 -3.83367841e-04 -1.34053274e-04 -9.14086286e-05
    2.58783285e-01  7.51298121e-01 -1.44663231e-04  5.25802371e-01
   -3.70505182e-04  4.60923284e+00]]

 [[ 3.50292236e-08  3.26098418e-08  8.93809384e-08  5.35671405e-08
    8.36874561e-08  6.56961667e-08  3.15572642e-08  1.74201164e-07
    4.81341765e-08  6.47982402e-08]
  [ 2.67217369e-09  1.42393409e-10  8.11641177e-10  4.74960625e-10
    2.56643232e-10  2.54837578e-09  1.22906638e-09  6.33808592e-10
    4.69168584e-10  4.04599008e-10]
  [-1.24555059e-03  7.49997454e+00 -4.72727863e-03 -8.76563063e-03
    1.92432498e-01  4.32264638e-01  2.36729759e+00 -4.88453080e-03
    5.08848485e-01  7.38165283e-03]]

 [[ 1.15909958e-07  1.29998953e-07  4.00652889e-08  2.88123996e-08
    3.38753375e-08  9.63901372e-08  5.38954525e-08  8.22654527e-08
    1.06496519e-08  3.27193321e-08]
  [ 1.94883591e-09  4.13173076e-10  9.44216622e-10  1.77708630e-09
    2.30756399e-10  1.47479564e-09  5.12298647e-10  1.03098802e-09
    8.14164515e-10  1.36416208e-09]
  [-5.73547920e-03  1.00988525e+00 -1.03872690e-03  1.85819919e+00
   -1.15766937e-03 -1.47881552e-02  6.80857491e-02 -1.09730451e-03
   -2.08646423e-03 -3.86264911e-03]]

 [[ 8.49387588e-08  7.51942478e-08  5.44606379e-08  7.38488913e-08
    1.13972850e-07  1.65897090e-07  2.47335772e-08  1.12699405e-07
    6.52839605e-08  1.77986401e-07]
  [ 1.27560984e-09  4.12406034e-10  8.62563248e-10  1.58057234e-09
    8.17809208e-10  3.27978216e-10  3.12983080e-10  2.81585990e-09
    3.96324379e-10  7.45063025e-10]
  [-1.96587491e-03 -1.93272465e-04  1.36200658e+00  7.01417220e-02
   -1.30011131e-02 -2.23085677e-03 -4.70817677e-04 -1.38760698e-02
   -8.69751160e-03 -9.68728666e-04]]

 [[ 3.12334031e-07  2.26482703e-07  3.28343177e-07  4.01656102e-07
    6.02105504e-08  5.56242987e-07  1.19207267e-07  4.11053697e-07
    1.49337352e-07  3.75545400e-07]
  [ 5.79660435e-09  5.37434656e-09  3.92528752e-09  5.89396197e-09
    1.61858003e-09  1.06400516e-08  6.22229852e-09  6.84065914e-09
    1.82423110e-09  8.76156261e-09]
  [-5.34227905e-03 -3.30337756e-04  1.48482006e+00 -1.76769617e-03
   -2.77443313e-03 -7.66893518e-03 -9.97006592e-03  8.91216164e-01
    1.32994263e-01 -1.12678451e-02]]

 [[ 7.34769721e-07  6.16553496e-08  1.50889959e-07  5.46831491e-07
    1.99287993e-07  5.15270934e-07  1.54108832e-07  2.21640820e-07
    8.12908888e-08  3.87886464e-07]
  [ 8.57629067e-09  7.78464472e-09  9.51932722e-09  6.11580899e-09
    5.12212917e-09  5.87983533e-09  9.73796827e-09  2.35977574e-09
    1.14080783e-09  2.98338033e-09]
  [-3.60888990e-03  8.14248559e-01 -5.26793698e-03  1.52380056e+00
   -2.09607359e-02  5.08848490e-01 -1.21914623e-03 -7.21385909e-03
   -6.49532805e-02  8.61756392e-03]]

 [[ 5.50671918e-07  3.98550707e-07  2.27644087e-07  1.44102198e-07
    3.25938749e-07  1.06111657e-06  5.11597647e-07  1.02782120e-07
    3.67260379e-07  2.64056874e-07]
  [ 7.85456863e-09  4.08404080e-09  5.19087745e-09  1.58177422e-08
    9.10146024e-09  4.65133361e-09  1.43974460e-09  1.37437175e-09
    1.89417257e-09  4.53485738e-09]
  [-1.33240631e-03 -3.45720627e-02  6.78097652e-01  9.55690961e+00
    6.91813576e-02  1.08766576e+00 -7.87812433e-03 -5.30609375e-04
   -1.01572721e-02 -3.88800725e-03]]

 [[ 3.65307362e-07  9.55791161e-07  1.34110217e-06  9.16587871e-07
    1.74452771e-06  5.72023634e-07  2.37708431e-07  3.43005253e-07
    9.43863183e-07  9.19913196e-07]
  [ 2.92212405e-08  2.53441206e-08  1.69714024e-08  7.10359606e-09
    3.39010472e-09  1.73131432e-08  3.48011544e-08  7.65672756e-09
    1.05364926e-08  1.83240291e-08]
  [ 8.26386777e-01 -2.98672564e-02  3.18765107e-01 -1.79831393e-02
    1.87260404e+00  4.59662542e+00 -7.86688770e-03 -7.15146444e-04
    1.00553378e+00 -8.08232957e-03]]

 [[ 7.49705328e-07  8.22400463e-07  5.58632726e-07  2.81622021e-07
    5.51663281e-07  5.69993311e-07  4.83981269e-07  3.55086436e-07
    5.09299339e-07  1.15201121e-06]
  [ 1.24637304e-08  1.09437707e-08  2.26191032e-08  1.29147760e-08
    2.41360540e-09  1.14268463e-08  2.04947276e-08  5.71582196e-09
    1.13511264e-08  9.85711731e-09]
  [ 1.82550909e+00  6.33619868e-01  1.96972113e-03 -1.41613489e-02
   -4.37074189e-02 -4.35915018e-02 -8.34162438e-02 -7.48657092e-04
   -1.37887099e-03 -3.75119443e-03]]

 [[ 2.26751334e-06  1.33846148e-06  8.43502629e-08  3.52297016e-07
    3.22706493e-07  5.89140883e-07  7.62465685e-07  1.06694387e-06
    8.11899373e-07  2.73632280e-06]
  [ 2.06999293e-08  4.20444212e-08  1.03617840e-08  1.13107030e-08
    1.68757238e-08  5.05069221e-09  1.22737265e-08  5.74221056e-09
    2.24985561e-09  1.62404258e-08]
  [ 6.38138896e-01 -1.12840914e-02 -5.76757276e-03  5.75057824e-01
   -8.33204786e-04 -1.25773078e-02  3.22538468e-01 -7.23279481e-02
   -3.33555765e-05  3.75628957e-01]]

 [[ 6.77126866e-06  5.94321404e-07  3.66438130e-06  1.54870074e-06
    3.42214495e-06  5.63894440e-06  8.33379111e-07  3.06443797e-06
    5.47703188e-06  3.79837266e-06]
  [ 8.14495534e-08  4.46646240e-08  1.85181618e-08  1.15187836e-08
    7.07866178e-08  9.26050002e-08  3.46842769e-08  1.63455529e-07
    1.67333913e-08  8.16403527e-08]
  [-1.17574220e-01 -8.01050967e-03 -1.32705650e-02 -2.95935216e-02
   -2.92259843e-02 -1.07836726e-02  3.22713122e+00 -6.04559410e-02
   -3.42831280e-02 -4.88719660e-03]]

 [[ 3.31472067e-06  2.37246706e-06  1.29985397e-05  3.59338924e-06
    1.24358499e-06  4.04418331e-06  1.16276293e-06  3.45725810e-06
    3.29895065e-06  6.35625079e-06]
  [ 4.09354249e-08  2.70771632e-08  1.07068679e-07  9.15093822e-08
    2.27448545e-07  1.91588314e-07  5.72725491e-08  4.09191878e-08
    9.88755668e-08  2.93285796e-08]
  [ 1.30241378e-01  7.15883337e-02 -9.74198950e-03 -4.66724297e-02
   -5.72722933e-04 -1.54446308e-02 -4.47065316e-02 -4.46282291e-03
    1.01202910e+00 -1.60536098e-01]]

 [[ 1.75819375e-06  4.30049010e-06  1.43039032e-05  3.18437594e-06
    1.14687010e-06  5.25769963e-06  1.13775968e-05  2.54934589e-06
    1.85581574e-06  4.42108568e-06]
  [ 1.33694382e-07  1.41949605e-07  3.39421588e-08  1.14668314e-07
    2.24754432e-08  9.41120673e-08  8.93812518e-08  8.20710949e-08
    9.08910730e-08  8.59611523e-08]
  [ 2.58159453e-01  2.61772926e-01 -5.04274430e-02  7.00515374e-02
   -4.80958606e-02 -1.82757626e-02  2.52651521e-01 -1.38264012e-02
   -4.98852316e-02 -2.66124754e-04]]

 [[ 3.11423545e-05  7.95016467e-06  2.46708466e-05  2.72603907e-05
    3.54972319e-05  1.01318722e-05  1.10327757e-05  1.29170090e-05
    1.43028732e-05  1.81902381e-05]
  [ 2.89395925e-07  2.92706462e-07  4.03319166e-07  1.63048888e-07
    4.65728791e-07  1.33385521e-07  1.94201925e-07  5.35827142e-07
    3.49555746e-07  3.76097003e-07]
  [-3.91733335e-01 -7.35690895e-02 -3.89660314e-02 -6.09121613e-02
   -7.03982865e-02 -1.02896663e-04 -1.44042333e-02 -5.30430426e-02
   -7.16045578e-02 -3.95786984e-02]]

 [[ 2.61006691e-05  4.58410553e-05  2.50375327e-05  1.60219890e-06
    2.01643808e-05  5.65408689e-05  3.48605712e-05  3.24721116e-05
    7.89745457e-06  1.63867139e-05]
  [ 1.10619122e-07  6.39273552e-07  2.10640632e-07  5.78714049e-08
    2.82586590e-07  5.30953215e-07  6.69426452e-07  7.61001020e-07
    2.01103300e-07  4.62770023e-07]
  [-8.08759629e-02 -1.09732343e-01 -1.82591504e-02 -1.61636935e-01
   -2.26288110e-04 -1.03519337e-01 -3.19627669e-03 -8.96902143e-03
   -3.77331174e-02 -8.92346050e-02]]

 [[ 3.05623445e-05  1.67365773e-05  1.03563113e-04  3.60569908e-05
    1.71608642e-05  6.17543975e-06  4.40650803e-05  6.92782889e-06
    3.02287826e-05  1.88516103e-05]
  [ 1.52194424e-07  1.15994553e-06  1.98954481e-07  1.47302396e-07
    1.17881616e-06  3.29157104e-07  6.49944488e-07  5.13080680e-07
    1.01427062e-06  2.24956457e-07]
  [-6.22972883e-03 -3.32074905e-02 -4.71997491e-02 -7.43414497e-02
   -1.02058996e-02 -6.69499368e-02 -1.92220127e-01 -2.42109294e-01
   -2.60706686e-02 -2.22444782e-01]]

 [[ 1.05332094e-10  1.61807318e-10  2.17794759e-10  1.67786414e-10
    3.74744031e-10  1.35970396e-10  5.67290205e-10  5.65574546e-11
    4.88440941e-11  2.64364137e-11]
  [ 2.26005033e-12  9.98635461e-13  7.75738783e-13  2.23343730e-13
    9.89456875e-13  1.23975168e-12  1.98064425e-13  4.95222545e-13
    2.70225443e-12  2.23504969e-12]
  [ 2.75721145e+00 -3.67911462e-04  1.73622317e+00 -8.75528470e-04
    1.69059963e+01 -1.90227471e-04 -9.75163229e-05 -1.26002150e-04
    1.86646063e+00 -4.27056745e-06]]

 [[ 8.36382232e-11  7.85255410e-11  2.12119687e-11  2.81514217e-10
    3.75231254e-11  6.39025417e-11  2.02891035e-10  2.41246721e-10
    2.33197364e-10  2.06909120e-10]
  [ 1.33509726e-12  1.48652794e-12  3.28095648e-12  6.03312334e-13
    2.77589724e-12  1.89000223e-12  5.56430803e-13  1.86141078e-12
    1.54519263e-12  6.99341099e-13]
  [ 1.74773308e+00  4.40627303e-01  5.05790974e-01 -1.81843403e-05
   -5.06238834e-04  1.67820922e+00 -1.93757473e-04  7.37561052e-02
   -4.12131196e-04 -8.33302528e-07]]

 [[ 1.15146225e-10  1.09835630e-10  3.09128462e-11  5.06424545e-11
    7.97459347e-11  9.62051716e-11  4.20623944e-11  4.94293718e-11
    3.75306692e-11  3.97909949e-10]
  [ 1.74631333e-12  6.06453364e-13  1.00052422e-12  1.09321749e-12
    5.27261903e-13  7.64206899e-13  1.55336626e-12  2.69068621e-12
    2.94391756e-13  2.57991248e-12]
  [-7.35582427e-05 -2.76812299e-04  2.43475420e+00  3.59749619e+00
   -3.23213320e-04 -7.66699276e-04  3.16579663e+00 -1.81083724e-04
   -4.33923951e-05  1.86646063e+00]]

 [[ 2.53615728e-08  3.30171667e-08  3.86802370e-08  3.36364467e-08
    4.44872135e-08  5.53454328e-08  3.90643688e-08  4.34834326e-08
    2.08485871e-08  8.34601504e-08]
  [ 7.57571886e-10  6.88950707e-10  5.64057770e-10  4.40214791e-10
    1.21772887e-09  4.40654942e-10  3.94275478e-10  6.13895310e-10
    1.88530843e-10  2.07559877e-10]
  [-3.65610025e-03 -5.89799706e-03  1.26547809e+00 -5.41796482e-04
    1.68168899e+00  4.03999412e+00 -1.81310151e-02  4.45089579e-01
   -5.89136820e-03  8.52707413e+00]]

 [[ 6.87057303e-08  7.34897114e-08  9.85490974e-08  2.49054532e-08
    4.27223388e-08  2.04059526e-08  5.99609708e-08  1.45665961e-08
    2.84356151e-08  3.06178784e-08]
  [ 3.40948799e-10  9.83420662e-10  8.89767205e-10  5.14426336e-10
    2.89182685e-10  6.02729496e-10  4.41779980e-10  1.15306188e-09
    6.26619689e-10  2.20978214e-09]
  [ 1.86162043e+00 -1.49117955e-02 -7.19415137e-03  1.86369821e+00
    1.53328835e+01  1.98333946e+00 -2.38092698e-03 -1.73739191e-04
    6.80857497e-02  9.64415135e-03]]

 [[ 4.02946006e-08  3.52506350e-08  5.21898292e-08  3.99737207e-08
    3.63492334e-08  1.31785595e-08  3.93935344e-08  1.18375764e-08
    1.92849755e-08  4.05126728e-08]
  [ 3.11072402e-10  1.39865286e-10  8.04941074e-10  5.67603831e-10
    1.02728113e-09  4.70705769e-10  5.29494766e-10  5.69847921e-10
    1.60941289e-10  4.54613163e-10]
  [-3.05281059e-03  2.19944976e+00  2.58159365e-01  4.09071637e+00
   -8.77658425e-03  9.01671981e-01  2.42712816e+00 -1.41868486e-02
   -1.32313371e-04  1.10838196e-02]]

 [[ 9.88666678e-08  2.04827938e-07  2.05565411e-07  1.87017845e-07
    2.37248702e-07  2.07086682e-07  1.89023229e-07  2.32053696e-07
    3.69736864e-07  4.30404847e-07]
  [ 2.12097872e-09  4.19857732e-09  1.23030110e-09  2.01965223e-09
    1.81284754e-09  9.09717260e-10  1.23715893e-08  1.82677470e-09
    2.63451277e-09  1.26672755e-09]
  [-1.20128919e-02  3.13117445e+00 -3.63555229e-02 -1.33433384e-04
   -1.23132547e-02 -1.96220993e-02 -6.46856562e-03  2.61772919e-01
   -1.96985968e-03 -6.72763039e-03]]

 [[ 1.62970451e-07  2.46691156e-07  1.22077020e-07  3.73448040e-07
    1.77500457e-07  9.57881696e-08  6.70720875e-07  3.21454650e-07
    1.32571896e-07  3.94095878e-08]
  [ 3.70356350e-09  1.69156558e-09  3.86242946e-10  1.45052833e-09
    1.10482727e-09  3.01259231e-09  1.62850593e-09  1.05883902e-09
    7.91464093e-10  3.15683954e-09]
  [-8.22718982e-03  2.23783048e+00  4.46170213e+00  5.00109923e+00
   -4.05058037e-03  1.30107628e+00 -4.39653570e-04  6.51210554e+00
   -8.29039638e-03 -7.40609645e-03]]

 [[ 6.27385079e-08  3.35771598e-08  1.43715080e-07  2.22228271e-07
    9.06301222e-07  4.63730274e-07  3.90530053e-07  1.64254754e-07
    9.35478988e-08  4.24785144e-07]
  [ 3.47658312e-09  7.06070813e-09  1.12470986e-09  1.02703017e-09
    5.20637078e-09  1.67222096e-09  1.64182429e-09  1.43568830e-09
    5.80175704e-09  8.39856930e-09]
  [ 1.00134525e+00  2.03225137e+00 -2.38836110e-02  3.83783542e+00
   -6.34746555e-03 -4.33524774e-03  1.29656941e+00 -6.43219643e-02
   -1.46466926e-02 -8.10728534e-02]]

 [[ 1.32858468e-07  9.15088386e-07  7.92937945e-07  5.77538629e-07
    7.50369170e-07  1.98957994e-07  6.19421387e-07  3.11208162e-07
    3.06905722e-07  2.07874654e-07]
  [ 1.48642446e-08  1.20146499e-08  4.03294122e-09  1.38793878e-09
    1.93894077e-08  3.83448220e-09  4.67953215e-09  9.19376362e-09
    4.11359964e-09  6.17171895e-09]
  [ 8.80916578e-01 -8.06588625e-03 -1.60450915e-02  1.65374052e+00
   -8.83215323e-03  1.74259726e+00 -1.08876878e-02  7.46916056e-03
    1.90299492e+00  1.86545224e+00]]

 [[ 1.37249150e-06  4.53615665e-07  5.86874170e-07  2.75531623e-07
    2.09771465e-06  2.22527248e-07  5.84330429e-07  3.50407889e-07
    2.92878091e-07  6.58630744e-07]
  [ 1.30251899e-08  4.69589472e-09  1.79199049e-09  5.22104079e-09
    6.74705570e-09  4.93818284e-09  3.45972468e-09  1.80210061e-09
    1.82108329e-08  6.54310386e-09]
  [-7.82654025e-03 -2.87178720e-02  6.78740680e+00  8.22209887e-01
   -2.77199677e-02  3.79354866e+00 -2.33781074e-03  1.30241372e-01
    4.64572095e+00  1.10838254e-02]]

 [[ 8.52588235e-07  5.75588077e-07  3.76656886e-07  3.54569523e-07
    9.02017601e-07  3.63494906e-07  6.07803295e-07  4.57421308e-07
    4.10320457e-07  3.24349707e-07]
  [ 3.58729952e-09  1.02686226e-08  4.80176747e-09  9.40975284e-09
    5.84331812e-09  1.64481729e-09  2.04215769e-09  1.72776553e-08
    5.47062050e-09  8.80070721e-09]
  [ 7.75128759e-01 -4.91353610e-04 -1.18613717e-02 -1.28323530e-03
    3.83029874e-01 -2.37579011e-02  4.14090670e+00 -5.87687420e-02
   -7.05771261e-02  5.25802416e-01]]

 [[ 1.55420507e-06  3.91552459e-06  3.95183372e-06  4.94954823e-06
    3.10617696e-06  2.79209138e-06  3.14199618e-06  1.99932499e-06
    3.18534793e-06  2.16211226e-06]
  [ 9.38238431e-08  9.27747560e-08  2.44155766e-08  1.40295650e-08
    4.18935323e-08  3.14519957e-08  1.51201084e-08  1.45113580e-08
    1.54381831e-08  1.86721714e-08]
  [ 1.33020811e-01 -5.08311385e-02  7.46917189e-03  7.38167144e-03
   -3.05920097e-03 -1.30300428e-03  7.46917149e-03  2.36969064e+00
   -1.66201898e-01  1.10838225e-02]]

 [[ 2.85066633e-06  1.45171279e-06  1.10891483e-06  5.25611592e-06
    2.87744586e-06  2.53864298e-06  8.62191550e-07  1.18504874e-06
    7.49396034e-07  2.65426446e-06]
  [ 1.49401443e-08  3.57448709e-08  9.61540472e-08  5.42207580e-08
    4.56467304e-08  4.25868349e-08  5.10347319e-08  1.50208851e-08
    2.25859778e-08  2.56056369e-08]
  [ 2.57857499e-01  2.18354961e+00  2.51526283e+00  6.98096046e-01
   -1.84634598e-02  1.01384043e+00  1.00611236e+00 -3.12271808e-02
   -7.56814573e-04  5.71057785e-01]]

 [[ 1.99007442e-06  2.33255637e-06  2.77716545e-06  1.01831846e-06
    1.38922606e-06  2.01171751e-06  2.97248684e-06  7.98696984e-07
    2.15457719e-06  3.24558940e-06]
  [ 1.05083658e-08  1.91162720e-08  3.35561025e-08  1.42608956e-08
    5.11920862e-08  3.28939385e-08  2.10651598e-08  5.61829619e-09
    3.70303848e-08  2.85966833e-08]
  [-3.27578272e-02 -1.26806129e-02 -1.94589053e-02 -4.32168043e-02
   -1.06032538e-01  1.69177389e+00  2.56247433e+00 -8.57756898e-03
   -4.86993352e-02 -7.03365944e-04]]

 [[ 1.24098133e-05  1.14233457e-05  6.77470280e-06  2.69125238e-05
    1.99825314e-05  2.38656645e-06  7.31321296e-06  1.33121531e-05
    1.05784704e-05  1.34175537e-05]
  [ 1.29079651e-07  1.29169732e-07  1.67014518e-07  8.01268175e-08
    1.55314170e-07  3.24108493e-07  6.20560923e-08  1.11803237e-07
    2.30955823e-07  1.64036083e-07]
  [-4.63266552e-03 -1.29253088e-02 -2.54390945e-02 -1.16221843e-01
   -5.97728300e-02 -9.19434674e-02 -1.66284130e-01 -9.07755012e-02
   -6.55606745e-02 -1.79177724e-01]]

 [[ 3.00953183e-05  2.13730679e-05  6.97812842e-06  1.01560491e-05
    5.03916529e-06  5.25629138e-06  6.96420815e-06  2.80781330e-06
    2.24593545e-05  1.21949443e-05]
  [ 3.87880891e-07  5.55743595e-07  2.36608322e-07  2.33054023e-07
    7.55830200e-07  1.26049912e-07  6.61875184e-08  3.98046472e-07
    1.69132244e-07  6.31575621e-07]
  [-1.85905741e-01 -2.98153032e-02 -6.99218725e-03 -1.96810154e-01
   -1.42919613e-01 -1.61045262e-01 -6.62209094e-02 -5.57517379e-03
   -3.08084101e-02 -5.88505134e-02]]

 [[ 2.35345828e-05  2.80661822e-05  1.08426679e-05  3.91000561e-06
    2.16612125e-05  1.10937917e-05  2.01876805e-05  2.08253550e-05
    2.56672162e-05  8.85751938e-06]
  [ 3.15848977e-08  5.76772874e-07  4.28566005e-07  4.31778554e-07
    3.06061096e-07  1.32058187e-07  1.23790348e-07  2.22861952e-07
    2.44064151e-07  1.21222604e-07]
  [-1.38637058e-01 -9.01443978e-02 -8.08932056e-02 -2.41779635e-03
   -3.19973703e-02 -4.01536764e-02 -5.76773053e-02 -2.25465791e-01
   -5.22293669e-02 -2.27697080e-01]]

 [[ 3.19217047e-10  1.09270519e-10  5.07713873e-11  5.38289794e-11
    1.78829674e-11  7.44494665e-11  1.72594925e-10  7.65494375e-11
    1.74348924e-10  5.64212082e-11]
  [ 1.71726279e-12  6.62392247e-13  7.48945984e-13  1.76214573e-12
    2.00904852e-12  5.68043680e-12  6.38344651e-13  2.30614696e-12
    9.74590433e-13  5.34953113e-13]
  [-2.28505620e-03 -5.98932810e-05 -3.24520827e-05 -4.08463398e-04
   -6.36963337e-04 -1.96658553e-04 -2.52408670e-04 -2.71215943e-04
   -6.98202959e-05 -8.96254462e-05]]

 [[ 4.44795746e-11  6.36426983e-11  1.18673939e-10  1.89438153e-10
    2.48314543e-11  2.32996034e-10  1.12255732e-10  5.61241468e-11
    1.70724418e-10  1.46683007e-10]
  [ 1.82825489e-12  2.49013427e-12  1.46848121e-12  3.25569597e-12
    3.06554110e-12  7.76628454e-13  2.17043226e-12  3.14090030e-12
    2.38619771e-12  4.28673299e-13]
  [ 7.60244200e-01 -1.05988435e-03 -3.74452464e-05 -3.96735809e-05
   -7.31494893e-05 -1.37852153e-04 -5.06453821e-05  5.05466774e-01
    2.05135099e+00 -4.94538939e-05]]

 [[ 2.01308865e-10  5.92894126e-11  2.50043509e-10  1.21541138e-10
    1.11052744e-10  2.46211243e-10  1.08930443e-10  2.80585797e-11
    4.43226577e-11  1.70274961e-10]
  [ 1.62551522e-12  8.05074521e-13  9.01446075e-13  1.48244426e-12
    2.17102474e-13  4.38395058e-13  7.31616406e-13  1.38150455e-12
    1.05544959e-12  1.98788438e-12]
  [-2.87446604e-04 -5.96348882e-05  1.33180514e+00 -1.31138080e-05
    4.45218421e-01 -5.85542117e-05  7.01417219e-02  2.50733139e-01
   -2.21107913e-04 -4.30961886e-04]]

 [[ 9.73202293e-09  4.91324696e-08  2.78189013e-08  4.57178753e-08
    5.11350433e-08  1.70809026e-08  6.60368971e-08  2.03981181e-08
    1.78490021e-08  3.54265832e-08]
  [ 7.01684939e-10  2.85802636e-10  7.91031697e-10  4.60255787e-10
    1.16696538e-09  1.39460681e-09  9.58123493e-10  7.13524359e-10
    5.56503813e-11  6.55156665e-10]
  [-1.03639577e-04  7.11070112e-02 -1.61977297e-02 -9.17113775e-05
    1.55852307e+00 -3.74712090e-03 -4.97014442e-04  1.63835311e+00
    2.36630327e+00  2.56716847e-01]]

 [[ 2.79685192e-08  4.52199944e-08  2.53534374e-08  9.37354803e-08
    4.18925906e-08  9.08954324e-08  5.44897060e-08  3.09075866e-08
    2.05924162e-08  4.71834560e-08]
  [ 4.18949939e-10  6.93348137e-10  2.58385543e-10  7.32097387e-10
    4.19346119e-10  3.48775652e-10  7.19696018e-10  5.81624248e-10
    2.57020858e-09  5.67743274e-10]
  [-1.19932116e-03  1.22309481e+00 -7.37169652e-03  9.47750553e-01
   -2.33843648e-04  6.92382885e-01  1.39281134e+00 -2.52502262e-03
    1.31641805e+00 -4.43438303e-04]]

 [[ 6.94682433e-08  3.53466493e-08  2.44974632e-08  9.15698695e-08
    2.57962436e-08  6.77353040e-08  3.62488099e-08  2.57117360e-08
    6.71595873e-08  5.29257665e-08]
  [ 6.86316639e-10  6.69411241e-10  8.99178978e-10  5.96976160e-10
    3.09701660e-10  6.67581069e-10  7.81623430e-10  4.40975493e-10
    7.85749040e-10  6.63484335e-10]
  [-2.80800438e-03  5.25802376e-01  3.20732620e-01 -7.76745094e-03
   -3.44035212e-03 -1.54956249e-02  2.58159365e-01  2.37082882e+00
    2.04832384e+00  1.82595510e+00]]

 [[ 3.28885038e-07  4.51080680e-08  1.59583539e-07  2.18834509e-07
    4.29924357e-07  2.57131950e-07  1.04469188e-07  1.02164641e-07
    1.44970693e-07  3.22078180e-07]
  [ 2.28392653e-09  2.30558510e-09  6.42386899e-09  2.87106338e-09
    5.78913086e-09  3.20355652e-09  2.48455731e-09  2.64281400e-09
    4.89916234e-09  1.34633165e-09]
  [ 5.64542887e-01 -1.37772209e-02 -1.02289734e-03 -1.95139859e-02
    5.66047752e-01 -2.32733711e-03 -8.09014259e-03 -6.15031696e-03
    5.86745061e-03  3.20831661e-01]]

 [[ 1.04858024e-07  1.78480607e-07  7.45702777e-08  1.15511644e-07
    9.13672531e-08  1.55207470e-07  1.56891478e-07  3.40490891e-07
    9.63675916e-08  3.98918913e-07]
  [ 9.35894290e-10  9.01897634e-10  5.19630450e-09  2.09939737e-09
    1.89264858e-09  2.40238454e-09  9.48292709e-10  2.60473047e-09
    8.12761001e-09  2.77789261e-09]
  [-5.07988141e-03  1.26547809e+00 -1.26855930e-02 -7.27315918e-04
   -1.24346716e-02 -2.28060872e-02 -5.29178766e-02 -1.02027130e-02
   -3.56865461e-03 -3.29524251e-03]]

 [[ 1.48331569e-07  1.75557078e-07  9.70280000e-08  6.82391566e-08
    1.60645101e-07  1.59958321e-07  1.36127562e-07  5.03278829e-08
    5.69519222e-07  1.44344606e-07]
  [ 9.29816331e-10  1.75653622e-09  1.08432242e-09  2.09363203e-09
    1.25305592e-08  2.92947824e-09  2.06417264e-09  6.72046653e-10
    1.79409981e-09  7.16492997e-10]
  [ 2.86326436e+00 -8.37960326e-03  1.96687797e-01  1.10838216e-02
   -1.26951203e-02 -9.72756400e-03 -2.87310192e-03  7.46916334e-03
   -2.14297179e-04  3.85216075e-01]]

 [[ 2.35827662e-07  1.43144186e-06  4.34725493e-07  3.01428054e-07
    1.13186572e-07  2.21908825e-06  2.20710858e-07  3.02523768e-07
    2.45702744e-07  4.15444501e-07]
  [ 4.82109119e-09  2.07237600e-09  1.31253578e-08  1.28637408e-08
    8.68301013e-09  8.67878431e-09  1.53249163e-08  3.01507705e-09
    8.53854006e-09  9.03959105e-09]
  [-4.96639892e-02  1.30755612e-01 -9.25241689e-03  1.98142881e-01
    2.90675382e+00 -4.13251852e-03  1.19236659e+00  1.86646065e+00
   -5.02010743e-03 -2.99080149e-02]]

 [[ 1.60451531e-06  9.79413679e-07  3.68831435e-07  6.21714309e-07
    1.04728528e-06  4.09526290e-07  2.17747194e-07  3.00447379e-07
    1.08372022e-07  7.14488784e-07]
  [ 1.76386054e-08  6.75196540e-09  8.39327844e-09  5.01714998e-09
    3.21187235e-09  4.94020127e-09  1.30394095e-08  2.02223803e-09
    1.54556963e-08  8.31847400e-09]
  [ 3.96145221e+00 -4.31998342e-03 -3.19461827e-03 -1.05957982e-02
   -2.86754755e-02 -2.05301856e-02 -2.75543702e-02 -2.86133215e-02
   -1.47229348e-02 -5.84830261e-02]]

 [[ 4.88409649e-07  3.27185327e-07  9.21388333e-07  1.80307917e-07
    1.07027704e-07  7.80406023e-07  9.60934257e-07  9.03958881e-07
    2.51441730e-07  2.12774263e-07]
  [ 5.73943419e-09  3.86316665e-09  5.38083385e-09  1.26876543e-08
    7.37578693e-09  1.04079560e-08  3.22938049e-09  4.91770572e-09
    1.14060038e-08  6.33083829e-09]
  [-9.45113346e-02  1.82617231e+00 -4.77507693e-03 -5.12622542e-03
   -4.33822936e-02 -9.78735524e-02  4.47284008e-01  1.44504699e+00
   -3.03376565e-03 -2.62375465e-02]]

 [[ 2.06424139e-06  4.53615677e-06  4.72038445e-06  1.11338211e-06
    2.24609505e-06  2.22597624e-06  2.00628015e-06  6.18472911e-06
    1.10476764e-06  1.61841693e-06]
  [ 2.54042292e-08  2.93976131e-08  7.37223170e-08  7.55002908e-09
    5.20219544e-08  4.25939109e-08  1.64561293e-07  5.89699564e-08
    4.22608497e-08  1.65098843e-08]
  [-3.10861145e-02  2.14671956e+00  6.95159907e-01  5.12462038e-01
   -8.81322123e-03 -1.35908306e-02  7.57318713e-01 -7.17913393e-02
   -8.75507053e-03  2.58062788e-01]]

 [[ 7.75503233e-07  2.74455152e-06  4.04478734e-06  2.50601982e-06
    1.15523955e-06  1.26749548e-06  1.50999899e-06  1.64126113e-06
    2.19694620e-06  2.13765313e-06]
  [ 1.38807224e-07  5.25821647e-08  3.83329528e-08  3.06050666e-08
    2.43405545e-08  1.86361852e-08  2.83498500e-08  4.17655784e-08
    3.64277342e-08  3.77723918e-08]
  [-1.48090970e-01 -1.93695183e-03 -1.42964267e-02  5.70335446e-01
   -1.38905925e-02  1.33295421e-01  1.34528961e-01  7.60254732e-01
   -2.17920383e-02 -2.26836491e-02]]

 [[ 1.91005596e-06  2.53257007e-06  1.76555954e-06  7.19707194e-07
    4.48825650e-06  3.84356730e-07  9.42283452e-07  2.10824208e-06
    2.03645682e-06  4.03765961e-07]
  [ 5.30284231e-08  3.33966238e-08  4.16151854e-08  1.13981714e-08
    1.73916342e-08  2.03315072e-08  5.58685655e-08  2.62630733e-08
    3.30260164e-08  1.53529708e-08]
  [ 6.80858071e-02 -1.68774444e-01 -2.31710379e-02  2.86269520e+00
   -3.25213105e-02  3.60193382e+00 -3.74838492e-03  2.56626604e-01
   -3.95304634e-02  3.84705086e-01]]

 [[ 5.56650966e-06  5.68950565e-06  2.18824373e-05  2.03067025e-05
    2.04330841e-05  9.47555622e-06  6.39578985e-06  1.49259466e-05
    1.20702521e-05  4.25932594e-06]
  [ 1.11974544e-07  2.68239752e-07  2.87979069e-07  8.76914468e-08
    2.02770476e-07  1.67210807e-08  5.80637728e-08  1.44293541e-07
    2.77998659e-07  1.04775364e-07]
  [-2.36525322e-04 -3.44473416e-02 -6.24471342e-02 -7.24358978e-02
   -1.34473310e-01 -1.24588874e-01 -4.46562855e-02 -2.53380206e-01
   -7.06201060e-02 -5.78829724e-02]]

 [[ 1.74363383e-05  2.36493929e-05  9.21591573e-06  2.93139664e-05
    2.43290364e-05  5.60809785e-06  1.35822393e-05  1.86344326e-05
    5.68570526e-06  2.68955023e-05]
  [ 4.94414190e-07  1.09652937e-07  3.12477742e-07  2.93113843e-07
    2.37238584e-07  1.87986504e-07  1.41904199e-07  2.20585492e-07
    5.96618657e-07  4.09041985e-07]
  [-3.25027323e-01 -2.16898225e-02 -5.62709116e-02 -4.16198867e-03
   -3.27235920e-02 -3.67244883e-03 -1.95647798e-01 -1.79148498e-03
   -9.55514737e-02 -8.18821961e-04]]

 [[ 1.03693466e-05  3.56143750e-06  3.96527928e-05  3.47750474e-06
    4.06332978e-05  1.31178765e-05  6.45515121e-06  2.10453865e-05
    1.64420425e-05  1.71885569e-05]
  [ 2.67250557e-07  7.22776249e-08  3.09409352e-07  8.57808766e-08
    2.63585897e-07  8.81433717e-08  2.26803491e-07  1.61070632e-07
    6.43836611e-08  1.16700799e-07]
  [-8.87138675e-02 -7.02298979e-03 -6.83371443e-02 -5.83551975e-02
   -2.65300670e-02 -7.63080138e-02 -2.22333393e-01 -2.55146512e-02
   -5.27428781e-02 -9.44450082e-02]]

 [[ 7.04080333e-10  1.14288809e-10  3.51481484e-10  3.51541433e-10
    2.78927584e-10  8.66757130e-11  3.02132126e-10  1.01999809e-09
    5.93607442e-11  3.39443713e-10]
  [ 4.33183033e-12  2.73099399e-12  6.37585457e-13  8.46215535e-13
    6.77438889e-13  3.10792001e-12  1.37765988e-12  1.17906166e-11
    3.13958488e-13  2.38339816e-12]
  [ 7.46916025e-03 -8.45423324e-05 -1.66210487e-03 -1.21990560e-05
    5.86745002e-03  5.86745002e-03 -3.05109348e-04  1.33020765e-01
    1.63953706e+00  2.86150675e+00]]

 [[ 2.00135229e-10  8.65170427e-11  2.65168476e-10  1.18176737e-10
    4.94799565e-10  1.58928761e-10  2.73665534e-10  6.01615621e-11
    2.63600038e-10  2.89440966e-10]
  [ 1.77250941e-12  2.95187075e-12  3.97406593e-13  3.78362495e-12
    2.98034803e-12  1.14289516e-12  5.00378911e-13  1.58526023e-12
    2.41180505e-12  8.72995490e-13]
  [-2.91467925e-04 -4.11230415e-05 -4.40432816e-04 -2.81866376e-04
    6.27663686e-01 -1.23691883e-04  3.18931868e-01 -2.51638350e-04
   -2.05923487e-04  2.80389105e+00]]

 [[ 6.65826355e-10  3.31267271e-11  1.77333586e-10  1.27369464e-10
    5.67904299e-11  2.78897018e-10  1.82070538e-10  1.62368387e-10
    1.91512714e-10  2.61358181e-10]
  [ 1.59280067e-12  1.38107757e-12  1.46394832e-12  7.87614094e-13
    2.42224630e-12  8.64786457e-13  1.22097366e-12  7.49732068e-13
    4.22984589e-13  3.72164720e-12]
  [ 2.25074957e+00  5.25802371e-01 -1.47894691e-04  1.86984308e+00
    6.91834953e+00 -1.34980869e-04  1.29174471e-01  4.42535871e-01
   -1.57769696e-04  1.70851198e+00]]

 [[ 2.02578786e-07  1.80789708e-07  5.68947069e-08  7.79456295e-08
    1.16830923e-07  1.37675512e-07  5.78076305e-08  1.49902034e-07
    9.73056609e-08  1.67725611e-08]
  [ 5.12312371e-10  8.13937784e-10  1.25277717e-09  2.25294548e-09
    1.14236848e-09  1.57102938e-09  1.76856671e-09  7.31749779e-10
    1.59054971e-09  6.20471617e-10]
  [ 3.24060780e-01 -1.44543105e-02  2.24025079e+00  1.94704856e+00
   -3.81491457e-03  8.16186870e-01  1.67211031e+00  3.60245941e+00
    1.55852308e+00 -7.42175399e-03]]

 [[ 3.85563647e-08  5.64361954e-08  8.07499921e-08  2.21927479e-07
    3.60645049e-08  1.57091777e-07  7.95517409e-08  7.90324940e-08
    3.31575772e-08  7.05174986e-08]
  [ 4.89294563e-10  4.34151263e-10  9.44897888e-10  1.26465268e-09
    4.81061300e-10  1.17163132e-09  8.48109104e-10  1.38631901e-09
    6.87624926e-11  8.65643543e-10]
  [-2.87416880e-03  1.81400668e+00  8.91216145e-01 -8.50104394e-03
    4.16576609e+00 -5.20015364e-04  1.25273471e+00 -1.07011701e-02
    8.20143272e-01  1.57915146e+00]]

 [[ 8.23445464e-08  7.35713750e-08  9.03224758e-08  1.35060247e-07
    5.10126973e-08  3.13305871e-08  7.44991449e-08  2.18357804e-08
    4.03616267e-08  2.64357800e-07]
  [ 5.54637887e-10  2.23838216e-09  7.64005196e-10  8.76078287e-10
    1.42994760e-09  6.66853081e-10  2.59915210e-09  2.54722371e-09
    1.52209305e-09  1.22470664e-09]
  [ 2.10750766e+00  5.65793953e+00 -8.61452301e-04  6.80857496e-02
    1.26180116e+00 -2.38187330e-03  3.41254489e+00 -1.20853101e-02
   -2.74088826e-03 -6.09459585e-03]]

 [[ 3.78286474e-07  2.38965339e-07  2.14336952e-07  4.07189308e-07
    1.95636607e-07  3.31049979e-07  7.38605596e-07  6.98405762e-07
    2.13002396e-07  3.33080065e-07]
  [ 1.57103919e-09  3.75869037e-09  1.10259473e-08  3.76557282e-09
    6.99530770e-09  2.15448682e-09  4.14814943e-09  3.06163494e-09
    1.82129231e-09  1.02070333e-08]
  [-3.41927632e-04  4.41793919e+00 -2.74349883e-03 -4.48971606e-02
   -4.59548824e-03  1.99359668e+00 -2.12409102e-02 -1.17628188e-02
   -8.73821666e-03  6.95406672e-02]]

 [[ 3.06129319e-07  3.30500862e-07  6.00168636e-07  7.46515728e-08
    1.20720341e-06  1.10439451e-07  2.25228002e-07  7.74765966e-07
    2.19248152e-07  2.47598824e-07]
  [ 2.99225074e-09  8.00451827e-09  9.97046953e-10  6.84737686e-09
    1.81702560e-09  7.35464328e-09  2.04667674e-09  7.67834869e-09
    2.48554149e-09  3.40686620e-09]
  [-1.87140263e-02  1.38714502e+00 -6.21341571e-03  1.33659418e-01
    3.24060782e-01 -3.01212450e-03  1.01022671e+00 -7.06972983e-03
    1.29656940e+00 -1.22376224e-03]]

 [[ 4.09051293e-07  2.88281327e-07  5.60562740e-07  2.93286759e-07
    4.33839452e-07  3.16928349e-07  5.24526436e-07  1.70323501e-07
    1.97282361e-07  2.87152050e-07]
  [ 6.26400195e-09  5.17233790e-09  2.49595807e-09  3.26925922e-09
    1.95115365e-09  1.56030278e-09  3.37049610e-09  3.71089854e-09
    2.86225147e-09  1.94126788e-09]
  [-1.99245610e-02  1.34018004e-01  1.51068512e+00  6.34382015e-01
    1.19582029e+00 -5.08868474e-03 -3.06425419e-02 -8.03800695e-03
    5.88552053e-01 -7.00942539e-03]]

 [[ 1.56904463e-06  1.09107512e-06  7.33088432e-07  2.28347815e-06
    6.00866690e-07  1.49576160e-06  3.96927868e-07  1.31833593e-06
    3.12673041e-07  2.14963372e-06]
  [ 3.40028153e-08  4.59790039e-09  5.50529702e-09  1.03479453e-08
    4.55466291e-08  2.91069873e-08  1.69095403e-08  1.33173152e-08
    1.25841846e-08  7.40037234e-09]
  [-6.06446435e-03 -1.54320444e-02 -3.58668244e-03 -1.81683739e-03
   -2.37418383e-02 -3.52973762e-03  1.10838202e-02  8.12901404e+00
   -1.15103187e-02 -6.00580678e-03]]

 [[ 3.57319862e-06  1.44992691e-06  8.33491995e-07  2.47649094e-06
    2.27675857e-07  1.67199807e-06  1.26644665e-06  1.17149499e-06
    6.78617734e-07  9.20752450e-07]
  [ 1.12557968e-08  3.92085273e-08  6.48642705e-09  1.12098198e-08
    7.63393916e-09  1.72256536e-08  6.43760311e-09  1.89159335e-08
    3.74481768e-09  5.00581807e-09]
  [-1.21674904e-02 -3.91002881e-03  3.18765102e-01 -4.67639995e-02
   -5.22046515e-03  5.34289372e+00 -2.94557033e-03 -1.11539479e-02
   -6.39083093e-04  8.16186884e-01]]

 [[ 1.23457431e-06  5.83929071e-07  7.24907363e-07  8.81691711e-07
    2.46849788e-07  6.15519993e-07  4.50504884e-07  4.87907880e-07
    5.17827566e-07  5.64060133e-07]
  [ 2.37968334e-08  4.27432096e-09  8.93810966e-09  5.69468708e-09
    5.97343438e-09  6.70311739e-09  4.25954650e-09  9.07375461e-09
    5.18223045e-09  7.12795251e-09]
  [-2.60742878e-02 -4.70258174e-03  1.55948236e+00  6.80857514e-02
    1.45283027e+00  1.63815965e+00  5.60861166e+00 -2.68357638e-02
    1.29174472e-01  5.08848506e-01]]

 [[ 6.61595943e-07  1.92478792e-05  3.01871485e-06  3.65588207e-06
    3.43060562e-06  8.32052118e-06  9.15136578e-06  7.77638220e-06
    2.50347032e-06  1.50952423e-05]
  [ 1.96334341e-08  1.02464964e-08  9.89038291e-08  7.82551838e-08
    2.79710939e-08  2.99631140e-08  9.50681836e-08  4.81932341e-08
    4.49956436e-08  5.74703448e-08]
  [ 1.79411779e+00 -6.79495008e-03  7.76801092e-01  1.10838958e-02
   -1.62117976e-03  2.59605269e-01  8.84408293e-01 -1.37564390e-02
   -1.08200352e-02  1.92429072e-01]]

 [[ 1.60109872e-06  6.07098194e-06  1.19764289e-06  6.89598736e-06
    8.86365309e-06  2.31698080e-06  5.28754503e-06  4.63268435e-06
    2.59088570e-06  1.51336162e-05]
  [ 1.09619926e-07  5.15871224e-08  1.00704686e-07  2.82485167e-08
    6.07750113e-08  8.07380071e-08  1.15922684e-08  4.93099701e-08
    1.17838964e-08  1.56752022e-07]
  [ 3.81437503e-01  8.20300487e-01  3.83700135e-01  5.11020394e-01
    2.58036194e-01 -8.67449524e-03 -1.51821388e-01  3.22546268e-01
   -1.58987238e-01 -1.64549479e-02]]

 [[ 7.65406817e-06  1.67085618e-06  6.42672307e-06  4.95922440e-06
    5.78910283e-06  6.46765317e-06  4.74161516e-06  1.01293661e-05
    2.83006181e-06  4.40564532e-06]
  [ 5.11054215e-08  1.15348654e-07  4.08239720e-08  4.09965906e-08
    8.90424627e-08  1.00102097e-08  7.49244344e-08  2.12684512e-08
    8.80108652e-08  4.18080789e-08]
  [ 1.69350221e+00 -8.53839859e-02 -2.99171965e-02 -2.84006097e-02
    7.60254855e-01 -2.92341100e-02 -4.11714192e-03  3.82931532e-01
   -1.59676259e-02 -3.88511013e-02]]

 [[ 1.46708057e-05  2.42726702e-05  2.37906099e-05  2.34837465e-05
    1.92427520e-05  5.01415030e-05  5.38207272e-05  6.22138023e-05
    1.13930648e-05  9.41964982e-06]
  [ 1.75459291e-07  4.31814250e-07  3.32719496e-07  8.73239681e-07
    4.29815040e-07  5.81444870e-07  1.87857305e-07  6.71540544e-07
    2.79246673e-07  1.76030495e-07]
  [-2.78240255e-02 -1.46274075e-03 -2.44175530e-02 -1.21114836e-01
   -1.58285305e-01 -1.11104901e-01 -7.95407392e-02 -6.82390044e-02
   -3.05319646e-02 -9.53356253e-02]]

 [[ 2.83899449e-05  7.88321614e-06  3.98883051e-05  2.42306732e-05
    1.59483928e-05  4.42952897e-05  6.37683577e-05  3.57763839e-05
    2.30171284e-05  5.98380919e-05]
  [ 2.09192456e-07  2.66032789e-07  1.40503117e-07  2.60295796e-07
    2.51238092e-07  2.91739915e-07  2.90969373e-07  3.10214911e-07
    5.04012407e-07  1.08999551e-06]
  [-5.58664896e-02 -1.14605357e-01 -3.01302483e-02 -2.68452161e-01
   -2.04481051e-01 -9.92466712e-02 -2.29936934e-02 -6.98438134e-02
   -2.15768805e-01 -2.08807968e-02]]

 [[ 1.29191702e-05  3.42054921e-05  3.69450743e-05  3.04461415e-05
    3.82173829e-05  2.70860110e-05  2.75717644e-05  5.32577390e-05
    2.45726722e-05  4.93030032e-05]
  [ 8.29814503e-07  1.35878864e-07  1.10302201e-06  2.92626118e-07
    2.56847886e-07  8.04667963e-07  5.58985275e-07  2.61554957e-07
    3.46320338e-07  1.97691258e-07]
  [-1.51227984e-01 -1.48482891e-03 -2.23008199e-01 -8.74692336e-02
   -2.59892418e-02 -4.89226583e-01 -9.89014617e-02 -3.39258531e-02
   -4.78764934e-02 -1.21341378e-01]]

 [[ 5.49861151e-10  6.25231793e-11  7.73463611e-10  1.46692203e-10
    2.97992528e-10  2.49536447e-10  1.21017605e-10  1.11789834e-10
    3.26944305e-10  1.77597720e-10]
  [ 1.98438458e-12  4.26869982e-12  8.06677261e-13  7.20366729e-12
    1.42748293e-12  2.02524546e-12  2.20079595e-12  4.81106089e-12
    3.88527788e-12  6.34516051e-12]
  [ 5.72144636e-01 -3.67721495e-04  1.00985158e+00  1.95690609e-01
   -4.28560339e-04 -8.14681030e-04  6.26135288e+00  2.59267221e-01
    5.75389611e-01 -8.94889907e-05]]

 [[ 1.13228445e-10  2.25519111e-10  1.59511842e-10  1.37705725e-10
    5.17137069e-10  2.52527102e-10  5.89825324e-10  1.86793125e-10
    2.85377731e-10  5.37552058e-10]
  [ 3.38977407e-12  1.43565206e-12  1.85726406e-12  3.69895175e-13
    2.34274717e-12  1.20607511e-12  4.22891881e-12  5.40050643e-13
    1.67428192e-12  7.18607006e-13]
  [-6.61369152e-05 -1.98207471e-05 -1.13489514e-04  7.22402773e-02
    4.14448396e+00 -8.56167112e-05 -9.24535383e-06 -8.92250505e-05
    3.11717135e+00  1.19465325e+00]]]