[[[ 1.32520546e-08  1.08525192e-08  2.28248769e-10  3.32853682e-11
    2.55407588e-09  1.22434395e-08  5.29970182e-10  1.86193838e-09
    4.17332161e-10  1.19787296e-10]
  [ 3.33034982e-11  1.71377034e-11  5.65127904e-12  1.49496131e-11
    2.38634529e-11  9.14405330e-11  1.61995528e-11  3.89001660e-11
    4.01490614e-12  6.96140270e-12]
  [-2.68593365e-02 -5.15390814e-02 -2.47335207e-04 -6.87495133e-04
   -1.59659065e-03 -3.65087167e-04 -1.43322261e-01 -1.50301807e-04
    1.80119680e+00 -3.71430152e-04]]

 [[ 2.00699971e-09  7.66937102e-10  1.97287494e-08  1.10311271e-09
    6.22167950e-09  3.00925862e-09  2.95689623e-09  1.06900762e-10
    6.46779951e-10  4.72069233e-09]
  [ 1.28509187e-10  1.17441117e-13  1.18281087e-12  1.13042562e-10
    9.49746871e-11  6.17103396e-11  1.93332768e-10  2.28119072e-10
    2.82487901e-11  1.59794060e-11]
  [-7.89081166e-04 -6.83424222e-05  5.68827212e-01 -7.55498835e-05
   -8.03469927e-04 -2.45094474e-03 -2.91612950e-04 -1.65673109e-03
   -9.97356259e-02 -3.85246636e-04]]

 [[ 1.63457086e-09  6.22771545e-11  6.21090119e-10  1.18763041e-09
    6.17568752e-10  5.49364890e-10  1.99739093e-10  6.71763675e-10
    5.15260192e-11  1.07074276e-10]
  [ 1.58281356e-11  8.72606650e-14  2.17462835e-12  5.61328999e-11
    1.99497172e-13  3.37589249e-11  1.19877351e-12  1.69244206e-10
    1.50813140e-10  5.66447953e-11]
  [-4.61554680e-04 -6.61391614e-04 -2.10671315e-03 -1.73050860e-04
   -5.19742657e-03 -1.71375981e-04 -2.08865734e-04 -1.92733244e-04
   -2.09991475e-03 -4.70747630e-04]]

 [[ 8.87549233e-08  1.18562699e-06  1.17229611e-07  1.66017837e-06
    5.82296023e-07  4.75406729e-07  7.03206539e-08  1.00330838e-09
    1.23062417e-06  2.19998789e-07]
  [ 1.37988261e-08  7.17655220e-08  3.61452395e-08  1.55906665e-09
    5.26283015e-10  9.54208146e-09  1.24973614e-08  2.45965260e-08
    1.12858088e-08  3.89700969e-08]
  [-1.23808986e-02 -4.38454260e-02  7.46916283e-03  5.03860084e-01
   -7.86544234e-02 -3.74297102e-03 -1.02844494e-02 -6.06724072e-02
   -2.49035302e-02 -2.08756566e-03]]

 [[ 2.59855993e-07  3.90150836e-07  1.73298911e-07  5.63528271e-09
    8.08350079e-09  5.17899222e-06  3.38832710e-07  1.45878347e-06
    4.34842422e-08  7.80809421e-07]
  [ 3.39224599e-08  1.84365376e-09  1.41893363e-09  1.03253764e-08
    3.51335314e-12  1.04271777e-10  3.74188891e-08  1.04208737e-08
    9.50407911e-11  3.51792589e-08]
  [ 8.91602743e-03  5.69309328e-01 -9.45879686e-02 -1.57769952e-02
   -4.81801471e-04 -8.04692036e-02 -2.56919930e-03 -2.82309142e-02
   -9.37014361e-02 -2.30867978e-03]]

 [[ 2.20219970e-07  1.62309906e-06  6.79110250e-07  2.64904091e-06
    1.38647796e-07  2.61173672e-08  1.06152611e-07  4.58084129e-06
    2.64877567e-07  1.93677350e-06]
  [ 5.90327267e-09  4.13292854e-08  2.24639652e-09  5.59390181e-12
    1.60545420e-09  3.79261377e-08  1.05363760e-07  3.65787753e-09
    3.46249325e-10  4.38706156e-09]
  [-2.60467840e-03 -9.88815785e-03 -6.00879313e-03 -6.80999384e-03
    9.47365201e-01 -4.30455847e-02  7.46919598e-03 -8.49638984e-03
    6.02833858e+00 -4.38919992e-02]]

 [[ 1.16139919e-05  7.56643901e-06  2.36014107e-06  6.40635935e-06
    6.41721395e-06  1.22299543e-05  8.90193129e-06  7.01616911e-07
    8.88510680e-07  4.65540193e-07]
  [ 4.33921658e-08  1.93267667e-09  6.62270340e-09  1.60696298e-08
    1.57000749e-07  1.90377819e-07  2.88559586e-07  4.46759442e-08
    1.02562456e-08  1.82447811e-07]
  [-8.09774599e-02 -4.51552710e-02 -1.29985895e-01 -5.89322166e-02
   -1.42027169e-02 -5.04983942e-02 -3.54610791e-02 -3.69988373e-02
   -2.12232988e-01 -3.91468540e-05]]

 [[ 1.06908251e-07  2.22735644e-06  1.22045195e-06  1.94348903e-07
    1.31652120e-07  4.71050627e-06  1.35597516e-07  1.00007773e-06
    1.50040958e-08  9.34452070e-07]
  [ 9.74509902e-12  8.86807684e-09  6.20493128e-08  2.83712337e-07
    3.24348027e-08  1.29841729e-08  2.72179145e-09  1.08476941e-09
    1.69748751e-07  1.11824402e-08]
  [-2.73241098e-03 -1.28051221e-01 -1.04709628e-01 -1.04635192e-02
   -5.25382199e-02 -1.08054529e-01 -3.77544026e-03 -4.35884310e-02
   -2.22411945e-02 -4.06310189e-02]]

 [[ 6.06647082e-07  4.37475589e-06  9.49084810e-07  6.94963293e-07
    3.17742272e-08  5.47011601e-10  1.45717616e-06  5.38760825e-08
    6.40114543e-06  9.80558811e-06]
  [ 7.08781704e-09  1.34885296e-08  2.05325902e-06  2.26406732e-08
    2.26583135e-08  1.28808662e-09  2.29657659e-08  1.11854942e-08
    2.16239655e-07  5.80231793e-09]
  [-1.91662204e-02 -2.92475460e-03 -3.34602812e-02 -9.91219983e-03
   -9.57787260e-03 -1.02028871e-02 -1.41635607e-02 -1.81375171e-02
   -8.47394433e-02 -1.85566858e-01]]

 [[ 7.27381788e-06  2.32938051e-05  1.57697764e-05  1.00127185e-06
    1.26275797e-06  3.97125518e-05  1.07570291e-05  1.64288285e-05
    7.20454131e-07  1.00142997e-05]
  [ 3.60687333e-07  2.40109303e-08  5.10729978e-07  4.62403168e-08
    1.78463634e-08  3.85103402e-07  3.74451427e-08  4.37285528e-08
    5.69557286e-09  1.98570378e-07]
  [-1.31595689e-02 -4.03855058e-02 -4.76795819e-02 -5.04483483e-03
   -1.48552475e-04 -1.92142035e-03 -6.89049231e-02 -2.46447597e-04
   -2.88260823e-02 -1.03023199e-02]]

 [[ 3.37669416e-06  9.03796547e-06  6.52406812e-06  2.12777545e-06
    1.72689578e-05  3.14899888e-07  4.18128565e-05  1.19397709e-05
    1.24755320e-05  1.04453095e-08]
  [ 2.53806246e-07  2.24074204e-10  1.01223270e-08  4.58343507e-07
    3.92333914e-07  6.07942802e-07  5.23502962e-07  8.32122011e-07
    1.25711688e-07  2.23654417e-07]
  [-1.25576909e-03 -7.86661839e-02 -2.65291222e-02 -5.51986434e-03
   -1.60622013e-01 -4.98200382e-02 -8.23027222e-02 -1.40216856e-02
   -3.75338575e-02 -1.36297577e-02]]

 [[ 2.93692515e-09  2.82245517e-06  7.66271465e-05  1.11730772e-05
    7.28217539e-06  1.98273155e-05  3.46618429e-07  6.39858636e-05
    7.86177213e-06  4.41450321e-06]
  [ 8.84979734e-08  7.10401889e-09  9.33283413e-09  3.15106130e-07
    1.54050663e-07  4.02282418e-07  2.37772967e-07  4.09739383e-07
    1.90367780e-09  8.61466910e-08]
  [-1.67942348e-02 -2.65792465e-02 -2.41486630e-02 -1.97773770e-01
   -1.70502922e-02 -2.84141425e-02 -1.25892341e-02 -4.66533352e-03
   -1.49353276e-01 -2.97606242e-04]]

 [[ 6.33283641e-05  3.68228233e-05  1.21724734e-04  2.94334215e-04
    7.14443050e-05  3.19244505e-04  2.72002068e-05  2.06782093e-05
    1.39466114e-05  1.06210931e-05]
  [ 5.47143207e-08  8.69641692e-12  2.70574087e-11  7.13407452e-08
    2.13876317e-06  4.07350770e-07  6.63268336e-07  1.59525732e-06
    2.54971315e-07  9.44371088e-07]
  [-4.69018965e-02 -1.87259388e-01 -9.04619022e-02 -2.89277247e-01
   -1.41634652e-01 -5.70459422e-02 -1.80411742e-01 -4.67843684e-04
   -1.29812133e-01 -6.08709836e-02]]

 [[ 5.53481484e-07  3.74362818e-05  2.97430713e-05  3.34265570e-04
    1.50743678e-06  1.10763331e-04  2.94302046e-05  9.48813290e-06
    8.05869396e-06  9.36360397e-07]
  [ 1.73788470e-07  1.44027248e-06  3.79993780e-07  3.94402052e-07
    1.84193204e-07  1.36239940e-06  2.46108593e-08  1.08646015e-06
    3.24506959e-10  4.80445874e-09]
  [-4.72836793e-02 -9.10406289e-02 -1.05229042e-01 -4.89662941e-02
   -8.31169863e-03 -9.51423494e-03 -6.86893211e-02 -1.49139430e-02
   -5.69468661e-02 -7.76284404e-02]]

 [[ 1.82054782e-05  2.61038856e-06  5.88660333e-06  2.32540952e-05
    1.63049240e-06  1.80274828e-04  4.43278958e-05  1.52305841e-04
    2.03777387e-05  3.23333798e-07]
  [ 1.28960133e-06  4.41875269e-08  7.29584321e-09  1.10649563e-06
    5.04275429e-08  4.30844070e-06  2.96195292e-07  4.25117814e-09
    5.79696434e-06  6.63320136e-07]
  [-5.50729163e-02 -5.52812365e-02 -2.35837939e-02 -8.63209134e-02
   -1.18173613e-02 -8.54093381e-02 -2.15096691e-01 -4.93920212e-03
   -7.47917325e-02 -5.82346201e-02]]

 [[ 3.36614346e-04  3.99488278e-05  2.89010488e-04  2.16858964e-04
    2.23161689e-04  7.96137884e-04  1.25721477e-03  4.56082719e-04
    1.63320671e-04  1.76404844e-05]
  [ 4.81365050e-06  6.15354178e-06  1.33882831e-06  5.21854329e-07
    8.89418361e-05  3.23446674e-06  1.19441318e-05  6.67819493e-06
    1.36766063e-05  5.39310797e-07]
  [-3.97505655e-02 -5.11338339e-02 -1.02059745e-01 -8.44763641e-02
   -8.21086564e-02 -8.88675286e-02 -8.21303468e-02 -2.28378001e-02
   -8.68192576e-02 -1.11061062e-01]]

 [[ 4.22445762e-05  1.30996598e-03  2.79055894e-04  9.26737599e-04
    7.57200118e-05  1.30892682e-04  2.15955353e-05  2.59286187e-05
    1.42010773e-04  4.65944002e-04]
  [ 3.27182385e-06  6.91850288e-06  2.23590814e-05  3.64928846e-07
    2.18197303e-06  1.81289390e-08  1.67422361e-05  2.88827618e-06
    6.09780390e-06  1.68465598e-06]
  [-1.10815567e-02 -5.89045132e-04 -7.43187929e-03 -9.63186987e-02
   -2.81649511e-01 -1.84669336e-01 -1.73754125e-01 -3.60171303e-05
   -1.63359209e-01 -9.11205163e-04]]

 [[ 9.64931119e-04  1.16317908e-04  3.39004161e-04  5.37494757e-05
    2.35392742e-03  9.30170089e-04  5.74598337e-04  9.75667731e-05
    1.17009603e-05  8.42736147e-04]
  [ 2.38409502e-06  6.47236159e-10  2.84241286e-07  5.88935245e-08
    6.61899174e-08  2.93567448e-06  7.50609570e-06  1.93516029e-05
    8.80235223e-06  9.40328099e-06]
  [-9.33590133e-02 -3.08419699e-02 -3.72094601e-01 -7.72529890e-02
   -9.52656579e-02 -9.67208295e-03 -4.20955113e-02 -1.13047448e-01
   -2.14498015e-01 -1.47974153e-01]]

 [[ 2.32505657e-10  5.50807906e-10  6.12004485e-10  5.77831147e-10
    5.84967810e-09  1.57082474e-09  2.91073049e-09  1.83344237e-09
    1.12424638e-08  1.19220885e-10]
  [ 3.42251831e-11  9.40578592e-11  2.19281218e-10  7.83698789e-13
    1.31371605e-11  8.32170007e-11  1.04471991e-10  5.59400615e-16
    3.01624166e-12  3.17790725e-12]
  [-1.25019397e-03 -3.87635907e-04 -1.96521027e-04 -5.06205330e-04
   -7.95075457e-04 -4.03341239e-04 -8.09066177e-02 -1.48293903e-03
   -6.64661797e-02 -1.61864843e-01]]

 [[ 2.75846686e-09  3.83485175e-09  1.70651484e-09  2.10622104e-09
    1.76474738e-09  1.24011336e-09  2.94179293e-11  3.10577596e-10
    1.77555150e-10  1.25275068e-09]
  [ 3.41048775e-11  2.77100320e-10  1.97155673e-10  1.06310323e-10
    5.51613038e-12  1.77137364e-11  3.34729128e-12  2.28915578e-11
    2.65958606e-11  1.59146185e-10]
  [-1.89647639e-01 -1.12061935e-01 -6.96864870e-03 -6.27866568e-03
   -5.57240124e-02 -8.60343866e-05 -1.05531506e-02 -3.27266212e-04
   -6.20374835e-02 -3.42648125e-04]]

 [[ 1.67169112e-09  5.72494480e-11  4.43223371e-11  2.47385898e-10
    3.11485519e-09  4.15883023e-10  2.59790424e-09  4.96846577e-11
    1.95808028e-09  2.79344545e-09]
  [ 9.57670393e-12  6.66975531e-12  5.91530953e-11  1.70756920e-11
    5.93132423e-11  1.56170945e-10  5.11472488e-11  3.23332806e-12
    2.10488405e-11  4.44021877e-12]
  [-2.56290726e-01 -2.23841208e-02 -6.19067843e-04 -1.03481991e-01
   -1.22403930e-03 -6.17622552e-03 -2.27851700e-04 -6.39367728e-03
   -8.18248238e-03 -7.03276027e-04]]

 [[ 4.45288655e-07  1.95578705e-06  6.10871510e-07  1.14618493e-06
    3.31688154e-06  4.15258591e-06  7.52372753e-07  1.22381961e-06
    1.84517424e-07  6.99729274e-07]
  [ 2.35322796e-08  1.72546690e-08  5.57918756e-09  2.73766856e-08
    6.32941377e-08  2.06704821e-09  1.40627254e-07  9.05791868e-10
    1.77683193e-09  9.56031258e-09]
  [-1.76171930e-02 -8.23063358e-02 -2.88335519e-03 -5.66280444e-02
   -1.55667341e-03 -1.21460741e-02 -5.01746106e-03 -3.75683749e-02
   -4.47627412e-02 -4.22346862e-03]]

 [[ 2.59080168e-07  8.92970533e-13  3.81695268e-06  5.50877103e-07
    1.05283950e-06  4.19607465e-07  3.01601782e-08  4.32635698e-07
    4.53000001e-06  1.93230436e-07]
  [ 4.79367653e-08  7.94194194e-10  7.03786608e-09  1.94604369e-08
    1.51871220e-08  2.54807362e-09  1.71865617e-14  1.29880974e-10
    1.37920406e-07  1.00710776e-08]
  [-9.80061066e-04 -3.19827597e-02  1.92953766e-01 -2.80516799e-02
   -2.32489179e-02 -2.51896264e-02 -8.97081142e-03 -5.58831650e-02
   -4.35426729e-02 -9.51057821e-02]]

 [[ 1.65926547e-07  1.04400591e-07  4.50892268e-08  3.99352168e-07
    2.46211989e-06  2.62396103e-07  4.27258618e-07  8.11632499e-07
    8.33370687e-08  2.46464188e-06]
  [ 2.78269209e-08  1.50472388e-09  4.34353151e-09  6.03515677e-09
    2.30239767e-08  7.66185865e-08  7.81837912e-08  1.74687314e-10
    2.15229443e-09  1.29930501e-08]
  [-4.17986705e-02 -3.51024144e-01 -2.36750966e-01 -1.88654529e-02
   -4.94436253e-02 -1.26207051e-02 -7.75426677e-02 -1.45143231e-01
   -7.33687181e-03 -1.99398950e-02]]

 [[ 5.92284113e-06  1.10147553e-06  1.79587346e-06  1.11656417e-05
    3.29806052e-06  2.38349626e-08  7.27280796e-06  5.41636183e-06
    4.07558259e-06  2.26386362e-06]
  [ 1.02847655e-08  3.33063152e-07  3.08163874e-08  1.06815040e-07
    3.07892336e-08  4.45476537e-08  2.69878108e-07  8.32096225e-08
    7.05217256e-08  2.09642974e-07]
  [-9.89818086e-03 -4.19335597e-01 -4.30346272e-02 -6.12589683e-02
   -5.00023824e-02 -5.67116354e-03 -5.45723125e-02 -7.86936677e-02
   -1.47863249e-02 -4.69042019e-02]]

 [[ 3.49268096e-07  1.25535957e-07  2.10129568e-05  2.11085893e-06
    2.53105332e-06  1.74987687e-06  2.31916239e-05  2.02230037e-05
    1.05731131e-06  7.91052772e-07]
  [ 1.41264297e-08  1.92785163e-08  9.21305759e-09  9.33851245e-09
    3.86673935e-08  5.90271276e-08  6.53577167e-07  1.25786189e-07
    2.49424148e-07  1.51839300e-10]
  [-5.13670932e-03 -1.86259156e-02 -7.15932399e-02 -2.22615634e-02
   -9.00231512e-02 -2.68981537e-03 -1.05867108e-02 -7.27197231e-03
   -2.38204414e-02 -1.14683662e-01]]

 [[ 6.12360735e-06  6.35632738e-11  3.06637982e-06  4.99348172e-06
    6.02996475e-06  4.77218306e-06  2.66627981e-08  1.28392952e-05
    3.19964049e-06  1.20066822e-05]
  [ 4.51626260e-09  9.32791501e-09  1.61920771e-08  8.51494943e-09
    4.50240880e-08  1.02979111e-07  1.19230483e-07  8.66153645e-09
    2.00679300e-07  3.74496832e-08]
  [-1.35602969e-02 -8.94174980e-03 -2.46605173e-02 -9.21903728e-03
   -2.19531599e-02 -2.59527347e-01 -3.60283877e-03 -8.85426623e-03
   -1.88497289e-02 -6.17115076e-03]]

 [[ 6.55730692e-06  1.15604375e-06  1.10072402e-05  8.47774338e-06
    4.43826480e-06  6.03900491e-06  2.54376836e-05  2.61619149e-07
    3.42873210e-05  2.27483179e-07]
  [ 2.40022652e-07  2.59318061e-07  2.09206038e-07  7.25092143e-07
    4.20717485e-08  1.20172921e-07  3.28165014e-07  3.82321402e-07
    5.55033530e-07  1.67076124e-08]
  [-1.62012217e-01 -2.07479332e-01 -6.97749470e-02 -4.72678635e-02
   -9.32238416e-02 -1.08807140e-01 -1.58683597e-02 -3.66087934e-03
   -2.80921478e-02 -2.99846820e-03]]

 [[ 3.83747389e-06  1.98953253e-06  1.76013249e-05  1.70612966e-06
    2.05603593e-05  2.35854084e-05  4.32503298e-06  1.81728279e-05
    7.38295491e-05  3.00422286e-06]
  [ 2.24822894e-07  3.20370010e-07  2.01224379e-07  3.67165200e-07
    4.02047892e-08  5.91227175e-11  3.19641981e-07  9.47202541e-08
    6.25559529e-07  1.36325571e-08]
  [-3.39045900e-02 -6.22424950e-03 -2.15466946e-01 -3.01301462e-02
   -1.15986664e-01 -1.07804548e-01 -2.79227797e-02 -1.77774205e-01
   -2.94972904e-02 -7.67401890e-02]]

 [[ 5.44710594e-05  4.36903194e-05  1.95136910e-06  4.82924637e-06
    1.21345423e-05  2.98278191e-06  3.52636626e-05  6.99038708e-05
    2.28416113e-07  8.86015619e-06]
  [ 1.61066001e-08  2.54451030e-06  5.91750529e-07  1.65354960e-10
    1.98627691e-06  5.30671636e-08  4.78302709e-08  1.06231683e-07
    4.08193362e-08  1.21046311e-07]
  [-3.68541340e-02 -1.65010218e-02 -5.94374364e-03 -1.03999804e-01
   -3.95715849e-02 -2.37881063e-01 -5.99368380e-02 -5.39283418e-02
   -6.54662446e-03 -1.25052524e-02]]

 [[ 7.28869600e-05  6.31233785e-06  3.94485335e-05  7.02749110e-05
    3.06256764e-05  6.04922999e-07  2.28323584e-06  1.17083705e-04
    2.93197557e-05  6.05511888e-05]
  [ 1.44181312e-08  7.85445521e-07  8.76061511e-08  9.72409392e-07
    1.08911660e-06  4.23049949e-06  1.16369679e-06  2.25957282e-08
    2.23983735e-07  3.74486996e-06]
  [-3.74733121e-02 -1.88786186e-01 -1.24996326e-01 -1.29063712e-02
   -2.62796641e-02 -1.32469143e-02 -5.26263734e-02 -6.01596323e-02
   -2.17925790e-02 -1.89552544e-02]]

 [[ 5.84660422e-07  2.15964954e-05  7.39177600e-06  3.88199282e-06
    5.59783040e-05  2.36311111e-04  8.30215328e-05  4.11553037e-07
    2.05908774e-04  1.37667534e-04]
  [ 1.05383825e-06  6.27138065e-07  1.32564378e-07  8.37286104e-08
    7.29823642e-07  4.13054049e-07  1.60103698e-06  2.83341925e-07
    1.80944185e-11  2.68221373e-07]
  [-2.34645205e-01 -2.57629267e-02 -1.32915704e-02 -2.20568925e-01
   -1.64578334e-02 -1.92241900e-01 -4.00593080e-02 -2.70486946e-02
   -2.65491708e-01 -4.11935262e-02]]

 [[ 1.43340810e-04  1.04235544e-04  1.34487721e-04  2.23669991e-06
    2.03461044e-04  1.06791416e-05  1.31758801e-06  7.91392217e-05
    9.25512137e-07  6.70316520e-06]
  [ 4.55473910e-08  2.01206942e-06  2.39153723e-06  6.59528766e-06
    1.43494735e-06  1.07790278e-06  1.16565764e-06  3.57921819e-07
    5.73918397e-06  2.16096072e-06]
  [-2.29187984e-02 -5.31293425e-02 -2.20638874e-02 -8.83418159e-03
   -6.02707831e-02 -8.17355986e-03 -7.78563255e-02 -1.23656670e-01
   -7.06180176e-02 -6.01400731e-03]]

 [[ 3.46975919e-04  8.64725755e-04  1.08535386e-03  4.35085016e-06
    1.39221865e-03  1.56028199e-05  3.28439442e-04  1.41686233e-05
    2.36849877e-04  4.16870094e-04]
  [ 2.77257252e-06  1.32189273e-09  1.42313721e-06  1.48352188e-05
    4.39542643e-08  1.34460968e-05  4.18394570e-06  1.07230254e-05
    1.92660046e-07  9.54849038e-06]
  [-2.55182816e-02 -2.12227415e-02 -1.28150268e-01 -1.19412158e-01
   -5.80931736e-02 -8.60275239e-03 -2.26458353e-01 -8.81240096e-02
   -5.73347579e-01 -2.91739090e-02]]

 [[ 2.78906387e-03  1.52742688e-04  8.93646413e-06  1.88753828e-04
    2.07374685e-03  1.10822545e-04  1.18519134e-05  5.30787769e-04
    4.80180909e-04  2.03348448e-03]
  [ 1.72233989e-06  3.53719187e-05  7.60643937e-06  8.41592953e-06
    1.01263602e-06  3.49445572e-06  3.76903670e-06  3.63079669e-06
    2.07737968e-05  1.72018921e-06]
  [-7.12659325e-02 -6.93431108e-02 -3.14371912e-01 -7.95338892e-02
   -1.47838731e-01 -4.83132789e-04 -3.12061410e-02 -1.70625552e-02
   -3.13892388e-02 -4.52593949e-02]]

 [[ 2.29939028e-05  3.36245415e-04  9.59137889e-04  9.25584755e-04
    3.64179279e-04  6.16625537e-06  1.73405442e-05  1.35808720e-04
    4.43716026e-06  6.72179540e-04]
  [ 1.06508103e-05  4.59510398e-06  1.81674989e-08  2.51171044e-06
    4.53556785e-06  1.59317261e-05  1.14616242e-05  2.67156851e-06
    9.85854070e-08  3.11114101e-07]
  [-2.29653772e-02 -9.98163084e-03 -2.24785465e-01 -1.74916808e-01
   -1.11344292e-01 -4.57478577e-02 -3.82749231e-02 -1.59420275e-01
   -2.55964393e-03 -4.52893230e-02]]

 [[ 9.91857725e-10  1.56341724e-10  1.61619320e-09  2.08075961e-10
    1.52906803e-09  9.96018825e-10  3.81728611e-09  7.32793924e-10
    8.50774072e-10  4.61722185e-09]
  [ 2.67887393e-11  3.86502501e-12  9.79719713e-12  9.29353450e-12
    1.35595898e-11  1.59896628e-12  1.64042158e-12  3.17296154e-11
    2.99184800e-19  5.02579947e-14]
  [-2.89919402e-04 -6.07198618e-04 -4.76353287e-02 -6.30069792e-04
   -1.83468623e-03 -3.77661073e-03 -1.27561183e-03 -1.85544705e-03
    3.13429191e-01 -3.53257088e-03]]

 [[ 1.12032338e-09  5.64982628e-10  2.43741301e-10  3.35952051e-09
    3.52204519e-10  5.06288435e-12  5.28312976e-10  3.82449797e-10
    4.03717132e-10  1.64152185e-09]
  [ 1.22390909e-11  1.35812264e-11  1.03668556e-12  1.05801270e-12
    5.34838209e-19  2.55857171e-11  2.57262708e-12  2.71424097e-12
    1.38306135e-11  1.94949766e-12]
  [-3.11795268e-04 -1.05899021e-03 -8.14632161e-05  6.33248733e-01
   -1.15638794e-03 -4.41750889e-03 -1.43085293e-04  1.95690609e-01
   -7.17526206e-04 -5.39042336e-03]]

 [[ 1.99211637e-11  7.17447291e-13  3.74739119e-10  8.66817118e-11
    5.66767884e-10  2.25175650e-09  5.63370800e-10  1.71447649e-10
    2.82144637e-10  3.52613075e-10]
  [ 2.70111820e-12  2.01869357e-11  9.98053393e-12  2.74501413e-12
    4.70431587e-12  4.69236255e-14  1.00734628e-14  3.65952685e-11
    1.44524884e-14  3.53068616e-11]
  [-2.96973044e-02 -1.24091598e-04  1.95161141e-01 -1.40085280e-03
    1.01035207e+00  1.89979195e-01 -4.18845030e-05 -7.31134368e-04
   -7.08954538e-04 -1.76071862e-03]]

 [[ 5.10148669e-07  3.10310039e-09  7.94125884e-08  5.03262324e-07
    1.34769543e-07  4.05845687e-07  3.34038070e-07  5.00630766e-07
    1.27031963e-08  2.72488141e-07]
  [ 6.84290981e-09  1.49302940e-08  1.43688360e-08  4.69081953e-11
    2.74550587e-09  2.03621392e-08  4.16660547e-09  4.74044317e-11
    4.63730617e-10  1.19033240e-08]
  [-2.65956644e-03 -4.11160935e-03 -7.27885355e-03  3.11659750e+00
   -3.94135484e-02 -2.64987238e-03 -5.22376328e-03 -6.95866515e-04
    1.10838199e-02 -1.49339789e-02]]

 [[ 4.61112448e-10  2.33861412e-07  2.69523189e-07  2.79423055e-07
    2.75047141e-07  1.38410150e-06  4.55737820e-08  1.72625544e-06
    1.96772018e-08  1.15246980e-10]
  [ 2.68291055e-09  4.61219678e-09  4.51844361e-10  3.37935918e-10
    8.55904492e-10  2.56335263e-09  1.67354174e-08  1.67578945e-08
    3.52358606e-11  1.11236130e-10]
  [-4.83483605e-03 -2.16734684e-03 -4.09310586e-01  9.27265283e-03
    1.96687800e-01 -1.85337408e-02 -1.35255596e-03 -3.12434780e-02
   -3.09182602e-02  6.80857496e-02]]

 [[ 3.64786140e-07  1.31869047e-06  2.16086888e-08  4.90616968e-08
    3.75716977e-08  1.76491822e-07  6.30592817e-08  5.35862673e-07
    7.45385121e-08  2.29562802e-09]
  [ 2.23790949e-11  1.35727164e-09  1.63065065e-09  9.51651159e-09
    9.32903033e-10  1.15578828e-08  1.54288540e-09  3.45654948e-10
    7.23001410e-09  2.75121437e-09]
  [-4.35687307e-02 -3.59643042e-02 -3.77265040e-03  5.70698099e-01
   -1.93589848e-02 -1.51024460e-02 -6.90884768e-02 -3.08006977e-02
   -9.54924500e-03 -2.16394503e-02]]

 [[ 9.92778744e-08  1.14214381e-06  3.04044533e-07  2.90207544e-07
    1.81181010e-06  5.14869832e-06  3.34514011e-06  6.00508994e-06
    3.65629271e-06  1.64313622e-06]
  [ 3.32741786e-07  6.08869882e-09  2.87943434e-09  3.63270731e-08
    9.91076115e-09  3.21252173e-08  7.63973949e-09  3.78614784e-08
    7.88212015e-08  9.30349854e-08]
  [-1.97259272e-02 -1.30314171e-02 -7.43917220e-02 -3.36261378e-02
   -3.99382371e-02 -3.73542700e-02 -7.33526734e-03 -1.39482242e-02
   -2.48875372e-02 -4.16977262e-02]]

 [[ 9.72742885e-07  1.19049707e-07  2.54604851e-06  1.06573073e-06
    8.58227381e-08  5.65742999e-07  1.58913764e-05  1.92301617e-06
    1.33722051e-06  1.16580467e-07]
  [ 2.10386078e-08  2.85256340e-10  8.94920874e-09  4.29411909e-11
    3.03199623e-08  2.32752883e-09  4.58802347e-09  4.89603710e-09
    4.24821929e-09  2.95454199e-10]
  [-2.03097940e-02 -4.47944284e-02 -1.03800001e-02 -8.92879648e-02
   -6.35716617e-02 -5.14392480e-03 -3.67377717e-02 -7.11289833e-03
   -3.21871239e-03 -2.15408515e-02]]

 [[ 1.69786803e-06  1.83015312e-07  5.37415866e-06  1.16255790e-05
    3.47646348e-08  1.60819348e-06  3.64243346e-07  1.82355037e-09
    8.02866169e-08  1.89606397e-06]
  [ 1.16594413e-08  2.08435962e-10  5.09831086e-10  1.24603760e-08
    2.33564009e-09  2.91142195e-08  2.82368616e-11  6.63331872e-10
    9.38282828e-08  4.21791559e-09]
  [-1.22048417e-01 -3.87959201e-03 -7.26948571e-03 -1.39905583e-02
   -5.85494618e-02 -1.35666313e-01 -7.98350555e-02 -5.50102075e-02
   -4.02899891e-02 -1.08768159e-01]]

 [[ 2.41853175e-07  3.33670715e-06  4.18905386e-06  8.66390763e-06
    3.03225405e-05  1.54670637e-05  1.72236954e-05  1.19170392e-06
    2.79787389e-07  1.64213900e-06]
  [ 1.82872619e-08  3.70508060e-08  2.41274066e-07  1.12161987e-07
    1.09777521e-07  1.20892047e-07  2.42319460e-07  2.16533020e-07
    1.53304652e-08  2.17857321e-08]
  [-5.43570564e-02 -8.12124246e-02 -2.70610454e-02 -4.71305023e-02
   -2.95892984e-02 -1.06549622e-02 -4.57936732e-02 -6.31234469e-02
   -4.32798809e-02 -5.63264441e-03]]

 [[ 5.06260861e-08  4.12844771e-07  8.47934501e-06  3.51025019e-06
    1.92796578e-05  4.70076752e-07  8.27194711e-06  4.17141049e-08
    1.18565786e-06  9.42749624e-06]
  [ 1.70298695e-07  2.99340380e-08  9.61652609e-08  3.33996380e-08
    8.84617184e-09  2.57389797e-08  4.64861204e-07  2.84692745e-07
    3.07894645e-08  2.76725578e-07]
  [-2.13538960e-02 -1.08984908e-01 -1.06426821e-03 -1.47328816e-01
   -1.48192386e-02 -3.74317566e-02 -6.81823522e-02 -2.00677329e-01
   -1.23450334e-01 -3.54911152e-02]]

 [[ 2.42822295e-06  9.23823202e-06  3.41446127e-06  2.82131609e-07
    6.21862628e-06  1.45484306e-07  3.71208870e-06  1.88180926e-07
    1.29961169e-06  2.46414389e-06]
  [ 7.13251811e-08  1.46009448e-08  6.37112512e-10  2.38518909e-10
    2.89772043e-09  4.13703018e-08  1.58405619e-07  6.31712740e-09
    7.21297751e-09  3.42432942e-09]
  [-3.51408423e-02 -4.50440235e-02 -5.26633890e-02 -1.44018146e-02
   -4.77102917e-03 -3.77538847e-02 -6.09588538e-03 -2.54495963e-02
   -1.10063251e-01 -1.85266220e-02]]

 [[ 2.95525510e-06  3.94649678e-05  6.62930585e-05  1.25045836e-05
    1.61493974e-05  8.52263516e-07  1.14838638e-05  1.04146677e-05
    3.30301424e-05  1.02912110e-05]
  [ 1.80651776e-08  1.04449260e-06  1.36430551e-07  9.67222515e-08
    3.23338755e-07  1.78400783e-07  5.96964098e-07  2.83673444e-07
    2.95194226e-08  1.50559182e-06]
  [-1.16556825e-02 -2.01646798e-01 -2.90392930e-02 -2.10390413e-02
   -1.18109773e-02 -4.47795909e-02 -1.10685464e-02 -2.31804395e-03
   -2.10879760e-02 -1.48083970e-02]]

 [[ 3.93037476e-06  5.67486535e-06  1.64669911e-05  9.88861468e-06
    7.19512031e-06  7.29987625e-05  7.51214896e-06  9.19765268e-05
    8.74691264e-06  5.66785680e-08]
  [ 2.42479388e-08  1.59458792e-07  2.60329625e-06  6.05279127e-08
    2.20499804e-08  1.16893865e-07  1.55015799e-06  6.79624838e-08
    4.03756350e-09  6.10783663e-07]
  [-3.12354061e-03 -4.27638816e-02 -5.24103133e-03 -1.89946214e-03
   -3.92584748e-02 -3.26402280e-01 -6.80548674e-02 -5.20027951e-02
   -1.02931023e-01 -3.94290670e-03]]

 [[ 4.47869645e-06  2.15647307e-05  3.80825711e-06  1.41203545e-06
    6.22644096e-05  1.47270281e-09  2.57711789e-05  6.46363856e-05
    2.65591625e-05  6.60876606e-08]
  [ 2.07270213e-07  1.87378351e-07  5.18442528e-07  7.76529802e-07
    3.08961872e-09  1.88575388e-06  6.97458907e-08  2.28197552e-07
    2.73089568e-08  4.41355522e-08]
  [-1.56480277e-01 -7.31126713e-03 -1.02968187e-01 -2.43183625e-01
   -6.44598695e-03 -2.23013015e-03 -7.80533096e-02 -4.26831337e-02
   -7.97255228e-02 -8.29428035e-02]]

 [[ 2.07528288e-04  1.04300504e-04  1.21928577e-04  8.95120742e-05
    2.30360373e-04  3.80289579e-05  3.39157070e-06  5.55726166e-04
    1.62932313e-04  4.95562318e-05]
  [ 8.32056527e-06  1.70755451e-06  1.47974254e-06  7.24024115e-08
    2.44474751e-06  2.78983955e-06  5.18604553e-09  1.62952716e-08
    1.17980592e-05  6.89628115e-07]
  [-1.09737785e-01 -1.78455555e-02 -3.81270063e-02 -2.70255287e-01
   -8.41861684e-02 -2.43990520e-02 -3.56107294e-02 -4.17562991e-02
   -3.87351502e-02 -1.68706225e-02]]

 [[ 4.19854892e-05  4.95052555e-04  8.48649952e-06  1.90690656e-05
    9.58405630e-05  1.79970692e-04  1.35428633e-04  4.94240833e-04
    4.52705394e-05  7.48881062e-06]
  [ 1.22169916e-06  1.50486101e-06  4.22249480e-06  5.60663269e-06
    1.08828786e-05  9.89082188e-06  3.37250837e-06  2.65456778e-09
    9.27259351e-07  2.96940364e-06]
  [-8.71677428e-03 -1.32177334e-01 -2.09752208e-02 -7.91281415e-02
   -4.97133923e-02 -6.15765728e-03 -2.04166940e-02 -7.00963498e-02
   -7.15583461e-02 -1.71624124e-02]]

 [[ 1.66203038e-04  1.04217706e-04  1.99620752e-05  1.72387835e-07
    4.85178709e-05  6.08346104e-05  2.18527521e-04  1.73479304e-04
    4.66174956e-06  3.96949506e-06]
  [ 1.20276476e-07  4.92192450e-06  2.13446378e-09  2.22877386e-06
    2.97359097e-06  2.60365646e-06  9.43637740e-08  7.60741667e-08
    9.58295853e-07  8.24635867e-08]
  [-1.22137714e-02 -7.90029287e-02 -7.79496137e-02 -4.44179384e-02
   -4.44850870e-02 -7.65368232e-02 -8.73142633e-02 -1.79421515e-01
   -2.24475420e-01 -1.62058489e-02]]

 [[ 8.57979043e-10  1.95599202e-09  2.64390671e-11  3.30512992e-10
    2.29622340e-09  2.60161165e-11  3.50424720e-10  1.03276695e-10
    1.35238230e-09  3.16712879e-09]
  [ 2.89919288e-11  3.43603681e-12  4.45029917e-11  6.04726855e-12
    2.00778333e-11  1.62972802e-12  1.31138568e-12  3.02372573e-11
    1.29943800e-11  8.37290603e-12]
  [-3.09858310e-03 -1.50433461e-03 -6.82818491e-04 -1.68324551e-01
   -9.72166782e-04 -7.32332731e-04 -1.33190030e-03 -1.00722116e-01
   -2.42866969e-03 -2.99111834e-06]]

 [[ 4.12612599e-10  1.92385345e-11  1.84379276e-09  2.61542956e-10
    2.68739440e-09  2.43800701e-10  2.98172900e-10  4.08130515e-10
    5.55667142e-10  5.12502245e-10]
  [ 1.91364011e-11  3.21553410e-12  2.83621261e-13  2.51190927e-11
    6.62195294e-13  2.07856832e-12  7.14207650e-11  1.51765911e-11
    7.49002819e-12  3.66174852e-12]
  [-3.66104664e-02 -5.96077492e-03 -8.79964408e-03 -4.23588259e-04
   -3.88998738e-02 -9.10054480e-04 -1.65187406e-03 -9.37476491e-02
   -5.77313837e-04 -1.23563997e-03]]

 [[ 3.44230485e-10  1.16190397e-12  6.77944670e-10  2.86429934e-12
    3.43973322e-11  1.20264730e-09  6.09628278e-10  6.22345671e-10
    8.48490943e-10  3.21309886e-10]
  [ 2.49840566e-13  1.90298282e-12  1.84492893e-12  2.11666019e-11
    1.12639366e-11  2.27179945e-11  3.08745680e-13  1.85835319e-13
    1.75204022e-12  1.55782348e-12]
  [-4.96411639e-04 -9.77403070e-04 -1.56935861e-03 -1.72159431e-02
   -8.30994367e-04 -1.58340998e-03 -2.09053491e-04 -1.60847434e-01
   -3.20003997e-02 -5.26840400e-04]]

 [[ 7.63116836e-09  5.72457123e-07  4.04118619e-07  1.40658715e-07
    2.02451158e-07  2.67681511e-07  1.38848285e-07  1.52864680e-07
    1.62985227e-07  1.10168954e-06]
  [ 4.34112101e-10  3.27332299e-08  6.33687347e-09  3.66428888e-08
    1.57316701e-09  3.34803158e-10  3.95263657e-10  6.96066269e-09
    3.48127971e-08  3.67539568e-09]
  [-2.01264262e-02 -8.08235504e-03 -2.16136605e-02 -4.14644287e-02
   -2.98368964e-02 -6.23925406e-03 -5.21229257e-02  3.91623533e+00
   -5.74140252e-02 -2.37031150e-02]]

 [[ 6.48803151e-08  9.85021071e-08  1.33636610e-07  5.74200370e-07
    4.86776082e-07  4.21000374e-07  3.21529522e-09  6.35729743e-08
    8.74268406e-10  2.15426818e-07]
  [ 2.97189763e-09  1.52912297e-08  1.24596851e-08  6.07703429e-09
    6.44416475e-08  8.13355089e-10  1.45323610e-08  3.46072701e-09
    3.51595232e-09  7.71061829e-09]
  [-1.76174546e-01 -2.72503405e-02 -1.82465023e-02 -1.17244675e-02
   -8.82113871e-03 -1.62125431e-02 -1.20788956e-02 -1.58488564e-02
   -8.76174442e-02 -1.08169104e-03]]

 [[ 5.97662077e-06  3.05117952e-08  1.24843475e-08  7.29987457e-08
    2.89841774e-08  5.40874256e-08  1.92095578e-07  8.06645428e-09
    3.34569873e-07  2.56189863e-08]
  [ 2.22078459e-08  3.64539945e-08  1.56975996e-10  8.83540071e-10
    4.43782186e-09  2.13549128e-09  2.66924518e-10  3.63178081e-09
    2.16758223e-09  2.59433568e-08]
  [-2.89433840e-02 -3.47521186e-04  8.10417585e-03 -1.27241875e-02
   -2.29006661e-03 -9.38234014e-03 -2.18599821e-02 -1.04706016e-02
   -1.37489518e-02 -1.66984481e-03]]

 [[ 1.38838247e-06  1.57690222e-06  2.64955658e-06  1.13217774e-07
    4.25731820e-07  3.50121343e-07  4.64498150e-06  2.64111848e-06
    2.03191020e-06  1.20403544e-06]
  [ 5.43602093e-08  4.61032165e-08  1.17208678e-07  2.39769396e-08
    5.61886954e-08  1.45021626e-08  2.88066015e-08  2.75100299e-08
    8.72060568e-08  1.29585207e-07]
  [-2.96626941e-02 -8.79634781e-02 -6.13293403e-03 -1.05602268e-01
   -9.39252413e-03 -1.14413421e-02 -7.43447232e-02 -1.24006787e-02
   -1.53880871e-02 -4.86148654e-02]]

 [[ 1.82462797e-07  1.43831190e-08  1.35884001e-06  5.02471878e-07
    1.00600322e-05  1.21386752e-07  2.63185443e-06  4.56885632e-07
    3.22517009e-07  3.86877955e-07]
  [ 4.57372603e-08  3.23538572e-08  7.08431353e-09  1.06828135e-07
    1.11616715e-08  6.58891819e-10  2.20205174e-09  2.39657478e-09
    2.33100868e-09  3.56057056e-08]
  [-7.92271658e-02 -7.97447449e-02 -1.37492348e-03 -7.87848210e-02
   -3.67268899e-02 -1.51911522e-01 -2.97541429e-02 -6.79205037e-02
   -1.47014045e-01 -7.11952168e-02]]

 [[ 7.73944858e-08  1.30368163e-07  7.54551552e-07  2.30918886e-06
    7.06775184e-07  5.48657472e-06  3.86108999e-07  1.12391749e-06
    5.19705166e-06  4.95862173e-08]
  [ 4.24522940e-09  1.28929273e-08  7.47604837e-08  3.02307012e-09
    4.87760397e-08  1.18203126e-08  2.45483408e-09  2.79585204e-10
    2.78707516e-09  9.48947406e-08]
  [-1.11133164e-02 -3.72542554e-02 -1.22587200e-01 -2.47708181e-02
   -4.01981013e-02 -4.24141194e-02 -1.01737917e-02 -3.46264619e-05
   -6.30242202e-03 -4.34798029e-03]]

 [[ 3.05489757e-06  5.86823231e-06  1.91004799e-05  7.28737544e-06
    1.52662034e-06  2.86917166e-07  5.25487173e-06  1.15909918e-07
    7.93788959e-06  6.42130223e-06]
  [ 1.68961067e-07  4.35109108e-07  1.42077158e-08  3.32476499e-08
    6.00381257e-08  1.00433286e-07  1.58387609e-07  2.12960267e-08
    1.47161196e-08  1.90458682e-07]
  [-1.27830960e-02 -3.85819824e-02 -5.17361574e-03 -5.17439897e-02
   -7.80460236e-03 -8.79133334e-02 -4.23738777e-02 -9.65551992e-02
   -2.55468927e-02 -1.06377706e-01]]

 [[ 3.13121859e-05  1.16092948e-05  4.78299051e-06  1.27736971e-05
    4.31718916e-06  1.65937867e-06  6.24167032e-08  6.09914591e-06
    4.36161437e-07  5.36566803e-07]
  [ 1.43638284e-07  1.01336700e-07  2.66363341e-08  9.46667237e-08
    3.18489935e-08  9.69411225e-08  9.72032822e-09  4.52481041e-08
    1.46575085e-09  8.50715574e-10]
  [-3.19489052e-03 -2.12039601e-01 -2.48697195e-02 -5.13602410e-03
   -1.55942812e-02 -1.37985478e-01 -5.57024786e-02 -1.69884529e-02
   -1.51302301e-01 -1.69563387e-01]]

 [[ 1.17389063e-05  3.45869848e-07  2.11863087e-05  5.55012143e-07
    1.32927899e-06  3.90118079e-06  3.75733531e-06  5.93540796e-07
    5.44581773e-06  4.35400423e-06]
  [ 5.12146808e-08  1.42323868e-07  6.04003157e-08  1.11038154e-07
    9.17546481e-10  8.42963120e-08  3.41049429e-07  1.28669953e-08
    1.34285571e-08  1.28911898e-08]
  [-3.79245056e-04 -9.65826673e-02 -6.56529350e-02 -1.18922677e-02
   -3.65729280e-03 -5.93536864e-02 -3.22795916e-02 -1.07987397e-02
   -3.53264926e-02 -9.05212655e-02]]

 [[ 2.35411871e-07  1.80874705e-06  3.39148721e-06  1.40332007e-05
    1.29802417e-04  1.54300543e-04  2.12404152e-05  1.02118859e-06
    2.34466648e-05  2.74751698e-05]
  [ 1.16108077e-06  1.63207635e-08  7.79178460e-09  1.34333361e-07
    1.03686901e-07  1.84480844e-08  6.93273315e-08  4.20807833e-07
    1.84790048e-07  1.33799173e-06]
  [-6.72697757e-02 -2.50658846e-02 -2.76110957e-02 -1.53052723e-02
   -1.32153156e-02 -2.15101597e-02 -2.31215423e-02 -2.99671963e-02
   -5.29042503e-02 -3.07093240e-02]]

 [[ 1.72688065e-05  2.73559571e-06  2.61884188e-06  1.32066119e-06
    7.59908348e-06  9.85702621e-07  1.22325649e-05  6.47067106e-08
    1.08360879e-05  4.64745266e-05]
  [ 2.07880546e-08  7.97688494e-07  9.19314923e-07  1.87048707e-07
    3.87379502e-07  1.19843868e-06  6.85179210e-08  8.12447716e-10
    1.00510575e-07  9.48781677e-08]
  [-1.39347690e-01 -3.95758621e-04 -3.45444752e-02 -2.97197094e-02
   -6.10635385e-03 -2.66208605e-02 -7.03588920e-02 -1.26055151e-01
   -1.33839454e-02 -1.54759096e-02]]

 [[ 1.55419854e-05  7.20747302e-06  1.14400826e-05  3.35186687e-06
    7.99977435e-07  1.20694674e-06  3.22661965e-05  7.39439525e-08
    2.29329263e-05  9.35094056e-06]
  [ 4.20719329e-07  2.46924973e-09  4.10361649e-07  6.12488940e-07
    1.67579498e-06  1.37293132e-07  3.32456929e-07  1.38486306e-07
    9.41798585e-09  2.65694941e-08]
  [-1.63644245e-01 -1.65167008e-01 -1.30873333e-01 -3.19516157e-02
   -3.07138980e-02 -5.25294377e-03 -8.06036792e-02 -2.07173198e-02
   -1.99241311e-03 -5.24442767e-02]]

 [[ 1.08748041e-04  7.59606666e-04  9.10261823e-06  5.41473627e-09
    1.07577598e-05  7.13380997e-05  2.58455215e-05  4.19999629e-05
    5.50624357e-05  8.16693067e-04]
  [ 4.81817944e-06  4.34938109e-07  4.13763991e-06  1.57016788e-06
    1.48789553e-06  6.74711586e-07  2.51584541e-06  1.95283057e-06
    7.20322882e-06  1.27573171e-06]
  [-6.15676389e-02 -4.26977520e-02 -1.43549473e-01 -2.66956682e-01
   -1.77284608e-01 -1.61339033e-01 -3.58016664e-02 -6.66911709e-02
   -3.95244509e-03 -9.87908204e-02]]

 [[ 6.16419382e-05  4.16435585e-04  8.06840843e-06  4.81749150e-06
    9.04079414e-06  7.20195148e-04  4.43056031e-05  1.61820715e-04
    7.22972986e-05  2.68947789e-04]
  [ 2.03224621e-07  1.33187928e-08  3.71941661e-07  7.12862057e-09
    4.46281158e-06  1.62978756e-07  6.40176466e-07  6.72222866e-07
    2.32578881e-09  2.49828525e-07]
  [-4.75298900e-02 -1.68680465e-01 -9.70985903e-02 -1.45491675e-01
   -1.35814568e-02 -1.61504417e-01 -7.43299366e-03 -6.10138374e-02
   -5.92212871e-02 -7.66946657e-02]]

 [[ 2.61132221e-04  1.01037434e-04  9.31342827e-05  1.16819829e-05
    2.48053927e-04  2.18870613e-04  1.59252510e-09  1.64664482e-04
    1.07387426e-04  3.35321630e-04]
  [ 3.20036894e-06  1.04087804e-06  3.03289160e-07  8.31173930e-09
    2.08485606e-07  1.80939281e-07  6.38280530e-07  1.07859677e-05
    3.43314350e-07  3.83113375e-07]
  [-1.59451111e-01 -3.79168780e-02 -2.29342625e-01 -2.23225926e-02
   -3.57748011e-02 -9.75644560e-04 -5.95789832e-02 -3.36884106e-02
   -1.91252339e-03 -2.07682827e-02]]

 [[ 4.27545046e-10  1.91790281e-09  1.74491532e-10  1.26281166e-10
    5.58888520e-10  4.92151868e-10  1.51814125e-09  2.19301507e-09
    1.66158533e-09  8.62813778e-11]
  [ 3.64990729e-12  2.65074302e-12  6.56252763e-12  9.85852813e-12
    4.77857606e-11  1.55171987e-13  3.22803719e-12  8.20748466e-12
    3.04130686e-11  2.88851816e-12]
  [ 2.17492174e+00  8.88021646e-01 -2.51508225e-03 -1.34672970e-03
   -5.17692481e-02  1.94564648e-01 -3.76148902e-05 -4.71479053e-04
   -7.94961182e-06 -4.70310313e-04]]

 [[ 1.00994561e-10  3.36208647e-09  6.57701354e-12  1.46807537e-12
    9.26906386e-11  6.24630471e-11  1.38093567e-10  1.51661253e-09
    1.67419587e-10  7.84293038e-10]
  [ 2.59022377e-11  2.72572582e-12  2.86716764e-13  5.14891293e-13
    5.47204654e-11  2.35209569e-12  1.36956881e-11  7.15461951e-13
    1.84100357e-11  1.35845402e-11]
  [-6.72110167e-05 -1.88108430e-03 -9.65265546e-04 -4.00368808e-04
   -1.13288550e-01  5.08054868e-01 -2.07600458e-03 -2.89861124e-03
    7.01417219e-02  1.69177383e+00]]

 [[ 6.80238798e-11  6.70080666e-11  2.57890497e-10  4.85076622e-10
    1.92663832e-09  6.45770678e-10  2.00588960e-09  6.67539331e-10
    1.88948954e-10  2.09726142e-10]
  [ 7.13977218e-12  1.02204853e-11  4.33180978e-13  3.16535062e-14
    2.45458044e-12  1.03863413e-11  2.04766310e-12  1.68141656e-11
    1.11819569e-10  2.90880175e-13]
  [ 5.08848483e-01 -8.75711588e-04  7.07844377e-02 -2.31019566e-03
   -6.07852920e-05 -3.57467337e-04 -5.02291823e-04 -5.38786928e-02
   -8.09016653e-03 -2.62413678e-03]]

 [[ 9.33109037e-09  2.32136268e-08  2.31613379e-07  4.22200620e-07
    1.16783047e-07  3.99867519e-07  5.37252010e-07  1.00524485e-06
    2.26780076e-08  5.06868329e-07]
  [ 9.97588979e-09  3.95861929e-09  2.44779819e-09  7.58893771e-11
    5.20930707e-10  2.41535987e-09  6.54147349e-10  3.03564990e-08
    3.60441484e-09  1.27780736e-13]
  [-2.21055576e-03  7.46916121e-03 -3.42988839e-02 -6.68915202e-03
   -1.54169245e-03 -5.99524446e-03 -2.81867028e-02 -1.80147613e-02
    5.08057346e-01 -3.95476446e-02]]

 [[ 3.74589134e-07  5.17326071e-07  7.16320045e-07  1.93660403e-08
    8.83486868e-07  1.86924985e-08  2.08120789e-07  8.03417071e-08
    3.10303782e-07  2.04722716e-09]
  [ 5.62012015e-09  4.00812418e-10  1.00310084e-08  2.55364969e-09
    6.35246077e-09  4.70746921e-10  1.40355836e-08  2.77592094e-09
    1.78902048e-09  2.08373064e-08]
  [-1.70304674e-02  6.35394182e-01 -3.12227758e-02 -1.86917096e-02
   -2.14109489e-02 -1.51694731e-02 -1.93158758e-02 -1.30621048e-02
   -2.17625172e-06 -2.32809450e-03]]

 [[ 5.83360059e-10  3.39087220e-08  5.46406885e-09  2.15843161e-07
    3.72621283e-08  2.53408532e-07  1.05773076e-07  3.12957847e-08
    2.06838908e-08  9.01820627e-09]
  [ 3.75064698e-10  2.56956133e-09  7.86346171e-09  1.10084706e-09
    7.73467459e-10  3.83538094e-09  4.44494609e-09  2.03901636e-09
    2.50675471e-10  2.50073983e-11]
  [ 1.34528958e-01 -2.46076394e-02 -3.29636305e-02 -6.07569010e-03
   -6.90384132e-02 -2.52024509e-02 -1.22594465e-01 -1.14260264e-02
   -6.29444185e-03 -1.09304393e-01]]

 [[ 1.14261130e-06  8.64280934e-07  3.51195720e-06  3.30699461e-06
    3.50255266e-07  3.19935428e-06  3.16440713e-08  3.80095370e-08
    3.10390286e-06  7.63432875e-07]
  [ 1.19287418e-08  5.53067277e-08  1.79820501e-08  2.80067579e-08
    5.11922867e-08  7.54274602e-08  1.03299176e-08  5.76262377e-09
    2.86018463e-09  3.55342757e-09]
  [-3.79316325e-02 -7.22563825e-03 -2.46777902e-02 -5.07507562e-02
   -2.09225797e-02 -6.04622316e-02 -2.71675357e-02 -4.29695731e-02
   -2.06436307e-01 -8.04791533e-03]]

 [[ 4.43740830e-09  1.76341991e-06  4.30201485e-06  1.40327430e-06
    1.41863014e-07  2.28477624e-06  2.08714504e-06  4.34347903e-08
    1.00504587e-06  1.52179472e-07]
  [ 9.82691144e-09  1.15443704e-07  6.19722130e-09  1.28193036e-08
    1.60120288e-08  7.95832861e-10  5.75532508e-09  3.06728020e-08
    1.27785069e-10  3.17895900e-08]
  [-6.89236578e-02 -1.70916505e-02 -9.26062464e-04 -1.97682941e-02
   -1.25754925e-01 -1.88363744e-01 -3.25959094e-02 -2.14596084e-03
   -2.49989230e-02 -1.40708736e-02]]

 [[ 3.00112042e-06  5.46163641e-06  7.74405521e-08  3.67045312e-08
    9.96269391e-08  4.17682110e-06  7.05529320e-07  7.20520415e-08
    1.36067733e-06  5.78173429e-07]
  [ 1.25967245e-07  1.17124299e-10  1.34483652e-09  1.45502898e-09
    2.77877038e-08  1.65290198e-08  4.10570325e-09  8.03270658e-09
    6.38114006e-11  1.57434680e-08]
  [-2.25525876e-02 -4.51220776e-03 -6.79606093e-03 -5.59056863e-02
   -3.89254536e-03 -2.03246044e-02 -1.18268172e-02 -4.24886210e-02
   -2.02416337e-02 -7.45818874e-02]]

 [[ 1.48821084e-06  1.84991654e-06  8.66433145e-07  3.70379203e-06
    1.06806202e-05  1.92061482e-06  9.84259305e-07  7.43701706e-07
    6.66959445e-06  9.59634900e-06]
  [ 3.74320781e-07  7.56537058e-08  6.33339075e-08  3.68612602e-07
    2.71911499e-08  1.38405196e-07  7.77231882e-10  3.24545328e-09
    1.59420439e-08  1.00907780e-07]
  [-5.57617562e-02 -7.15113776e-02 -4.43776171e-02 -9.04626135e-03
   -4.10399109e-03 -2.82120759e-01 -1.36217593e-01 -3.09834963e-03
   -2.09538222e-02 -7.04488908e-02]]

 [[ 7.33617530e-06  1.23618023e-06  1.90687756e-07  5.26517860e-06
    7.92588745e-07  9.90544848e-08  3.55969218e-08  2.02923331e-06
    2.87403918e-07  6.70452424e-07]
  [ 1.33217742e-08  5.51270588e-08  7.28607522e-08  1.37532729e-08
    1.44373445e-08  1.43149615e-08  1.13993792e-09  2.68549596e-08
    3.56008787e-09  4.52417943e-07]
  [-9.67534609e-03 -1.80204414e-03 -1.62625523e-02 -2.18490044e-01
   -1.31726765e-01 -3.43429504e-03 -9.03979238e-02 -1.75510762e-01
   -3.86590494e-03 -4.98131483e-02]]

 [[ 5.30478021e-06  2.64061273e-08  7.36985360e-06  6.51416324e-06
    2.60155566e-06  3.23637896e-06  5.12091691e-06  7.75719725e-06
    4.99833994e-07  7.93084593e-06]
  [ 3.02708302e-08  4.40365512e-07  8.16752146e-09  6.86323404e-09
    9.22909813e-11  1.60035106e-10  1.61628519e-10  1.55043725e-09
    1.51716393e-09  7.92197938e-08]
  [-8.38573702e-03 -1.35045222e-02 -4.08815892e-02 -8.10827349e-02
   -2.08611863e-01 -3.61097635e-02 -1.38488867e-02 -5.59306728e-03
   -1.12144082e-01 -9.23591952e-03]]

 [[ 7.17469896e-07  3.72966498e-06  2.39532135e-05  1.95118711e-05
    2.52641944e-05  4.66886035e-05  3.89498490e-06  5.06152114e-07
    1.87595521e-05  1.21704049e-05]
  [ 3.36282938e-07  2.00567904e-07  2.67076642e-07  1.76114480e-07
    8.28100942e-07  8.51684611e-08  1.20624759e-06  1.43021797e-09
    1.11709149e-07  8.42636831e-08]
  [-1.53832372e-01 -9.09886206e-02 -1.41992035e-02 -4.96803715e-03
   -2.76803391e-02 -8.94780383e-02 -1.42227761e-01 -4.58804251e-02
   -2.18000891e-01 -4.75433182e-02]]

 [[ 1.02361930e-06  1.85415151e-05  2.06931694e-05  3.20562058e-06
    6.59013096e-05  9.76960485e-06  2.63207883e-05  9.86194956e-06
    9.90458006e-05  1.22799647e-05]
  [ 2.45037380e-06  6.26798719e-08  8.81394505e-10  1.47691040e-07
    2.78289501e-10  3.36895330e-09  1.10779196e-07  1.93659766e-07
    9.80539246e-08  1.92066852e-09]
  [-9.09668012e-03 -1.95005784e-02 -4.69114303e-02 -3.25606759e-02
   -4.09752131e-03 -4.38966325e-02 -2.02460408e-02 -1.49262944e-02
   -8.67893117e-02 -7.28440072e-02]]

 [[ 2.02693880e-05  9.99634678e-06  9.54886947e-06  8.60025807e-06
    5.23019238e-06  9.47337174e-06  1.10631140e-06  6.34798258e-06
    4.61635520e-06  5.06288513e-08]
  [ 4.27470891e-06  2.12228782e-07  2.08042003e-07  6.46259296e-08
    7.89505236e-08  1.23597071e-08  1.47485493e-06  6.77413554e-08
    4.66101877e-07  6.98233185e-07]
  [-5.08612674e-02 -1.28647403e-02 -3.01819335e-02 -5.89246657e-03
   -3.85314135e-02 -7.01806950e-02 -3.13569447e-02 -2.99352846e-02
   -7.92389823e-02 -5.91977935e-02]]

 [[ 2.42883744e-05  4.56531805e-05  1.00247992e-05  2.81880931e-04
    3.62562642e-04  2.02654605e-04  7.85970755e-05  5.19959331e-05
    1.50668032e-04  2.64756571e-04]
  [ 1.03009754e-06  9.06264790e-06  8.55536764e-07  2.36995072e-06
    5.00294332e-07  6.02693920e-06  1.21909294e-06  4.70189464e-07
    2.68932507e-06  2.71978153e-06]
  [-1.47085534e-02 -6.71758607e-02 -1.70930209e-02 -1.53646399e-01
   -7.39592863e-02 -7.14320911e-02 -1.58074408e-02 -1.07234697e-01
   -5.64858093e-02 -1.28074356e-02]]

 [[ 3.19198851e-05  6.18385304e-06  2.59271085e-04  7.36477500e-05
    4.01919080e-07  2.68504128e-05  1.28529482e-04  1.16334747e-04
    9.65543361e-05  1.78755823e-04]
  [ 4.49731405e-07  3.30113185e-06  1.84212931e-06  4.99360465e-06
    1.62022859e-06  2.99179923e-07  1.77889876e-07  8.51074171e-06
    7.20790287e-07  1.35427259e-06]
  [-1.07097145e-01 -1.09925113e-02 -5.36352905e-02 -3.37353523e-02
   -2.01571324e-01 -7.84848031e-02 -4.09722055e-02 -1.48872339e-01
   -9.49024465e-03 -3.29506801e-02]]

 [[ 1.98773465e-04  3.34200702e-05  9.59934755e-05  5.81069242e-05
    4.80497113e-05  6.45884312e-05  1.46531848e-04  2.77917514e-04
    7.46265114e-07  1.48292972e-04]
  [ 9.56153354e-08  3.13942985e-07  5.62911662e-07  1.70861306e-06
    4.61253194e-08  3.19195286e-06  8.87884499e-08  3.83357779e-06
    8.61700479e-07  5.37276765e-06]
  [-1.10154591e-01 -1.69985126e-01 -3.06038999e-02 -1.47312515e-02
   -6.74298846e-02 -1.18507633e-02 -6.45117965e-03 -1.84125837e-01
   -8.75243349e-02 -8.79350616e-02]]

 [[ 5.44602341e-11  2.55820427e-10  3.31781546e-10  1.29838214e-10
    1.59460143e-11  3.89377175e-11  3.44788993e-10  6.33238460e-10
    5.69340314e-10  1.80587160e-09]
  [ 1.10020458e-13  5.96875437e-12  4.31677841e-11  7.88483961e-12
    6.81873051e-13  2.55873960e-10  1.95041926e-12  2.21962848e-12
    5.23455611e-12  1.04703219e-11]
  [-1.26029462e-02 -1.04474718e-02  1.45956895e-03 -1.35871864e-01
   -1.11195887e-01 -1.16315660e-03 -3.86810622e-03 -2.42774607e-04
   -2.13501397e-04 -2.25784400e-03]]

 [[ 1.50409786e-10  3.45910587e-10  8.65961540e-10  9.37709836e-11
    2.66395963e-11  1.15253561e-10  2.40466586e-09  4.81314744e-11
    2.00991176e-09  1.26135172e-10]
  [ 5.44287552e-13  2.24593632e-12  3.97645402e-12  5.28067229e-12
    1.48188603e-12  3.34230347e-11  9.19150573e-16  1.93041837e-11
    7.88242701e-13  1.23740387e-12]
  [-2.09153615e-01 -7.26664578e-02 -1.55220303e-02 -9.75455192e-04
   -8.94968801e-02 -5.81585151e-03 -3.02106739e-03 -1.99267016e-04
   -2.19189881e-03 -1.89442859e-02]]

 [[ 4.12636919e-11  4.77251519e-10  2.89489946e-10  3.12958280e-09
    5.85474484e-11  2.03336578e-10  1.72065685e-09  8.25284282e-10
    4.01820304e-10  1.09831091e-09]
  [ 9.57869195e-12  1.31159205e-12  5.00189841e-11  7.51657687e-12
    2.27946960e-12  6.03246165e-13  2.00497340e-12  2.14637366e-12
    2.76067809e-11  3.47939000e-13]
  [-3.30235378e-03 -2.50876168e-03 -2.15333823e-02  1.98142871e-01
   -1.12710023e-03 -1.63390444e-03 -2.42550727e-05 -7.49070612e-03
   -7.42059630e-04 -4.87914337e-02]]

 [[ 4.99166487e-07  1.46690538e-07  3.44814658e-07  1.41426902e-07
    5.35536220e-08  2.69835473e-06  5.35558056e-07  2.92362989e-07
    4.05279907e-07  2.27918139e-07]
  [ 9.53310312e-10  3.34676835e-08  6.00978197e-09  1.32143662e-09
    1.88435448e-08  2.68479722e-10  1.73772386e-09  7.10197587e-09
    8.18144165e-10  2.61627351e-08]
  [ 3.85601638e-01 -2.15632909e-03 -2.98394676e-03  3.22538440e-01
    5.86746364e-03 -1.52007163e-01 -7.53512860e-03 -5.04428831e-02
   -3.13853321e-02 -4.77482650e-02]]

 [[ 1.76461104e-07  1.43626556e-06  1.43104778e-07  1.55654073e-06
    1.11181126e-06  5.47110098e-09  3.10056540e-08  3.26474993e-07
    4.16557505e-07  3.48461134e-07]
  [ 1.26381759e-08  1.49229418e-09  1.10487503e-10  8.72904479e-10
    7.35373195e-09  3.17360533e-09  7.88412829e-10  4.90761318e-09
    9.73895778e-10  1.27335976e-10]
  [-2.80816168e-03 -5.03344477e-03 -3.99519611e-03 -4.74451309e-03
   -2.48123849e-02 -3.62049306e-02 -2.24266259e-04  1.33786516e-01
   -2.42648948e-01 -1.09277778e-02]]

 [[ 7.54713607e-10  5.90357092e-08  1.45108029e-07  2.01224644e-06
    1.11413009e-06  3.41682391e-07  2.64267985e-07  2.62365044e-07
    2.65720072e-07  1.94406765e-07]
  [ 1.03525450e-10  6.73700869e-10  1.87273283e-10  5.76003719e-09
    1.50215776e-08  1.26162897e-08  8.76713368e-09  3.02786004e-08
    3.76638806e-09  9.34785199e-10]
  [-2.10596783e-03 -1.79159725e-02 -5.50650222e-03 -3.81510811e-02
   -1.87012430e-03 -2.01388787e-01 -9.05930855e-03 -2.32491308e-01
   -1.00842991e-01 -2.37569365e-02]]

 [[ 4.96611437e-07  1.37053144e-06  4.72145425e-06  2.42320317e-07
    1.48870151e-06  2.63185410e-06  3.12071079e-07  2.78337698e-07
    1.00079936e-06  3.58918726e-07]
  [ 6.78363892e-09  1.81838466e-09  2.62999096e-08  8.41375360e-08
    2.03566442e-07  2.72674571e-08  1.50785050e-08  3.10580574e-10
    8.21202739e-09  1.14473258e-08]
  [-4.98067680e-02 -2.61943372e-02 -6.16255412e-02 -1.52961729e-02
   -1.41316340e-02 -4.72929125e-02 -7.21342816e-03 -1.23907734e-01
   -8.06344089e-03 -1.86215378e-02]]

 [[ 1.89435289e-06  2.73682320e-09  7.43448187e-07  3.48631388e-06
    7.20507733e-08  1.42145105e-06  9.19373499e-07  4.70125466e-07
    1.72957546e-08  4.52827759e-08]
  [ 6.51239710e-08  1.78321768e-08  6.95663213e-09  5.97535243e-09
    1.51801294e-08  5.72679203e-08  7.15410901e-08  2.60510359e-09
    8.84265321e-12  2.84723535e-08]
  [-5.52055611e-03 -2.08546849e-01 -7.95420378e-03 -1.20524703e-02
   -1.63240309e-01 -2.53572721e-03 -1.40388003e-02 -1.71414197e-02
   -7.88077681e-03 -2.79041665e-01]]

 [[ 4.53879534e-07  6.09467098e-07  1.39852731e-06  2.89717808e-07
    1.51014622e-06  1.26906292e-07  9.67244411e-07  2.67994362e-08
    9.98682789e-08  2.81831621e-06]
  [ 9.38493160e-08  2.94833492e-09  1.13587089e-08  6.39619113e-08
    3.71659252e-09  5.94678990e-09  1.09781751e-07  2.54023711e-08
    5.03425600e-08  1.88807689e-08]
  [-9.72665122e-03 -7.90508654e-02 -3.64402633e-02 -1.23698865e-01
   -1.70163337e-01 -2.83413420e-03 -3.71424606e-03 -4.71717374e-03
   -2.00850516e-02 -5.91457028e-02]]

 [[ 5.73939615e-06  1.75575950e-06  2.90758214e-07  1.76287468e-07
    2.35122499e-06  2.02218690e-06  1.39989718e-06  2.19982532e-06
    2.02913631e-05  1.18690187e-05]
  [ 1.74202431e-08  2.62232882e-08  1.11903115e-08  1.29443739e-07
    5.30034626e-08  5.65188936e-07  3.85343720e-08  1.28187901e-09
    2.80224752e-08  2.82105505e-07]
  [-1.12133601e-02 -5.90851425e-03 -4.71502371e-02 -8.15738693e-02
   -8.43050719e-02 -4.54911270e-02 -7.43746988e-02 -3.08745845e-02
   -1.49180924e-02 -3.44429536e-02]]]