[[[ 2.51466189e+03  2.31900360e+02  2.52738449e+02  1.75460431e+03
    1.24111339e+03  2.79397904e+03  2.70154120e+03  6.12974258e+03
    2.36982417e+03  3.97584271e+03]
  [ 3.00000114e+00  3.00000469e+00  3.00000012e+01  3.00001252e+00
    3.00000228e+00  3.00000300e+01  3.00000151e+00  3.00000112e+00
    3.00000034e+01  3.00000019e+00]
  [-3.72429471e+00 -1.04028461e+01 -2.76589510e+00 -5.08767004e+00
   -1.04029280e+01 -2.76589211e+00 -1.04027777e+01 -2.76589575e+00
   -3.72429969e+00 -5.12880742e+00]]

 [[ 5.42568371e+01  1.94843098e+03  1.17580454e+03  3.71932591e+03
    1.15101091e+03  1.83786418e+03  1.69461124e+03  1.38178467e+03
    1.17667228e+03  2.45885193e+01]
  [ 3.00000032e+00  3.00000006e+00  3.00000493e+00  3.00000000e+00
    3.00000250e+00  3.00000060e+00  3.00000097e+00  3.00000099e+01
    3.00000894e+00  3.00000474e+00]
  [-3.72429878e+00 -2.75192958e+00 -3.72429984e+00 -5.08767058e+00
   -5.08766224e+00 -2.75193234e+00 -1.04028662e+01 -1.04028907e+01
   -1.04028489e+01 -2.75193328e+00]]

 [[ 2.22302448e+03  1.52701980e+03  1.37860647e+03  1.90820538e+03
    8.40664412e+02  4.38238178e+02  7.05439228e+02  5.74954939e+02
    1.79342003e+03  2.88974329e+02]
  [ 3.00000002e+00  3.00000007e+00  3.00000001e+00  3.00000005e+00
    3.00000078e+00  3.00000265e+00  3.00000232e+00  3.00000025e+00
    3.00000129e+00  3.00000012e+01]
  [-5.08767102e+00 -2.75193350e+00 -1.04028646e+01 -2.76589726e+00
   -1.83759284e+00 -1.83759249e+00 -1.04029102e+01 -2.76589710e+00
   -1.04029346e+01 -1.83759281e+00]]

 [[ 3.10244154e-03  2.05777139e-03  1.14116057e-03  6.62030745e-03
    6.44996112e-03  2.28892671e-03  9.67066849e-03  2.49003545e-03
    1.01176591e-03  4.82260183e-03]
  [ 3.01280958e+00  3.00513582e+00  3.00027042e+00  3.00362912e+00
    3.00017747e+00  3.00041830e+00  3.00158430e+00  3.00179886e+00
    3.00043312e+00  3.00003346e+00]
  [-1.04015675e+01 -2.76503177e+00 -1.04005320e+01 -1.03607251e+01
   -1.03742650e+01 -1.83748676e+00 -1.04013385e+01 -5.08701883e+00
   -5.12749458e+00 -1.03808599e+01]]

 [[ 1.08162965e-03  8.95098147e-03  1.66571557e-04  4.14175658e-04
    6.88078407e-04  6.63248999e-04  1.68012862e-03  6.93198415e-04
    3.12617272e-03  6.67739044e-04]
  [ 3.00000800e+00  3.00089695e+00  3.00013080e+00  3.00064265e+00
    3.00016476e+00  3.00034966e+00  3.00064311e+00  3.00010157e+00
    3.00048284e+00  3.00106238e+00]
  [-1.03886814e+01 -2.76553258e+00 -1.03994561e+01 -3.72404623e+00
   -2.75140426e+00 -1.03969092e+01 -2.76472578e+00 -1.03956105e+01
   -5.12787587e+00 -2.75179540e+00]]

 [[ 3.47832351e-04  2.77195568e-04  1.25782256e-03  9.21876148e-04
    4.86350036e-04  3.10409509e-04  2.14126367e-04  2.38596570e-04
    1.33098112e-03  5.86499950e-04]
  [ 3.00054547e+00  3.00018184e+00  3.00000296e+00  3.00000087e+00
    3.00074476e+00  3.00023841e+00  3.00002131e+00  3.00032417e+00
    3.00005689e+00  3.00026042e+00]
  [-2.75168767e+00 -1.04009347e+01 -1.03989636e+01 -1.83754528e+00
   -1.04022728e+01 -1.03956152e+01 -1.03637860e+01 -2.76569913e+00
   -5.12876251e+00 -1.04017553e+01]]

 [[ 2.33477900e-02  3.52263814e-03  7.79154544e-03  1.33970389e-02
    1.69213995e-02  2.28858080e-03  1.44829987e-02  1.50498131e-02
    4.26068839e-03  2.68198164e-02]
  [ 3.00500527e+00  3.00733397e+00  3.00182516e+00  3.00580940e+00
    3.00518870e+00  3.02713383e+00  3.02133922e+00  3.02463114e+00
    3.00563725e+00  3.00164516e+00]
  [-1.03050127e+01 -5.10854690e+00 -1.03150779e+01 -2.76222047e+00
   -2.75005097e+00 -5.10294064e+00 -2.75234080e+00 -1.03885613e+01
   -2.76319514e+00 -1.01461553e+01]]

 [[ 7.38742916e-03  1.49761047e-03  2.22166917e-03  2.73574528e-03
    3.44149519e-02  5.89385485e-03  4.04524962e-03  5.88803420e-03
    1.36883810e-02  1.60347766e-03]
  [ 3.00296428e+00  3.00246106e+00  3.00328842e+00  3.00173449e+00
    3.00716180e+00  3.00029422e+00  3.00028769e+00  3.00233656e+00
    3.01600172e+00  3.00862083e+00]
  [-1.03260294e+01 -1.03001574e+01 -1.04017715e+01 -2.76587712e+00
   -1.04003744e+01 -5.06964443e+00 -1.04012556e+01 -1.03879143e+01
   -1.03626735e+01 -1.03470716e+01]]

 [[ 9.42703107e-04  2.95983320e-03  1.48885858e-03  3.48981605e-03
    4.69759208e-03  1.25713383e-02  5.15847003e-04  6.34496664e-04
    1.10014384e-03  1.29945653e-03]
  [ 3.00843370e+00  3.01474158e+00  3.01230452e+00  3.00052770e+00
    3.00077976e+00  3.00010931e+00  3.00228905e+00  3.00003218e+00
    3.00045427e+00  3.01006587e+00]
  [-1.04002912e+01 -5.12757345e+00 -5.08718394e+00 -5.12695866e+00
   -5.12799309e+00 -1.02880515e+01 -1.03881182e+01 -1.03970269e+01
   -1.03930114e+01 -1.03863301e+01]]

 [[ 5.88779476e-03  3.30606776e-02  2.12869819e-01  1.37141251e-02
    4.74126534e-02  2.71886099e-02  1.10234289e-02  2.85840986e-02
    3.56254372e-02  8.76375232e-02]
  [ 3.04071745e+00  3.01763081e+00  3.02194085e+00  3.06417059e+00
    3.02981200e+00  3.02291515e+00  3.04683395e+00  3.06190635e+00
    3.00213861e+00  3.00746331e+00]
  [-9.98703406e+00 -1.02530187e+01 -1.01684018e+01 -3.70187926e+00
   -9.66532321e+00 -2.72676111e+00 -1.03440094e+01 -2.71105109e+00
   -5.10152944e+00 -3.58529921e+00]]

 [[ 7.28683788e-03  8.34815110e-03  1.77197065e-02  2.55181404e-02
    4.15313729e-02  2.48212402e-02  2.85654956e-02  7.89044978e-03
    9.22741347e-03  3.43471364e-02]
  [ 3.04374636e+00  3.05452858e+00  3.00583912e+00  3.02144943e+00
    3.46053010e+00  3.03902466e+00  3.02587938e+00  3.00911668e+00
    3.00819499e+00  3.00138136e+00]
  [-5.01808877e+00 -1.03899338e+01 -1.03393951e+01 -1.00479336e+01
   -5.02006513e+00 -1.03840651e+01 -2.75065113e+00 -1.03998435e+01
   -1.03830981e+01 -1.83656629e+00]]

 [[ 1.15369870e-02  8.54590943e-03  1.33893397e-02  1.67879991e-02
    2.14828009e-02  2.47325340e-03  1.95655629e-02  2.31294119e-03
    2.18590631e-02  1.57151483e-02]
  [ 3.00497357e+00  3.00042106e+00  3.00223512e+00  3.10635442e+00
    3.00196081e+00  3.00789044e+00  3.00174778e+00  3.00226026e+00
    3.00148890e+00  3.15597118e+00]
  [-1.03126350e+01 -1.03909506e+01 -1.03782859e+01 -1.03734968e+01
   -1.03969077e+01 -1.03866275e+01 -2.76552227e+00 -1.02844571e+01
   -5.11578149e+00 -1.03334953e+01]]

 [[ 2.23275041e-01  1.41428873e-01  1.09567346e-01  3.28382662e-02
    2.56317699e-01  1.88720423e-01  1.35994249e-01  2.97627684e-01
    6.17767583e-02  1.28539705e-01]
  [ 3.02427646e+00  3.45805793e+00  3.03319019e+00  3.13536484e+00
    3.00361650e+00  3.04981093e+00  3.08083582e+00  3.19560448e+00
    3.10399457e+00  3.03178761e+00]
  [-1.02563782e+01 -4.75111754e+00 -2.63033508e+00 -9.90720852e+00
   -4.81478668e+00 -3.64601632e+00 -2.72897931e+00 -2.71729501e+00
   -3.56737687e+00 -4.83663286e+00]]

 [[ 4.23616858e-02  2.91355636e-02  3.04352594e-02  2.03778869e-01
    6.61351321e-02  3.87581880e-02  6.85653411e-02  1.20870906e-01
    3.02059001e-02  4.39449415e-02]
  [ 3.03233054e+00  3.02995148e+00  3.01329736e+00  3.03316213e+00
    3.00519243e+00  3.01085287e+00  3.12361365e+00  3.11048085e+00
    3.03090701e+00  3.09154411e+00]
  [-2.72540069e+00 -1.02234954e+01 -2.74670871e+00 -2.74878891e+00
   -5.10855036e+00 -2.65864994e+00 -1.00509073e+01 -3.53752536e+00
   -5.09956916e+00 -2.71717848e+00]]

 [[ 2.51058177e-02  2.40647125e-02  4.08797600e-01  1.36620825e-02
    4.62742683e-02  3.37759978e-02  1.38810976e-02  9.18395320e-02
    9.99202840e-03  3.42816788e-02]
  [ 3.00761574e+00  3.00105223e+00  3.00223137e+00  3.04461989e+00
    3.02517150e+00  3.00001656e+00  3.00298995e+00  3.02810209e+00
    3.00982790e+00  3.03100996e+00]
  [-2.72088624e+00 -2.75463357e+00 -1.00157843e+01 -2.70445467e+00
   -1.00147242e+01 -5.07686619e+00 -1.03205209e+01 -1.03230575e+01
   -5.03592724e+00 -2.75986000e+00]]

 [[ 4.33542214e-01  9.03331233e+00  1.88221675e+00  6.92349441e-01
    2.89009553e+00  3.81737423e-01  1.03020775e+00  3.08580755e+00
    2.29655304e+00  9.51802316e-02]
  [ 3.05701879e+00  7.52698966e+00  3.08926749e+00  3.27584754e+00
    3.14329394e+00  3.85613220e+00  3.07602905e+00  8.17831790e+00
    5.45355121e+00  3.28210615e+00]
  [-2.63465119e+00 -2.35269430e+00 -3.06823555e+00 -2.37373890e+00
   -3.55908591e+00 -2.76504627e+00 -9.15734510e+00 -1.94500952e+00
   -2.35529010e+00 -2.54475305e+00]]

 [[ 6.05064076e-01  1.72446449e-01  2.14827295e-01  1.95042276e-01
    5.90584382e-01  3.45902692e-01  6.95197823e-01  2.29148876e-01
    6.05344538e-02  1.01015769e+00]
  [ 3.10447505e+00  3.46709178e+00  3.25794621e+00  3.19694281e+00
    3.69335351e+00  3.29708838e+00  3.05032465e+00  3.17150606e+00
    3.19499538e+00  3.06607645e+00]
  [-6.03635676e+00 -3.57450100e+00 -1.03406029e+01 -3.54151846e+00
   -8.21175495e+00 -9.29400188e+00 -7.77199665e+00 -9.05537171e+00
   -3.56158459e+00 -2.67173673e+00]]

 [[ 2.63029730e-01  5.33809305e-01  9.80420457e-02  4.74545543e-01
    2.61437925e-01  3.81509857e-01  6.52813245e-01  7.62572172e-02
    7.17593442e-01  9.95206648e-01]
  [ 3.52432239e+00  3.09741102e+00  3.15101980e+00  3.05574214e+00
    3.00496372e+00  3.01914161e+00  3.04560860e+00  3.08414011e+00
    3.03292940e+00  3.34579052e+00]
  [-8.74850712e+00 -2.59334332e+00 -5.10059033e+00 -8.81322616e+00
   -1.03541725e+01 -8.70460090e+00 -3.60124529e+00 -7.69474292e+00
   -9.41785039e+00 -9.85337131e+00]]

 [[ 7.92066651e+02  2.67189176e+02  1.67577377e+02  8.32297196e+01
    4.46674260e+02  1.48104805e+03  1.37232474e+03  6.44597897e+02
    2.34426802e+03  2.72021342e+03]
  [ 3.00000014e+01  3.00000581e+00  3.00000237e+00  3.00000500e+00
    3.00000097e+00  3.00000115e+00  3.00000275e+01  3.00000064e+00
    3.00000042e+00  3.00000149e+00]
  [-2.75192880e+00 -3.72429783e+00 -3.72429891e+00 -3.72429909e+00
   -2.75193345e+00 -1.04028545e+01 -2.75192910e+00 -3.72429954e+00
   -5.12882243e+00 -2.75193353e+00]]

 [[ 4.80855383e+02  6.96065696e+02  1.43321415e+03  1.03021974e+02
    1.01015545e+03  2.46513982e+02  2.84090361e+03  1.60596499e+03
    9.26017411e+01  1.60268786e+03]
  [ 3.00000049e+00  3.00000039e+00  3.00000001e+00  3.00000028e+00
    3.00000027e+00  3.00000014e+00  3.00000327e+00  3.00000001e+00
    3.00000145e+00  3.00000188e+00]
  [-2.76589725e+00 -1.04028106e+01 -3.72430019e+00 -3.72430015e+00
   -1.04028053e+01 -2.75193348e+00 -1.83759290e+00 -1.04028687e+01
   -3.72429987e+00 -3.72429997e+00]]

 [[ 2.23787592e+01  4.98686664e+02  7.03045729e+02  1.15875759e+03
    9.05053418e+02  3.33404428e+02  1.39915895e+00  9.37001923e+02
    7.26614912e+02  5.03483639e+01]
  [ 3.00000023e+00  3.00000006e+00  3.00000141e+00  3.00000015e+00
    3.00000019e+00  3.00000068e+00  3.00000030e+00  3.00000057e+00
    3.00000007e+00  3.00000002e+00]
  [-2.76589702e+00 -3.72430028e+00 -3.72430027e+00 -1.04028776e+01
   -1.04029163e+01 -1.04028665e+01 -1.04028501e+01 -2.76589699e+00
   -2.76589729e+00 -3.72430033e+00]]

 [[ 5.13846685e-04  2.22512568e-03  1.77200760e-04  2.61782192e-04
    1.00142722e-03  6.93309954e-03  7.53871802e-03  7.84671231e-04
    4.78620072e-04  1.27333237e-03]
  [ 3.00028587e+00  3.00739728e+00  3.00014578e+00  3.00147227e+00
    3.00008800e+00  3.00006466e+00  3.00104702e+00  3.00002075e+00
    3.00266951e+00  3.00008651e+00]
  [-1.04017106e+01 -5.12775679e+00 -1.03946305e+01 -5.08275510e+00
   -1.03986173e+01 -1.03970900e+01 -1.04022505e+01 -1.03894117e+01
   -5.12764241e+00 -1.03956587e+01]]

 [[ 2.95339727e-04  9.05533437e-04  1.08074531e-04  7.21384919e-04
    8.33754684e-04  8.06403511e-04  2.91101857e-04  5.06800216e-04
    5.48118800e-04  2.30092688e-03]
  [ 3.00009924e+00  3.00026367e+00  3.00170795e+00  3.00040344e+00
    3.00004082e+00  3.00133496e+00  3.00020826e+00  3.00016977e+00
    3.00076334e+00  3.00004721e+00]
  [-1.04020167e+01 -1.04014088e+01 -2.75192053e+00 -1.03932100e+01
   -2.76430606e+00 -1.03976094e+01 -1.04005264e+01 -1.03641252e+01
   -2.76577464e+00 -1.03932319e+01]]

 [[ 4.73636886e-05  2.58566410e-04  1.74861522e-04  8.55573389e-05
    2.71186710e-04  6.27639738e-04  3.38730918e-04  5.70704318e-05
    6.42911077e-05  8.59489449e-04]
  [ 3.00005100e+00  3.00023147e+00  3.00029477e+00  3.00000062e+00
    3.00031650e+00  3.00173991e+00  3.00005524e+00  3.00007643e+00
    3.00084446e+00  3.00028899e+00]
  [-1.04019654e+01 -1.04025813e+01 -3.72429886e+00 -5.08712320e+00
   -1.04028876e+01 -1.04028797e+01 -1.04018885e+01 -1.04026366e+01
   -1.04025934e+01 -1.04019867e+01]]

 [[ 1.67996352e-02  1.40159050e-02  3.51489316e-03  1.02091559e-02
    2.30253480e-02  2.73777012e-02  6.61305035e-03  3.35666260e-03
    6.73473013e-03  1.18709364e-02]
  [ 3.00031266e+00  3.00147440e+00  3.02822263e+00  3.00127450e+00
    3.01347669e+00  3.00458584e+00  3.00763946e+00  3.01059184e+00
    3.00301848e+00  3.00420499e+00]
  [-1.02799267e+01 -5.11282599e+00 -2.76552762e+00 -1.03986434e+01
   -1.03801180e+01 -1.03894407e+01 -1.03768597e+01 -1.03962586e+01
   -1.03983839e+01 -1.03076298e+01]]

 [[ 5.74195668e-03  4.02120362e-03  3.75590271e-03  1.88397178e-03
    1.53168654e-03  1.73429102e-03  1.00845606e-02  5.71239174e-03
    2.55934435e-03  2.04806353e-02]
  [ 3.00046501e+00  3.00169723e+00  3.01967831e+00  3.00008931e+00
    3.00138961e+00  3.01376626e+00  3.01098410e+00  3.00000272e+00
    3.00053004e+00  3.00424946e+00]
  [-8.76707924e+00 -1.04002012e+01 -2.74948269e+00 -1.03967830e+01
   -1.03993412e+01 -5.12464072e+00 -1.03872900e+01 -1.03217686e+01
   -1.01949797e+01 -5.12550359e+00]]

 [[ 5.67418564e-03  4.27938417e-03  4.92011162e-03  3.60817949e-04
    4.52649281e-03  1.76620673e-03  6.01594123e-04  9.12244753e-04
    3.07387381e-03  3.49005205e-04]
  [ 3.00779634e+00  3.00372047e+00  3.00057439e+00  3.00081569e+00
    3.00369089e+00  3.00020327e+00  3.00946922e+00  3.00064567e+00
    3.00042315e+00  3.00150000e+00]
  [-2.76362015e+00 -2.76515792e+00 -3.71807129e+00 -1.04007325e+01
   -1.03930015e+01 -1.03961732e+01 -1.04004682e+01 -1.04002159e+01
   -1.04003310e+01 -2.76551781e+00]]

 [[ 6.23525423e-03  1.53097447e-02  3.16902062e-02  4.32243235e-02
    5.62830552e-02  7.89581447e-03  1.50212879e-02  3.15488911e-02
    1.88639344e-02  3.46507631e-02]
  [ 3.02368252e+00  3.01646896e+00  3.01210767e+00  3.00080834e+00
    3.02761087e+00  3.00138385e+00  3.00164108e+00  3.00235826e+00
    3.00697172e+00  3.05006954e+00]
  [-1.03176968e+01 -1.03560553e+01 -1.03623904e+01 -3.69653148e+00
   -1.03294189e+01 -1.03697038e+01 -5.12514676e+00 -1.03706484e+01
   -5.08359411e+00 -3.72322172e+00]]

 [[ 2.33225255e-02  1.07763717e-02  2.57143463e-02  2.38545549e-02
    1.03027594e-02  6.34740272e-03  1.07807701e-02  3.20273004e-03
    5.42746789e-03  1.10212616e-02]
  [ 3.00209536e+00  3.00087780e+00  3.00054278e+00  3.00165486e+00
    3.00306539e+00  3.00112862e+00  3.00045553e+00  3.00456650e+00
    3.01038250e+00  3.00552352e+00]
  [-5.03358104e+00 -1.03987685e+01 -1.03776888e+01 -1.03842933e+01
   -1.03840210e+01 -5.08414234e+00 -1.03944803e+01 -5.12030253e+00
   -1.04012335e+01 -1.02849541e+01]]

 [[ 7.12884178e-04  3.95607966e-03  3.68828250e-03  1.30448270e-02
    2.62528155e-03  4.23593112e-03  1.62435548e-02  2.57010723e-03
    3.07044091e-03  1.87917101e-02]
  [ 3.01328122e+00  3.00255512e+00  3.00859090e+00  3.00407170e+00
    3.00289028e+00  3.00298352e+00  3.00021066e+00  3.00032662e+00
    3.00508696e+00  3.00948001e+00]
  [-3.71117428e+00 -1.03911902e+01 -2.76567486e+00 -5.12761740e+00
   -1.03971559e+01 -1.03909938e+01 -1.03827298e+01 -1.03722332e+01
   -1.03890405e+01 -1.03683304e+01]]

 [[ 4.81285261e-02  2.06820979e-01  7.44510035e-03  3.48885474e-02
    1.50859427e-01  1.98498506e-01  2.78700502e-01  4.43289051e-02
    2.99558139e-02  8.53959736e-02]
  [ 3.00644168e+00  3.08074169e+00  3.04885601e+00  3.00134382e+00
    3.00556635e+00  3.01538240e+00  3.05236958e+00  3.00061322e+00
    3.10648169e+00  3.05367118e+00]
  [-1.03699464e+01 -1.00615778e+01 -4.99567219e+00 -1.03763195e+01
   -5.02944257e+00 -3.68226848e+00 -2.94202716e+00 -5.12211999e+00
   -2.71663278e+00 -1.02633085e+01]]

 [[ 7.21787561e-03  1.91896263e-02  3.10511992e-02  3.42449510e-02
    8.01182252e-02  1.10666636e-01  5.90115542e-02  3.02799415e-02
    1.40176167e-02  4.73147169e-02]
  [ 3.10062894e+00  3.12200700e+00  3.02140806e+00  3.01813186e+00
    3.01019983e+00  3.00140024e+00  3.09137246e+00  3.01678082e+00
    3.28022776e+00  3.00307587e+00]
  [-1.03182113e+01 -1.01035834e+01 -1.03001174e+01 -2.74754894e+00
   -2.76010384e+00 -1.02021441e+01 -1.01142560e+01 -4.94823298e+00
   -1.01385328e+01 -1.03636387e+01]]

 [[ 1.48172441e-02  7.11074594e-02  1.01466006e-02  6.44116054e-03
    3.25011588e-02  2.49711734e-02  8.87220162e-03  7.19394718e-03
    4.34453306e-02  1.31916349e-02]
  [ 3.02070486e+00  3.00317256e+00  3.00539674e+00  3.10488187e+00
    3.00536041e+00  3.00380605e+00  3.00337968e+00  3.01043702e+00
    3.00059933e+00  3.01548369e+00]
  [-2.75954523e+00 -1.83481617e+00 -5.11693700e+00 -2.76535754e+00
   -3.72258840e+00 -5.03033227e+00 -1.03658540e+01 -1.03502679e+01
   -1.03782011e+01 -3.72145982e+00]]

 [[ 6.79918471e-01  2.06417422e-01  6.55350780e-01  1.29199022e+00
    1.21075776e+00  8.99111089e-01  1.60227341e+00  4.56126379e-01
    3.98645100e-01  6.33245860e-01]
  [ 4.14609203e+00  3.12649131e+00  3.03251749e+00  3.28681987e+00
    3.01177903e+00  3.07564545e+00  3.03399888e+00  3.05482024e+00
    3.26084736e+00  3.25128603e+00]
  [-8.36935380e+00 -7.09844974e+00 -1.53830683e+00 -4.82481158e+00
   -7.56370731e+00 -3.32754652e+00 -8.60233417e+00 -9.60508495e+00
   -9.53708312e+00 -2.60911327e+00]]

 [[ 2.90155902e-01  1.88432661e-01  4.39638374e-01  1.64283690e-01
    1.21043377e+00  2.26972606e-01  1.17267525e-01  2.98120422e-01
    3.06020721e-02  4.63046716e-01]
  [ 3.05110267e+00  3.08009703e+00  3.00559009e+00  3.17594930e+00
    3.00735827e+00  3.00447057e+00  3.02537960e+00  3.01075624e+00
    3.17686490e+00  3.15417541e+00]
  [-2.73844883e+00 -3.65376673e+00 -3.13008957e+00 -5.06812588e+00
   -3.64803402e+00 -2.67259906e+00 -2.73861733e+00 -5.07479087e+00
   -5.12403712e+00 -2.44022645e+00]]

 [[ 2.48835870e-01  1.66484809e-01  2.24733882e-02  1.10089025e-01
    3.69539843e-02  2.75568567e-02  5.56591769e-02  2.86609961e-01
    1.02634958e-01  2.43407454e-02]
  [ 3.00956500e+00  3.00669533e+00  3.03152889e+00  3.04734524e+00
    3.02440062e+00  3.06765838e+00  3.01674926e+00  3.03524304e+00
    3.03154203e+00  3.00093451e+00]
  [-4.60269061e+00 -3.72230249e+00 -3.67740678e+00 -3.60954378e+00
   -3.67853502e+00 -2.75748536e+00 -1.01806518e+01 -2.74813268e+00
   -1.02970094e+01 -3.66182345e+00]]

 [[ 4.68701382e+02  1.48559821e+03  1.42575129e+03  5.53247722e+02
    1.60957877e+02  1.69487744e+03  1.44467107e+02  1.18758652e+02
    1.48708667e+01  1.16379682e+03]
  [ 3.00000843e+00  3.00000004e+00  3.00000011e+00  3.00000015e+00
    3.00001560e+00  3.00000081e+00  3.00000270e+00  3.00000029e+00
    3.00000376e+00  3.00001409e+00]
  [-3.72429095e+00 -2.76589594e+00 -5.12881326e+00 -2.75193040e+00
   -5.12882090e+00 -5.12881978e+00 -2.76589667e+00 -5.12881566e+00
   -2.75193225e+00 -5.12880123e+00]]

 [[ 2.30456508e+02  3.40503571e+03  9.29589291e+02  1.28355734e+01
    1.96214260e+02  1.66368264e+03  3.07635009e+03  1.41196061e+03
    1.06424408e+02  7.66362748e+02]
  [ 3.00000805e+00  3.00000002e+00  3.00000099e+00  3.00000382e+00
    3.00000230e+00  3.00000118e+00  3.00000022e+00  3.00000034e+00
    3.00000398e+00  3.00000038e+00]
  [-5.12882017e+00 -1.04028867e+01 -3.72430015e+00 -1.83759193e+00
   -2.76589690e+00 -1.04029198e+01 -1.83759252e+00 -1.04028926e+01
   -1.04028499e+01 -1.04028622e+01]]

 [[ 3.66366498e+01  5.73446042e+02  2.26569743e+02  1.46048090e-06
    2.28638620e+01  3.65118160e-06  3.80146920e+01  7.99450789e-07
    1.20545263e+03  8.48289201e+01]
  [ 3.00000034e+00  3.00000098e+00  3.00000036e+00  3.00000007e+00
    3.00000041e+00  3.00000041e+00  3.00000022e+00  3.00000015e+00
    3.00000026e+00  3.00000009e+00]
  [-2.76589723e+00 -3.72429985e+00 -2.76589712e+00 -3.72429679e+00
   -5.12882204e+00 -1.04028910e+01 -5.08766895e+00 -1.04029099e+01
   -2.76589710e+00 -1.83759283e+00]]

 [[ 9.70592957e-03  4.29651470e-03  8.81938855e-03  6.68124758e-03
    6.74878385e-03  5.02704452e-03  3.45159825e-04  7.88900708e-03
    5.50400186e-03  5.75660829e-03]
  [ 3.00448420e+00  3.00623831e+00  3.00004943e+00  3.00225842e+00
    3.00007885e+00  3.00364801e+00  3.00039888e+00  3.00028368e+00
    3.00107072e+00  3.00222059e+00]
  [-1.03797239e+01 -1.03897327e+01 -1.03945453e+01 -1.03128869e+01
   -1.03698724e+01 -5.12283199e+00 -1.03873528e+01 -1.83404564e+00
   -5.08673711e+00 -1.83758037e+00]]

 [[ 2.68375857e-03  3.14004673e-03  1.59317725e-03  6.11004866e-03
    1.49509727e-03  1.20971010e-03  3.57707057e-03  1.58502855e-03
    4.25513125e-03  2.42247258e-03]
  [ 3.00001591e+00  3.00071970e+00  3.00104734e+00  3.00000519e+00
    3.00006582e+00  3.00127814e+00  3.00165436e+00  3.00025277e+00
    3.00495599e+00  3.00125227e+00]
  [-2.76589013e+00 -1.03989983e+01 -1.83754911e+00 -1.03986193e+01
   -5.08526573e+00 -1.03775403e+01 -1.03873205e+01 -1.03987399e+01
   -2.76551064e+00 -5.12772187e+00]]

 [[ 3.41328909e-03  4.98056089e-04  5.88699390e-04  4.34725147e-04
    6.05409370e-04  9.77241522e-04  3.17155293e-03  6.57268596e-04
    1.57302091e-03  2.07856648e-03]
  [ 3.00023203e+00  3.00067700e+00  3.00075844e+00  3.00028953e+00
    3.00109871e+00  3.00304265e+00  3.00080074e+00  3.00018863e+00
    3.00013124e+00  3.00054039e+00]
  [-1.83744810e+00 -2.75101277e+00 -1.04004592e+01 -1.03940943e+01
   -3.72423705e+00 -5.12878186e+00 -1.04006513e+01 -1.04023804e+01
   -5.12839471e+00 -1.03999209e+01]]

 [[ 7.59654833e-03  5.31686709e-02  6.94399432e-02  4.74711457e-02
    8.43154923e-02  3.02180230e-02  5.75670544e-02  2.26906594e-02
    5.14820098e-02  2.96825825e-02]
  [ 3.02303054e+00  3.00042700e+00  3.04138814e+00  3.00349103e+00
    3.01020462e+00  3.00907268e+00  3.01770609e+00  3.00370130e+00
    3.00056337e+00  3.05509684e+00]
  [-1.03163275e+01 -1.03102130e+01 -1.03479447e+01 -5.11199894e+00
   -1.02907946e+01 -5.11950954e+00 -2.76059198e+00 -1.03301206e+01
   -5.02889363e+00 -3.71231862e+00]]

 [[ 2.05805546e-02  9.40093857e-03  1.15323130e-02  3.87053323e-03
    7.06316686e-03  7.33890529e-03  1.10932345e-02  8.66536970e-03
    2.04936194e-02  2.96330013e-03]
  [ 3.00760520e+00  3.00433974e+00  3.00006167e+00  3.00364951e+00
    3.00096615e+00  3.02353443e+00  3.02551539e+00  3.00009678e+00
    3.00991689e+00  3.00066576e+00]
  [-1.03722575e+01 -5.07093984e+00 -2.75150450e+00 -5.10571785e+00
   -1.02603160e+01 -5.08013110e+00 -1.03324335e+01 -1.03592192e+01
   -2.75586260e+00 -1.02827823e+01]]

 [[ 7.99056475e-03  3.71551715e-03  7.60991602e-03  7.95833124e-03
    6.29975022e-03  3.55563562e-03  2.42093694e-03  3.53324695e-03
    1.06375717e-02  1.76800048e-03]
  [ 3.00232269e+00  3.00085001e+00  3.00515942e+00  3.00017108e+00
    3.00092576e+00  3.01181729e+00  3.00087431e+00  3.00015560e+00
    3.00432045e+00  3.00075855e+00]
  [-5.10834462e+00 -1.03788139e+01 -1.03874740e+01 -5.12840681e+00
   -1.03714856e+01 -1.03994237e+01 -1.03213281e+01 -5.12656126e+00
   -5.12163532e+00 -5.08487141e+00]]

 [[ 6.28634723e-02  1.85812186e-02  2.43988703e-01  3.80633801e-02
    8.29088374e-02  9.90792477e-02  1.69616636e-01  9.95424526e-02
    4.28793299e-02  6.53188002e-02]
  [ 3.03883681e+00  3.11609447e+00  3.00971041e+00  3.11814642e+00
    3.00851096e+00  3.00380960e+00  3.03534887e+00  3.00388896e+00
    3.00920964e+00  3.00982563e+00]
  [-9.68234570e+00 -1.03462501e+01 -1.01752052e+01 -4.89220392e+00
   -9.78966055e+00 -2.74848103e+00 -1.03106516e+01 -2.76220228e+00
   -9.28797918e+00 -1.02822370e+01]]

 [[ 1.28910105e-01  2.52838486e-02  3.00084042e-02  1.15968339e-01
    6.51347521e-02  9.25952636e-02  2.00453311e-02  1.40719917e-01
    4.63137091e-02  1.57318252e-02]
  [ 3.01380298e+00  3.00040337e+00  3.00622904e+00  3.00960093e+00
    3.03470984e+00  3.01163852e+00  3.00975954e+00  3.00065382e+00
    3.00777325e+00  3.00206328e+00]
  [-3.69610058e+00 -1.03685078e+01 -1.02990969e+01 -1.03124270e+01
   -5.07569386e+00 -5.07915934e+00 -5.11935198e+00 -1.03864576e+01
   -1.01876903e+01 -3.72147908e+00]]

 [[ 3.00503107e-02  2.79064782e-02  2.19047958e-02  4.71147135e-03
    2.18817996e-02  1.04873540e-02  5.64440315e-03  2.11673061e-03
    4.03653778e-02  2.07364588e-02]
  [ 3.00012029e+00  3.00019990e+00  3.00006378e+00  3.00053164e+00
    3.00295114e+00  3.00026300e+00  3.00561088e+00  3.01148750e+00
    3.00283453e+00  3.01031035e+00]
  [-1.03949068e+01 -5.10342132e+00 -1.03323961e+01 -5.05509231e+00
   -1.02354232e+01 -1.01653784e+01 -1.03500126e+01 -1.02663394e+01
   -2.76196687e+00 -1.03945668e+01]]

 [[ 4.80688427e-01  6.87205382e-01  1.49791011e+00  4.92818095e-02
    6.09561160e-01  1.42991745e-01  2.22484915e-01  1.54257603e+00
    1.89445020e-01  8.78810145e-01]
  [ 3.06407229e+00  3.05111037e+00  3.13975440e+00  3.00546328e+00
    3.23836974e+00  3.09082372e+00  3.03962287e+00  3.02251653e+00
    3.00797752e+00  3.05682805e+00]
  [-1.73356908e+00 -1.02544883e+01 -3.66938660e+00 -8.30430551e+00
   -6.32174591e+00 -8.85903691e+00 -7.94694082e+00 -2.74617363e+00
   -7.47569964e+00 -3.53426857e+00]]

 [[ 6.23892365e-02  1.32019013e-01  9.79944282e-02  1.53082516e-01
    3.54473170e-02  2.93134487e-01  2.27466850e-02  2.68682012e-01
    2.19160259e-02  5.07260068e-01]
  [ 3.00033430e+00  3.00994272e+00  3.05823605e+00  3.01560250e+00
    3.00236648e+00  3.02140574e+00  3.11589610e+00  3.00112404e+00
    3.00596870e+00  3.28251817e+00]
  [-4.87421767e+00 -4.86151795e+00 -2.87511236e+00 -1.00380455e+01
   -9.93835335e+00 -4.22129518e+00 -9.24081504e+00 -4.95223028e+00
   -9.97986247e+00 -1.00819312e+01]]

 [[ 1.24464442e-01  5.56345708e-02  7.63632957e-02  5.13701371e-02
    1.84593033e-01  3.55736910e-02  3.18103847e-02  7.19783160e-02
    1.60938290e-01  1.89775679e-02]
  [ 3.01073979e+00  3.10837601e+00  3.00511541e+00  3.06011484e+00
    3.00241607e+00  3.00189750e+00  3.02661106e+00  3.00916062e+00
    3.01014204e+00  3.00359855e+00]
  [-1.00764487e+01 -9.49874591e+00 -1.00493392e+01 -4.98299680e+00
   -1.01624087e+01 -2.74158167e+00 -5.06803469e+00 -8.60987476e+00
   -9.87885997e+00 -1.02649137e+01]]

 [[ 2.44308954e+00  1.39424904e+00  3.41347049e+00  3.10278035e+00
    2.95076232e+00  1.01493598e+01  3.85707451e-01  1.54894434e+00
    2.06424117e+00  2.09446057e+00]
  [ 3.14906574e+00  6.47873013e+00  3.01084502e+00  1.29220445e+01
    3.70693916e+00  3.74497912e+00  6.54845019e+00  3.01941640e+00
    3.65521652e+00  3.03319488e+00]
  [-2.16888939e+00 -7.42519380e+00 -3.15315259e+00 -3.19226141e+00
   -2.31273336e+00 -2.44267912e+00 -8.19806505e+00 -2.07733791e+00
   -1.72858832e+00 -8.72563352e+00]]

 [[ 2.14810869e+00  2.06214942e+00  1.23681645e+00  1.29884742e+00
    4.29096341e-01  5.87397127e-01  2.02944466e+00  1.01574005e+00
    3.11571564e-01  7.86828865e-01]
  [ 4.74033368e+00  3.11170170e+00  3.09123088e+00  3.67330681e+00
    1.02517037e+01  4.64908643e+00  4.04354846e+00  3.65101389e+00
    3.25346224e+00  3.24597992e+00]
  [-2.67462965e+00 -3.50100327e+00 -7.88964409e+00 -2.69816770e+00
   -7.44426325e+00 -1.54275679e+00 -2.65512724e+00 -3.66263500e+00
   -2.19324077e+00 -3.41603703e+00]]

 [[ 2.24246493e-01  8.72924894e-01  1.28946226e+00  3.73035068e-01
    1.86603303e+00  9.94232059e-01  4.13914914e-01  1.33634308e+00
    6.34116446e-01  3.53080062e-01]
  [ 3.03127447e+00  3.16185588e+00  3.06426566e+00  3.12016100e+00
    3.02283295e+00  3.03690903e+00  3.67155397e+00  3.13180735e+00
    3.09262572e+00  3.20218363e+00]
  [-2.72981141e+00 -5.04756365e+00 -2.54506395e+00 -4.84308069e+00
   -2.70650283e+00 -5.19698025e+00 -8.31853022e+00 -7.94011098e+00
   -3.32099441e+00 -1.77874758e+00]]

 [[ 1.69145374e+02  2.62258993e+02  7.25623693e+01  1.89336351e+01
    1.37848816e+03  4.27976136e+01  2.14209291e+01  4.88643974e+02
    5.23171832e+01  3.83848067e+02]
  [ 3.00000083e+00  3.00000080e+00  3.00000189e+00  3.00000045e+00
    3.00000136e+00  3.00000017e+00  3.00000132e+00  3.00000082e+00
    3.00000037e+01  3.00000003e+00]
  [-5.12880603e+00 -1.83759287e+00 -2.75193270e+00 -5.12882140e+00
   -2.75193346e+00 -5.12880220e+00 -1.04028640e+01 -3.72429617e+00
   -2.75193345e+00 -1.04029127e+01]]

 [[ 2.04301427e+02  1.59064459e+03  1.89691957e+02  1.23087324e+02
    4.95981069e+02  4.40691015e+01  5.56286965e+02  6.56609075e+02
    1.96425672e+03  5.66096143e+02]
  [ 3.00000011e+00  3.00000024e+00  3.00000002e+00  3.00000074e+00
    3.00000091e+00  3.00000009e+00  3.00000181e+00  3.00000030e+00
    3.00000012e+00  3.00000070e+00]
  [-5.08767174e+00 -5.08766897e+00 -2.76589731e+00 -3.72430005e+00
   -2.76589698e+00 -3.72429986e+00 -3.72430032e+00 -1.04028217e+01
   -2.76589582e+00 -5.12882174e+00]]

 [[ 1.03792249e+03  6.47327595e+02  3.13579514e+02  1.43429177e+03
    4.42292260e+02  2.23814704e-07  5.09650221e+02  3.50186379e+02
    4.97697363e+01  1.56717520e+03]
  [ 3.00000019e+00  3.00000027e+00  3.00000017e+00  3.00000013e+00
    3.00000027e+00  3.00000018e+00  3.00000035e+00  3.00000031e+00
    3.00000017e+00  3.00000048e+00]
  [-2.75193346e+00 -5.08766741e+00 -2.75193351e+00 -5.12882260e+00
   -3.72430019e+00 -3.72429988e+00 -2.76589720e+00 -5.08767044e+00
   -2.76589726e+00 -2.75193330e+00]]

 [[ 2.82646467e-03  3.22016612e-03  3.64304011e-03  6.45389866e-03
    8.26836165e-03  1.41635327e-03  7.29775490e-04  7.68604438e-03
    4.34729115e-03  1.71043390e-02]
  [ 3.00179213e+00  3.00008095e+00  3.00033703e+00  3.00069568e+00
    3.00024481e+00  3.00000262e+00  3.00000022e+00  3.00099080e+00
    3.00123608e+00  3.00067850e+00]
  [-1.03915233e+01 -1.03999966e+01 -1.03865179e+01 -5.12406728e+00
   -2.76027436e+00 -1.03865600e+01 -1.03561603e+01 -1.04004898e+01
   -3.72368855e+00 -1.03997638e+01]]

 [[ 2.43350226e-03  5.80698129e-03  1.01086619e-03  1.99011672e-03
    1.34015600e-03  4.02207218e-03  1.87055780e-03  1.26903331e-03
    3.30014180e-03  7.04387513e-03]
  [ 3.00043534e+00  3.00018151e+00  3.00000839e+00  3.00010507e+00
    3.00035902e+00  3.00273896e+00  3.00153932e+00  3.00122920e+00
    3.00007480e+00  3.00024650e+00]
  [-5.08751178e+00 -2.75171243e+00 -2.76537451e+00 -1.03970905e+01
   -5.12803463e+00 -1.03933722e+01 -5.12751905e+00 -1.04017907e+01
   -1.04012685e+01 -1.03980632e+01]]

 [[ 4.00439024e-04  1.43594597e-03  7.22659511e-04  5.96948566e-04
    8.53790365e-04  1.17164150e-03  2.15545184e-04  1.48848492e-03
    6.99376725e-03  1.30487296e-04]
  [ 3.00015831e+00  3.00013249e+00  3.00066722e+00  3.00003711e+00
    3.00005786e+00  3.00014165e+00  3.00005616e+00  3.00014421e+00
    3.00005549e+00  3.00023883e+00]
  [-2.76554078e+00 -1.04022321e+01 -1.03988278e+01 -2.75192589e+00
   -1.04027999e+01 -2.75190944e+00 -5.12839819e+00 -1.04023993e+01
   -1.04018328e+01 -1.04006572e+01]]

 [[ 9.31205841e-03  2.33916538e-02  2.05473556e-02  1.72994563e-02
    9.54837754e-02  2.96195173e-02  5.51474415e-02  9.13050735e-03
    1.09535828e-02  4.73373448e-02]
  [ 3.00228208e+00  3.00000733e+00  3.00358640e+00  3.00518810e+00
    3.00192798e+00  3.00128799e+00  3.00074459e+00  3.02043775e+00
    3.00775857e+00  3.00247388e+00]
  [-5.11848216e+00 -5.06288855e+00 -5.10782068e+00 -5.08021380e+00
   -1.03760352e+01 -1.03506622e+01 -2.75492387e+00 -6.66725359e+00
   -1.04023099e+01 -5.11988273e+00]]

 [[ 8.63354518e-03  1.00859684e-02  1.75886994e-02  9.60563069e-03
    3.77800352e-03  9.68411730e-03  2.37392106e-02  4.99284159e-03
    1.13202005e-02  7.18870333e-03]
  [ 3.00609034e+00  3.00279512e+00  3.00024046e+00  3.00004167e+00
    3.00013649e+00  3.00165348e+00  3.00150776e+00  3.00116633e+00
    3.00447748e+00  3.00085269e+00]
  [-1.03945740e+01 -1.03893101e+01 -1.03931053e+01 -1.03770082e+01
   -1.03775953e+01 -1.03720534e+01 -1.03994368e+01 -1.03911861e+01
   -5.12126621e+00 -1.03986506e+01]]

 [[ 1.94752743e-03  3.31411893e-03  1.98936304e-03  6.70270323e-04
    1.50239015e-03  1.55600250e-02  2.39786490e-03  1.74750745e-03
    1.37605829e-03  1.87816975e-03]
  [ 3.00042682e+00  3.00032109e+00  3.00015596e+00  3.00093657e+00
    3.00050684e+00  3.01460931e+00  3.00071125e+00  3.00086011e+00
    3.00102677e+00  3.00052192e+00]
  [-1.04016171e+01 -5.12773647e+00 -5.11847408e+00 -2.76580311e+00
   -1.03966695e+01 -5.08481023e+00 -1.03803571e+01 -1.03842797e+01
   -1.03774919e+01 -1.04018366e+01]]

 [[ 3.68275121e-02  1.92270672e-01  1.40389519e-02  5.12559435e-02
    1.36771659e-01  1.49181324e-02  1.15051165e-01  9.13097256e-02
    2.20169907e-01  6.35112895e-02]
  [ 3.00129900e+00  3.00337494e+00  3.03741091e+00  3.02491554e+00
    3.00084949e+00  3.01322291e+00  3.00045608e+00  3.01121920e+00
    3.00277708e+00  3.00051899e+00]
  [-1.02740351e+01 -5.02932984e+00 -5.10975180e+00 -9.82710835e+00
   -1.02901584e+01 -4.94631688e+00 -5.11547002e+00 -5.06793667e+00
   -5.01193312e+00 -1.02839444e+01]]

 [[ 3.30222236e-02  3.02983328e-02  1.46695538e-02  3.19140609e-03
    2.53866699e-02  3.67785051e-02  1.37126487e-02  1.37295203e-02
    1.47171836e-02  6.35160259e-02]
  [ 3.00574847e+00  3.00227708e+00  3.00113366e+00  3.00667849e+00
    3.01431360e+00  3.00276461e+00  3.01354187e+00  3.00240102e+00
    3.00050846e+00  3.02128664e+00]
  [-1.03225526e+01 -2.75156774e+00 -5.12792884e+00 -5.08746375e+00
   -1.03636230e+01 -1.03331250e+01 -1.03639632e+01 -1.03978431e+01
   -1.03530081e+01 -1.02606836e+01]]

 [[ 2.63995014e-03  1.12091717e-02  9.09130667e-04  5.01531624e-03
    5.62885357e-04  2.12453271e-03  8.82836800e-04  5.29336829e-03
    6.82392062e-02  7.76405691e-03]
  [ 3.04083500e+00  3.00360866e+00  3.00327496e+00  3.00743167e+00
    3.01895376e+00  3.00076318e+00  3.00024073e+00  3.00001417e+00
    3.00067371e+00  3.00002007e+00]
  [-1.03952541e+01 -1.03975898e+01 -1.83720302e+00 -5.08449106e+00
   -1.03622851e+01 -5.08601488e+00 -1.03871592e+01 -1.03955180e+01
   -1.03951983e+01 -5.08462333e+00]]

 [[ 4.99894314e-01  6.85824582e-01  9.23676842e-02  1.06164488e+00
    6.38921290e-01  3.23647358e-01  2.14815231e-01  2.07431707e-01
    4.33386833e-01  6.21013648e-01]
  [ 3.03742808e+00  3.06716896e+00  3.37885375e+00  3.13304988e+00
    3.02299606e+00  3.06068289e+00  3.01424145e+00  3.01155333e+00
    3.08454716e+00  3.01308302e+00]
  [-3.97597371e+00 -8.24821716e+00 -1.02687208e+01 -1.01268297e+01
   -9.02775274e+00 -9.94719971e+00 -9.91569808e+00 -1.02902345e+01
   -4.80845223e+00 -1.02343678e+01]]

 [[ 6.89864423e-02  3.52136669e-02  2.78630578e-01  3.54075873e-01
    3.82371607e-02  3.35748473e-01  1.73485520e-01  1.05285199e-01
    4.29769568e-01  4.29369755e-01]
  [ 3.00640597e+00  3.00128389e+00  3.09962094e+00  3.00858076e+00
    3.02763569e+00  3.01907177e+00  3.01440925e+00  3.06957458e+00
    3.04607431e+00  3.03170700e+00]
  [-1.02850579e+01 -5.49006276e+00 -5.05345726e+00 -9.69996622e+00
   -1.02655570e+01 -9.81244907e+00 -5.05025919e+00 -9.58140328e+00
   -1.01866156e+01 -9.02315517e+00]]

 [[ 8.81240667e-02  2.91195842e-02  4.75694170e-02  1.34964280e-02
    7.34407439e-02  1.90225405e-02  2.32437624e-02  6.89573735e-03
    1.83963561e-02  2.99494539e-03]
  [ 3.02977405e+00  3.01545314e+00  3.14014360e+00  3.00733499e+00
    3.00286453e+00  3.01780902e+00  3.00902414e+00  3.06669016e+00
    3.02361160e+00  3.00260693e+00]
  [-2.75982066e+00 -5.07869510e+00 -2.73806717e+00 -1.03516237e+01
   -5.58778407e+00 -5.06756748e+00 -5.02589414e+00 -3.63018732e+00
   -3.69294520e+00 -1.03902583e+01]]

 [[ 2.91561879e+00  2.52114753e+00  9.60308974e-01  1.01664614e+00
    1.50850098e+00  1.81443723e+00  6.10798974e+00  2.65742096e+00
    1.04485521e+00  3.24099648e+00]
  [ 3.25127853e+00  3.12934482e+00  3.93540195e+00  3.38104485e+00
    3.10608276e+00  3.09386914e+00  3.00536410e+00  3.20893688e+00
    3.08946123e+00  1.14135936e+01]
  [-1.76755097e+00 -1.00620616e+01 -8.66326066e+00 -8.80348494e+00
   -6.34186931e+00 -2.24314463e+00 -2.23636228e+00 -4.51064905e+00
   -2.49412626e+00 -3.34608223e+00]]

 [[ 5.81420589e-01  9.39896934e-01  7.21483436e-01  1.42685946e+00
    5.50901687e-01  8.34585404e-01  5.93460573e-01  2.09022659e+00
    1.99494417e-01  1.21932166e-01]
  [ 3.10520795e+00  3.87288422e+00  3.41057935e+00  3.03432981e+00
    3.03209983e+00  3.20232732e+00  3.08150860e+00  3.01720910e+00
    3.05173303e+00  3.01550933e+00]
  [-8.66239961e+00 -3.69070241e+00 -1.01500428e+01 -2.73320109e+00
   -1.03293159e+01 -3.45426887e+00 -3.78563711e+00 -2.71684166e+00
   -3.51749112e+00 -3.50556623e+00]]

 [[ 1.94730552e-01  2.11200557e-01  2.81542680e-01  1.15846142e-01
    1.36001776e-01  8.05650163e-02  2.10281091e-01  7.11839190e-02
    1.42739686e+00  1.53769693e-01]
  [ 3.07291274e+00  3.00341613e+00  3.00212217e+00  3.01329456e+00
    3.24317131e+00  3.00782367e+00  3.00555596e+00  3.02426189e+00
    3.00737658e+00  3.17495240e+00]
  [-3.66847169e+00 -3.46347600e+00 -9.88598613e+00 -5.00752351e+00
   -2.75426536e+00 -9.77793641e+00 -4.30024490e+00 -3.46682976e+00
   -2.72049782e+00 -4.98999949e+00]]

 [[ 9.94176174e+02  5.59137518e+02  1.61152635e+02  1.89365459e+02
    7.36008114e+01  4.82238075e+02  1.14858992e+01  1.60943380e+03
    1.60003927e+03  9.72076411e+02]
  [ 3.00000054e+00  3.00000044e+00  3.00000212e+00  3.00000717e+00
    3.00000004e+00  3.00000000e+00  3.00000858e+00  3.00001049e+00
    3.00000732e+00  3.00000003e+00]
  [-2.75193223e+00 -1.04028268e+01 -1.04029322e+01 -1.83759184e+00
   -1.83759211e+00 -1.04027064e+01 -5.08766494e+00 -1.83759164e+00
   -5.12882137e+00 -5.12880192e+00]]

 [[ 3.79831823e+00  1.05732455e+03  1.78348854e+02  2.58579338e+01
    1.84241934e+00  8.78449300e+02  1.70669932e+02  2.21223489e+01
    8.49848726e+01  5.02898005e+02]
  [ 3.00000000e+00  3.00000012e+00  3.00000016e+00  3.00000022e+00
    3.00000021e+00  3.00000352e+00  3.00000014e+00  3.00000194e+00
    3.00000030e+00  3.00000148e+00]
  [-5.08766375e+00 -3.72429829e+00 -1.04028117e+01 -3.72429930e+00
   -1.83759254e+00 -5.08766417e+00 -3.72430014e+00 -5.12881737e+00
   -1.83759056e+00 -1.83759266e+00]]

 [[ 7.28708492e+00  2.10747495e+01  8.96294143e-07  7.06270183e+01
    5.88600114e+02  1.91333994e+02  4.63454789e+00  1.00303122e+03
    4.91606650e+02  2.62883910e+01]
  [ 3.00000016e+00  3.00000014e+00  3.00000062e+00  3.00000024e+00
    3.00000056e+01  3.00000019e+00  3.00000007e+00  3.00000033e+01
    3.00000000e+00  3.00000021e+00]
  [-1.04028738e+01 -3.72430003e+00 -2.76589702e+00 -1.04028185e+01
   -3.72429999e+00 -1.04028335e+01 -2.76589385e+00 -3.72429984e+00
   -1.83759289e+00 -5.08767060e+00]]

 [[ 7.55899842e-03  3.98361701e-03  3.18119497e-03  3.00886868e-03
    1.71261876e-02  6.03917134e-03  2.33302059e-03  2.28147343e-02
    1.44714826e-03  5.00739425e-03]
  [ 3.00054040e+00  3.00338304e+00  3.00195305e+00  3.00001853e+00
    3.00739914e+00  3.00095057e+00  3.00078027e+00  3.00085521e+00
    3.00011120e+00  3.00184407e+00]
  [-1.03107059e+01 -1.03924392e+01 -1.03805229e+01 -5.08014772e+00
   -1.03755833e+01 -2.76046847e+00 -5.12607625e+00 -1.03924921e+01
   -1.01983322e+01 -1.04018074e+01]]

 [[ 3.06816502e-03  1.31225097e-03  3.81129399e-04  1.09123342e-03
    5.60075817e-03  1.42634479e-03  6.40265506e-03  4.24600541e-03
    9.82706969e-03  1.24054371e-03]
  [ 3.00475473e+00  3.00062294e+00  3.00308362e+00  3.00121792e+00
    3.00001992e+00  3.00191238e+00  3.00050406e+00  3.00191513e+00
    3.00018967e+00  3.00067176e+00]
  [-1.03960948e+01 -1.03963198e+01 -1.03951198e+01 -5.12527995e+00
   -2.76358618e+00 -1.04021944e+01 -2.76396277e+00 -1.03959822e+01
   -1.83669496e+00 -1.03920322e+01]]

 [[ 1.30454758e-03  3.06508699e-04  1.36207832e-03  1.49293137e-03
    1.76158320e-03  2.95381909e-04  1.35989486e-03  9.97475659e-05
    1.24878450e-03  3.69365063e-04]
  [ 3.00005818e+00  3.00169824e+00  3.00033260e+00  3.00016589e+00
    3.00036446e+00  3.00026531e+00  3.00117983e+00  3.00070325e+00
    3.00513936e+00  3.00063992e+00]
  [-1.03928151e+01 -3.72315409e+00 -1.03920600e+01 -1.03866871e+01
   -5.12777755e+00 -1.83723175e+00 -1.04019864e+01 -2.76578186e+00
   -1.03919840e+01 -5.08626653e+00]]

 [[ 2.48768408e-02  1.14789734e-02  5.67561842e-02  8.40768396e-02
    6.07831916e-02  4.71685288e-02  5.52112011e-02  2.63926695e-02
    3.94206992e-02  1.39901342e-02]
  [ 3.00096016e+00  3.00316436e+00  3.00232199e+00  3.01503149e+00
    3.00145575e+00  3.01024857e+00  3.00003107e+00  3.00482397e+00
    3.00083295e+00  3.00808415e+00]
  [-1.02895998e+01 -1.00950967e+01 -1.02273625e+01 -1.03025054e+01
   -5.09619047e+00 -5.11832511e+00 -2.73728586e+00 -1.00817363e+01
   -9.64824878e+00 -1.03622330e+01]]

 [[ 2.59838572e-02  2.10649688e-02  7.23042730e-03  2.38962507e-02
    3.27868679e-02  5.22028732e-03  4.19021831e-03  2.73780325e-02
    1.84061168e-02  9.70523372e-03]
  [ 3.00151162e+00  3.00447948e+00  3.01521641e+00  3.01201794e+00
    3.00216440e+00  3.01357074e+00  3.00755889e+00  3.02466760e+00
    3.00986249e+00  3.00126647e+00]
  [-1.03220153e+01 -1.03624126e+01 -1.03433448e+01 -5.07851839e+00
   -1.01976082e+01 -5.09438744e+00 -1.03937906e+01 -3.70942137e+00
   -2.76404983e+00 -1.03967754e+01]]

 [[ 2.37351332e-03  4.04922123e-03  1.12421596e-02  6.94750126e-03
    2.01503731e-03  3.87008512e-03  2.53543318e-03  2.29259296e-03
    8.64668236e-03  9.01260304e-04]
  [ 3.00008305e+00  3.00002778e+00  3.00258341e+00  3.00203521e+00
    3.00002059e+00  3.00056089e+00  3.00191306e+00  3.00150128e+00
    3.00175446e+00  3.00007458e+00]
  [-1.03969475e+01 -2.76550569e+00 -1.03932470e+01 -1.03982047e+01
   -1.03998639e+01 -1.04007528e+01 -1.00914225e+01 -1.03822046e+01
   -2.75161897e+00 -1.03934380e+01]]

 [[ 8.38461212e-02  2.26237618e-01  3.15343281e-02  8.02150260e-02
    4.34976755e-02  2.02919171e-01  5.11156226e-02  9.72785764e-02
    6.38466991e-02  2.56991830e-02]
  [ 3.01037421e+00  3.01662997e+00  3.00272119e+00  3.02291717e+00
    3.08431679e+00  3.06109594e+00  3.01822927e+00  3.03229506e+00
    3.04175279e+00  3.02816807e+00]
  [-9.82159253e+00 -4.98516627e+00 -2.73869396e+00 -1.01892273e+01
   -2.73615351e+00 -9.95643039e+00 -4.82952917e+00 -4.98239207e+00
   -2.74393923e+00 -2.74709588e+00]]

 [[ 7.42510865e-02  1.29975724e-02  3.12051776e-02  1.05352734e-01
    2.23122979e-02  1.17325067e-01  3.21413267e-02  1.09851740e-01
    1.21882844e-01  4.40352335e-02]
  [ 3.01388972e+00  3.00172165e+00  3.02528368e+00  3.00260381e+00
    3.00190598e+00  3.00032561e+00  3.00140411e+00  3.00819427e+00
    3.01294460e+00  3.03331103e+00]
  [-2.73452295e+00 -1.02079823e+01 -5.05873719e+00 -5.08442883e+00
   -1.03813461e+01 -1.03231652e+01 -1.02952739e+01 -1.02776119e+01
   -1.03498148e+01 -1.01624204e+01]]

 [[ 2.28062844e-02  3.11368884e-03  3.97063055e-02  1.75764454e-02
    3.07267026e-02  5.88614625e-03  8.26067284e-03  2.35362360e-03
    9.82090800e-03  3.16032375e-02]
  [ 3.00001172e+00  3.00476924e+00  3.00417063e+00  3.00367974e+00
    3.03443615e+00  3.00382083e+00  3.00234392e+00  3.00094113e+00
    3.00273488e+00  3.00365989e+00]
  [-1.02733568e+01 -1.03750681e+01 -1.03743550e+01 -5.00285268e+00
   -9.66674580e+00 -2.75838115e+00 -5.12265004e+00 -1.02717521e+01
   -1.03248394e+01 -1.03108128e+01]]

 [[ 2.07332507e-01  3.16045197e-01  2.44281347e-01  3.40804573e-01
    2.41848456e-01  1.70882602e-01  3.72080603e-01  2.17386299e-01
    3.60111998e-01  1.59878025e-01]
  [ 3.07717999e+00  3.06578154e+00  3.04234969e+00  3.01774336e+00
    3.04173217e+00  3.42471930e+00  3.01823063e+00  3.14034864e+00
    3.07123052e+00  3.00775026e+00]
  [-3.69311667e+00 -2.63368550e+00 -2.57998411e+00 -4.31020447e+00
   -1.01629958e+01 -5.02451916e+00 -2.41839086e+00 -4.70748893e+00
   -4.31803204e+00 -2.60590331e+00]]

 [[ 8.82932591e-02  1.84174891e-01  1.27890840e-01  5.87825205e-02
    2.39339390e-01  1.54875209e-01  2.35408580e-01  1.23802196e-01
    2.25924707e-01  1.12195041e-01]
  [ 3.00713183e+00  3.14478186e+00  3.08522430e+00  3.04939754e+00
    3.00331497e+00  3.00070509e+00  3.03223576e+00  3.06830141e+00
    3.03177046e+00  3.21527255e+00]
  [-5.01844310e+00 -8.84960138e+00 -2.75019522e+00 -5.04018651e+00
   -5.00198887e+00 -2.72767185e+00 -1.00348667e+01 -4.86445886e+00
   -1.02396358e+01 -3.52809261e+00]]

 [[ 6.28004624e-02  1.11481134e-02  1.94482816e-01  5.62608036e-02
    3.54415369e-01  6.48786155e-02  1.06755532e-01  1.71713667e-01
    1.43234842e-01  6.71172036e-02]
  [ 3.01220627e+00  3.08264441e+00  3.00963008e+00  3.09037082e+00
    3.36787117e+00  3.02121181e+00  3.03706998e+00  3.17991760e+00
    3.03238730e+00  3.04126383e+00]
  [-2.74022785e+00 -5.02875102e+00 -1.02112817e+01 -1.02957332e+01
   -3.63250149e+00 -9.66714195e+00 -9.39945472e+00 -5.02567018e+00
   -4.97100779e+00 -9.61917699e+00]]

 [[ 1.87585070e+00  2.90270643e+00  1.30520322e+00  5.85217581e+00
    5.60542094e+00  6.80163341e+00  6.99532637e-01  1.09346885e+00
    5.88437059e+00  2.77362534e+00]
  [ 3.02570363e+00  8.34155007e+00  5.71132702e+00  5.00254852e+00
    5.78145734e+00  3.07031645e+00  3.06602954e+00  6.52411763e+00
    3.00335817e+00  3.92586149e+00]
  [-1.73347178e+00 -2.78325189e+00 -6.08409308e+00 -2.68786931e+00
   -7.11464223e+00 -1.59437173e+00 -5.05909279e+00 -1.57260595e+00
   -1.93619404e+00 -1.76421478e+00]]

 [[ 5.91039582e-01  2.65566429e+00  1.74492237e+00  2.11460776e+00
    8.02183999e-01  2.35536487e+00  3.59717255e+00  3.26532063e-01
    2.75684049e+00  2.77071720e-01]
  [ 3.07791768e+00  3.15529910e+00  3.05267054e+00  3.97133864e+00
    3.43286510e+00  3.02553977e+00  3.23750895e+00  3.21665112e+00
    3.51953400e+00  3.04655290e+00]
  [-5.13506262e+00 -4.40386823e+00 -2.65778426e+00 -3.89058063e+00
   -2.63871575e+00 -3.46254224e+00 -1.77155413e+00 -2.37279729e+00
   -2.09145855e+00 -3.66067615e+00]]

 [[ 1.76434565e+00  2.90085490e-01  3.13484408e-01  8.24483670e-01
    1.69324201e-01  1.21675651e+00  7.60438740e-01  3.83199634e-01
    1.54864007e-01  4.28334082e-01]
  [ 3.13437023e+00  3.18483056e+00  4.74337276e+00  3.03614901e+00
    3.40631515e+00  3.13394891e+00  3.00021500e+00  4.39586252e+00
    3.22545792e+00  3.12498648e+00]
  [-3.65165929e+00 -3.60866423e+00 -8.36873766e+00 -8.99413814e+00
   -3.68374170e+00 -9.71122942e+00 -3.49525910e+00 -2.67928037e+00
   -3.71984760e+00 -8.01085321e+00]]

 [[ 1.33135348e+03  5.65333232e+02  4.26180989e+02  7.68680935e+01
    4.03327707e+02  7.23436778e-06  1.74114432e+03  3.34382810e+02
    2.98545217e+02  2.12035342e+02]
  [ 3.00000110e+00  3.00000072e+00  3.00000042e+00  3.00000300e+00
    3.00000026e+00  3.00000127e+00  3.00000276e+00  3.00000071e+00
    3.00000003e+00  3.00000111e+00]
  [-2.75193048e+00 -1.04028848e+01 -1.83759270e+00 -1.04028581e+01
   -1.83759129e+00 -2.76589128e+00 -1.83759250e+00 -2.75192911e+00
   -2.76589350e+00 -2.75193297e+00]]

 [[ 4.07901650e+01  4.70679896e+02  1.12788040e+03  6.34961760e+02
    4.00782187e+02  2.19012927e+01  1.03000587e+02  4.94775454e+02
    5.16737227e+02  1.80114612e+00]
  [ 3.00000041e+00  3.00000062e+00  3.00000159e+00  3.00000019e+00
    3.00000014e+00  3.00000075e+00  3.00000152e+00  3.00000012e+00
    3.00000148e+00  3.00000013e+00]
  [-3.72429623e+00 -1.04028021e+01 -2.76589568e+00 -2.75193306e+00
   -3.72429976e+00 -5.08767139e+00 -5.08767138e+00 -3.72429864e+00
   -3.72429961e+00 -5.12882199e+00]]

 [[ 6.64127345e-07  2.06856412e-07  1.57300156e-06  7.17612637e-07
    5.88256205e+01  1.94028222e+02  1.18988087e+03  5.65423362e+01
    2.13220815e+01  2.70433327e+01]
  [ 3.00000000e+00  3.00000041e+00  3.00000039e+00  3.00000002e+00
    3.00000147e+00  3.00000020e+00  3.00000022e+00  3.00000029e+00
    3.00000166e+00  3.00000003e+00]
  [-1.04029307e+01 -1.04028035e+01 -1.04028161e+01 -2.75193345e+00
   -1.04028244e+01 -3.72430027e+00 -1.04028712e+01 -3.72429997e+00
   -1.04028491e+01 -1.83759296e+00]]

 [[ 1.38495504e-02  5.13687894e-03  5.81445043e-03  1.36600557e-02
    1.53325270e-03  8.82032356e-03  1.98678761e-03  1.26922792e-02
    6.76550052e-03  1.43091591e-02]
  [ 3.00001166e+00  3.00051447e+00  3.00007536e+00  3.00007929e+00
    3.00030846e+00  3.00688721e+00  3.00182198e+00  3.00130137e+00
    3.00033980e+00  3.00029383e+00]
  [-5.06436848e+00 -1.03825241e+01 -1.03983114e+01 -5.08550482e+00
   -1.03897395e+01 -1.03674385e+01 -5.12817906e+00 -1.03813223e+01
   -1.03937960e+01 -5.11890939e+00]]

 [[ 1.26353943e-03  8.58289795e-03  5.41930239e-03  8.56931377e-04
    6.67024439e-03  1.28166090e-03  2.32376206e-03  7.66795429e-04
    1.48684168e-03  1.99773290e-03]
  [ 3.00058217e+00  3.00037730e+00  3.00012647e+00  3.00048445e+00
    3.00175678e+00  3.00099675e+00  3.00031009e+00  3.00020841e+00
    3.00058588e+00  3.00114456e+00]
  [-1.03986612e+01 -2.76481726e+00 -2.76584200e+00 -2.76536389e+00
   -1.03994537e+01 -1.03916823e+01 -1.04018273e+01 -5.08653642e+00
   -1.04012241e+01 -1.03952539e+01]]

 [[ 3.40561586e-03  1.64163813e-04  2.10499453e-03  1.68066701e-03
    2.04814346e-03  6.09367343e-04  5.70233292e-04  1.39111563e-03
    2.29723978e-03  2.91927770e-04]
  [ 3.00007999e+00  3.00071912e+00  3.00002491e+00  3.00014307e+00
    3.00159754e+00  3.00007586e+00  3.00055108e+00  3.00034627e+00
    3.00003502e+00  3.00000857e+00]
  [-1.03955896e+01 -1.04022682e+01 -5.08754848e+00 -1.83758046e+00
   -1.04027121e+01 -1.04021207e+01 -1.04000035e+01 -1.04005199e+01
   -5.12819229e+00 -2.76576352e+00]]

 [[ 4.95519187e-02  1.41749701e-02  4.08619818e-02  6.08002753e-02
    2.25452120e-02  4.65819580e-02  1.98867053e-02  4.72386458e-02
    2.46999659e-02  9.51163643e-03]
  [ 3.00267401e+00  3.00066481e+00  3.02603711e+00  3.00011699e+00
    3.00139972e+00  3.00150272e+00  3.02040446e+00  3.00752800e+00
    3.00117694e+00  3.00235703e+00]
  [-1.02956751e+01 -1.00749739e+01 -5.05855892e+00 -2.75662104e+00
   -1.02999673e+01 -1.03624772e+01 -1.03021548e+01 -5.08274913e+00
   -5.12243562e+00 -1.02100484e+01]]

 [[ 8.05797617e-03  4.95639927e-03  1.28027454e-02  1.75671613e-02
    3.12285595e-02  5.14276509e-03  1.66020603e-02  2.47535571e-02
    2.85010822e-02  1.96462233e-02]
  [ 3.00365065e+00  3.00025357e+00  3.00163565e+00  3.02293935e+00
    3.00022626e+00  3.00014029e+00  3.00021249e+00  3.00059256e+00
    3.00528907e+00  3.00008909e+00]
  [-5.12562761e+00 -2.76576337e+00 -5.11983876e+00 -1.03836205e+01
   -1.03976193e+01 -1.03935198e+01 -5.12568957e+00 -1.02973081e+01
   -1.03847534e+01 -1.03724830e+01]]

 [[ 1.90139665e-03  6.21223001e-02  5.70322138e-03  6.96395927e-04
    2.64759222e-03  1.21401042e-02  3.12674251e-03  1.79214050e-03
    1.16280331e-03  1.77866996e-03]
  [ 3.00007674e+00  3.00145102e+00  3.00467743e+00  3.00003724e+00
    3.00077917e+00  3.00009223e+00  3.00000215e+00  3.00001316e+00
    3.00010021e+00  3.00103836e+00]
  [-5.08694728e+00 -1.04024789e+01 -1.04009938e+01 -1.03912173e+01
   -1.03698962e+01 -1.03784929e+01 -1.04023231e+01 -1.04009807e+01
   -1.03975073e+01 -1.03823686e+01]]

 [[ 2.81712888e-02  9.19699662e-02  1.59698120e-01  9.87860629e-02
    5.84378921e-02  6.96594181e-02  1.94830990e-01  1.24347758e-01
    6.31630705e-02  1.32479058e-02]
  [ 3.00241475e+00  3.00065270e+00  3.00182763e+00  3.00056752e+00
    3.00310631e+00  3.00246685e+00  3.01558736e+00  3.01895904e+00
    3.00147058e+00  3.00392613e+00]
  [-1.02672744e+01 -1.03004821e+01 -1.00166276e+01 -4.90914342e+00
   -2.69932162e+00 -5.06546779e+00 -1.01872052e+01 -1.01779841e+01
   -1.01372819e+01 -3.71153319e+00]]]