[[[ 6.50549910e-05  7.66995058e-05  3.35887489e-05  3.85858879e-05
    7.20534792e-05  2.98714043e-05  8.21279456e-05  1.10093690e-04
    6.91858298e-05  4.08164240e-05]
  [ 3.00003274e+00  3.00001324e+00  3.00000095e+00  3.00002094e+00
    3.00000583e+00  3.00001110e+00  3.00000662e+00  3.00000025e+00
    3.00001847e+00  3.00000777e+00]
  [-1.83758220e+00 -3.72424269e+00 -1.83758937e+00 -5.12871040e+00
   -1.04028451e+01 -5.12880759e+00 -1.04025700e+01 -2.76587253e+00
   -3.72428360e+00 -3.72428837e+00]]

 [[ 7.98300047e-02  8.76764534e-02  5.48676528e-02  7.30464205e-02
    1.45415938e-01  4.88865484e-02  1.03336549e-01  7.84057168e-02
    9.89136022e-02  1.09116072e-01]
  [ 3.00098008e+00  3.00092546e+00  3.01459118e+00  3.00373935e+00
    3.00122727e+00  3.00183530e+00  3.00338602e+00  3.00491319e+00
    3.01294753e+00  3.00265374e+00]
  [-9.94263562e+00 -9.88001177e+00 -1.01069596e+01 -4.94518891e+00
   -9.83748912e+00 -1.03887891e+01 -9.81779565e+00 -1.02241942e+01
   -9.91092672e+00 -9.86528358e+00]]

 [[ 8.04878513e-02  8.60573779e-02  8.11097382e-02  7.29723170e-02
    6.73449226e-02  5.66973443e-02  1.40026179e-01  5.48627940e-02
    6.45371527e-02  3.21050866e-02]
  [ 3.00044472e+00  3.00920005e+00  3.00066796e+00  3.00216152e+00
    3.00661497e+00  3.00089501e+00  3.00070659e+00  3.00387076e+00
    3.00929917e+00  3.01124540e+00]
  [-4.99634213e+00 -1.83436310e+00 -1.01354364e+01 -4.98915088e+00
   -1.02399105e+01 -9.98972576e+00 -5.05998458e+00 -1.02937042e+01
   -1.00797934e+01 -1.02282601e+01]]

 [[ 2.85462836e-02  4.58106317e-02  4.68535231e-02  5.95930818e-02
    4.38701131e-02  3.23997584e-02  5.58544453e-02  1.07417920e-02
    5.47316141e-02  4.42877186e-02]
  [ 3.00265034e+00  3.00616392e+00  3.00251660e+00  3.00032041e+00
    3.00176841e+00  3.00561666e+00  3.00087108e+00  3.00194234e+00
    3.00005411e+00  3.00499961e+00]
  [-1.00569006e+01 -5.91555402e+00 -1.02009771e+01 -5.06245224e+00
   -5.09905983e+00 -1.01219256e+01 -5.12429065e+00 -1.02302593e+01
   -1.02043542e+01 -1.00686131e+01]]

 [[ 5.32158423e-01  5.13289509e-01  3.35521625e-01  5.43039335e-01
    3.24489667e-01  4.03593808e-01  3.02124657e-01  5.26544562e-01
    2.95075323e-01  3.09864019e-01]
  [ 3.04261650e+00  3.12601684e+00  3.00047633e+00  3.04448824e+00
    3.03637863e+00  3.04454237e+00  3.02838973e+00  3.10135638e+00
    3.10344267e+00  3.00735584e+00]
  [-9.05776702e+00 -8.49556368e+00 -7.98597743e+00 -8.08172998e+00
   -1.00496329e+01 -9.09540345e+00 -8.30707473e+00 -8.90065679e+00
   -7.33697570e+00 -8.64197332e+00]]

 [[ 3.42780403e-01  2.34632607e-01  4.05418251e-01  4.83123326e-01
    4.01341845e-01  2.16978914e-01  3.04561153e-01  4.27470868e-01
    4.40521253e-01  2.94069772e-01]
  [ 3.00354477e+00  3.09198359e+00  3.06234727e+00  3.01000314e+00
    3.01733370e+00  3.00125916e+00  3.06744384e+00  3.01002968e+00
    3.00399170e+00  3.00609529e+00]
  [-9.72925525e+00 -9.32876801e+00 -9.12655592e+00 -8.58158383e+00
   -4.83472186e+00 -1.02085384e+01 -9.30451491e+00 -4.77565125e+00
   -9.43699522e+00 -9.75252790e+00]]

 [[ 1.40631744e-01  2.96937528e-01  1.93036879e-01  2.21709990e-01
    1.58844717e-01  1.44411412e-01  1.82456179e-01  2.61327447e-01
    2.06377866e-01  1.24116031e-01]
  [ 3.03238363e+00  3.00781514e+00  3.01839128e+00  3.02451232e+00
    3.00238990e+00  3.03107617e+00  3.00317470e+00  3.03116493e+00
    3.00043585e+00  3.00866161e+00]
  [-9.21346583e+00 -9.53388352e+00 -9.03338715e+00 -9.52291865e+00
   -4.78216649e+00 -5.26462899e+00 -9.58373604e+00 -9.07733072e+00
   -1.01235561e+01 -9.07794674e+00]]

 [[ 8.73613023e-01  1.38001968e+00  4.70442848e-01  6.80257923e-01
    2.02501873e+00  1.27662535e+00  7.65334235e-01  1.49353300e+00
    1.78962352e+00  1.02301944e+00]
  [ 3.00106587e+00  3.06052691e+00  3.10723374e+00  3.05362149e+00
    3.14407176e+00  3.04172391e+00  3.12274046e+00  3.04583583e+00
    3.00081167e+00  3.11849424e+00]
  [-8.49982829e+00 -7.76805958e+00 -6.36301245e+00 -8.90697155e+00
   -7.85446538e+00 -6.67801471e+00 -5.60255918e+00 -6.41891559e+00
   -5.19536768e+00 -4.79955589e+00]]

 [[ 1.21427122e+00  6.58329205e-01  9.04237098e-01  6.06991439e-01
    4.75763755e-01  3.81555168e-01  1.23071398e+00  1.24655354e+00
    4.79212175e-01  4.70866572e-01]
  [ 3.03879622e+00  3.05140521e+00  3.07749900e+00  3.00053072e+00
    3.04639105e+00  3.00038572e+00  3.20349319e+00  3.08027542e+00
    3.07398038e+00  3.09418968e+00]
  [-7.22836719e+00 -8.30726281e+00 -7.65209829e+00 -8.35496036e+00
   -6.13784944e+00 -5.51526880e+00 -3.95813325e+00 -6.63392347e+00
   -4.65978176e+00 -5.22007753e+00]]

 [[ 2.28154477e-01  6.29824555e-01  7.31444765e-01  6.64308382e-01
    7.13374025e-01  3.77598366e-01  9.92628990e-01  5.83988879e-01
    9.54698725e-01  6.98443900e-01]
  [ 3.05725247e+00  3.01930508e+00  3.00746078e+00  3.00471806e+00
    3.00636648e+00  3.00726388e+00  3.01857539e+00  3.00250499e+00
    3.05779598e+00  3.00925152e+00]
  [-5.21155625e+00 -7.36698987e+00 -8.65626224e+00 -7.91711451e+00
   -4.52441015e+00 -8.93289223e+00 -9.17274720e+00 -8.71720669e+00
   -7.94259508e+00 -8.36251414e+00]]

 [[ 9.30472028e+00  7.88507829e+00  9.15225126e+00  6.45025429e+00
    7.40560863e+00  9.66233391e+00  8.88035880e+00  8.79872243e+00
    9.42672643e+00  3.17700268e+00]
  [ 3.35295640e+00  3.00441255e+00  3.36777727e+00  3.00036228e+00
    3.14596248e+00  4.12218291e+00  3.87771336e+00  3.42738138e+00
    3.35751452e+00  3.21059654e+00]
  [-5.35372208e+00 -3.96329131e+00 -2.97274759e+00 -3.01339043e+00
   -5.36596395e+00 -3.78415728e+00 -5.95316906e+00 -3.28958811e+00
   -4.30287489e+00 -3.32311849e+00]]

 [[ 5.04909903e+00  7.21359559e+00  8.36051370e+00  3.26842589e+00
    3.73589264e+00  5.21234962e+00  6.66011819e+00  4.43403492e+00
    2.36640653e+00  4.04324889e+00]
  [ 3.36424181e+00  3.06845349e+00  3.04956008e+00  3.15378810e+00
    3.18865666e+00  3.08233100e+00  3.13808644e+00  3.08313146e+00
    3.15523818e+00  3.11040873e+00]
  [-5.71860940e+00 -6.28044700e+00 -4.28732744e+00 -3.09314972e+00
   -6.37302472e+00 -4.34214338e+00 -3.37249744e+00 -2.42856306e+00
   -6.42819627e+00 -2.99928744e+00]]

 [[ 3.58663592e+00  8.78168342e-01  1.51820082e+00  2.28913410e+00
    1.95532061e+00  3.94522485e+00  3.44822862e+00  2.67537935e+00
    2.82517752e+00  1.94158248e+00]
  [ 3.14274200e+00  3.27925515e+00  3.44282225e+00  3.49131458e+00
    3.10150551e+00  3.04417263e+00  3.02896926e+00  3.09097531e+00
    3.07040961e+00  3.29072566e+00]
  [-2.74118984e+00 -4.89194354e+00 -6.72572770e+00 -2.80010865e+00
   -2.95375032e+00 -4.33585891e+00 -4.28770330e+00 -4.95877523e+00
   -5.01293757e+00 -7.34454688e+00]]

 [[ 3.06960073e+01  1.99129081e+01  3.16564957e+01  2.01494737e+01
    1.43663752e+01  4.05860692e+01  3.72784113e+01  2.48258284e+01
    4.57681168e+01  1.41215209e+01]
  [ 4.02433554e+00  3.46448087e+00  4.74657410e+00  5.97645530e+00
    5.00229051e+00  7.10802682e+00  1.34026439e+01  7.23266502e+00
    4.45627505e+00  3.81154325e+00]
  [-1.71383160e+00 -1.58111374e+00 -1.69814182e+00 -1.62127409e+00
   -1.28745799e+00 -1.83692794e+00 -1.51163199e+00 -1.24794359e+00
   -1.37065317e+00 -1.23686962e+00]]

 [[ 1.19191566e+01  2.51987100e+01  2.20825339e+01  2.22524547e+01
    2.74563662e+01  2.10124749e+01  1.98920166e+01  2.74144431e+01
    2.92487299e+01  2.09157764e+01]
  [ 3.35007711e+00  5.68478642e+00  3.90197175e+00  4.27406821e+00
    4.09748379e+00  4.45924932e+00  3.19906612e+00  3.04151877e+00
    6.30112136e+00  4.01990652e+00]
  [-1.41355392e+00 -1.81674568e+00 -1.41422006e+00 -1.56897671e+00
   -2.11381782e+00 -1.66314188e+00 -1.86835253e+00 -1.42884781e+00
   -1.93655693e+00 -3.04252161e+00]]

 [[ 9.22100133e+00  2.09378521e+01  2.00997271e+01  1.36679783e+01
    1.94725354e+01  1.24293814e+01  1.36733302e+01  1.23423442e+01
    2.26335671e+01  1.67241740e+01]
  [ 4.88520005e+00  3.50911892e+00  3.08638529e+00  3.44982448e+00
    4.81687845e+00  4.38781492e+00  5.40542205e+00  3.26040380e+00
    7.05887392e+00  3.08167888e+00]
  [-2.65064995e+00 -2.09108062e+00 -2.35421096e+00 -1.93475064e+00
   -1.95787859e+00 -2.08366051e+00 -1.91224843e+00 -1.29580322e+00
   -1.70609914e+00 -2.65113963e+00]]

 [[ 6.24809661e-04  3.21361225e-04  5.90514599e-04  3.83040268e-04
    3.82504688e-04  2.99274729e-04  2.54337427e-04  4.00204677e-04
    3.38229187e-04  5.11035383e-04]
  [ 3.00000853e+00  3.00000111e+00  3.00000427e+00  3.00000771e+00
    3.00002220e+00  3.00001091e+00  3.00001372e+00  3.00005337e+00
    3.00000535e+00  3.00000786e+00]
  [-5.08730413e+00 -3.72405972e+00 -1.04016436e+01 -2.76581899e+00
   -1.04028709e+01 -3.72413742e+00 -1.04012934e+01 -1.04021603e+01
   -1.04023403e+01 -5.12834350e+00]]

 [[ 2.45154563e-04  2.76639443e-04  4.12199265e-04  1.96988915e-04
    2.35658186e-04  2.12832966e-04  2.77878420e-04  1.66523244e-04
    1.98015105e-04  1.26127168e-04]
  [ 3.00000691e+00  3.00001279e+00  3.00005983e+00  3.00002129e+00
    3.00001331e+00  3.00000180e+00  3.00001445e+00  3.00001569e+00
    3.00001020e+00  3.00000888e+00]
  [-2.75188533e+00 -1.04022851e+01 -5.12861929e+00 -1.04005475e+01
   -1.04025012e+01 -1.04016602e+01 -3.72421205e+00 -3.72418056e+00
   -3.72422144e+00 -2.75187918e+00]]

 [[ 8.73290630e-05  2.10974157e-04  1.08059432e-04  2.17692850e-04
    1.19942367e-04  1.65412203e-04  2.51970273e-04  1.73697165e-04
    1.95750638e-04  1.64185074e-04]
  [ 3.00001236e+00  3.00000787e+00  3.00000690e+00  3.00000454e+00
    3.00000677e+00  3.00000240e+00  3.00002669e+00  3.00000608e+00
    3.00000659e+00  3.00001573e+00]
  [-5.08752275e+00 -2.76585512e+00 -1.83754509e+00 -1.04025605e+01
   -5.08744202e+00 -3.72421735e+00 -3.72420194e+00 -2.75187908e+00
   -5.12845199e+00 -2.75185526e+00]]

 [[ 2.34629772e-01  2.70388492e-01  2.66033172e-01  1.83264291e-01
    1.21235913e-01  2.72434914e-01  2.69394589e-01  1.47656334e-01
    2.22027158e-01  2.14938230e-01]
  [ 3.01235449e+00  3.00145452e+00  3.00234977e+00  3.00156866e+00
    3.00943919e+00  3.00119214e+00  3.01254473e+00  3.00811174e+00
    3.01121139e+00  3.01476459e+00]
  [-1.00584053e+01 -9.69042183e+00 -9.33635984e+00 -9.18181400e+00
   -4.98138966e+00 -9.61845595e+00 -9.38854076e+00 -9.37797874e+00
   -9.37667408e+00 -6.89946495e+00]]

 [[ 1.90438048e-01  2.81530784e-01  2.11984601e-01  1.20373057e-01
    1.42196616e-01  1.68971144e-01  1.95545519e-01  1.22148898e-01
    1.16578006e-01  1.51765595e-01]
  [ 3.00483154e+00  3.00486374e+00  3.00442154e+00  3.04149929e+00
    3.00609222e+00  3.01051807e+00  3.01430760e+00  3.00315743e+00
    3.00535819e+00  3.00503924e+00]
  [-9.60848207e+00 -9.68487551e+00 -1.01423780e+01 -5.02471223e+00
   -4.91970680e+00 -9.93450121e+00 -2.75941614e+00 -1.01108891e+01
   -1.03054133e+01 -9.76261159e+00]]

 [[ 1.12777564e-01  9.40628849e-02  1.70246486e-01  1.31131767e-01
    6.48483313e-02  6.65274076e-02  7.43879196e-02  6.70332565e-02
    1.17080651e-01  1.85859874e-01]
  [ 3.00690739e+00  3.00666930e+00  3.00233684e+00  3.00600544e+00
    3.01767040e+00  3.00399774e+00  3.00082498e+00  3.00284837e+00
    3.00304488e+00  3.00260450e+00]
  [-5.01751205e+00 -1.02200092e+01 -4.96076874e+00 -1.01565800e+01
   -5.03557838e+00 -1.03275013e+01 -1.02255728e+01 -5.07087336e+00
   -9.95071238e+00 -9.86942860e+00]]

 [[ 6.69106369e-01  1.18660254e+00  9.12863391e-01  1.07616032e+00
    1.19244974e+00  1.21214903e+00  1.98838510e+00  1.46836953e+00
    1.59396505e+00  9.14451579e-01]
  [ 3.02024858e+00  3.06628242e+00  3.02755109e+00  3.01043225e+00
    3.03382340e+00  3.00068454e+00  3.03332440e+00  3.02433381e+00
    3.03794484e+00  3.10223264e+00]
  [-8.78477710e+00 -7.45459661e+00 -8.88237693e+00 -2.45340648e+00
   -6.20976977e+00 -6.04413996e+00 -7.15348970e+00 -6.88173053e+00
   -7.24267815e+00 -7.54629969e+00]]

 [[ 5.60613781e-01  3.45330319e-01  8.11507851e-01  5.29235234e-01
    1.50959863e+00  4.11087159e-01  1.29782900e+00  9.51122820e-01
    1.92198800e-01  1.13902391e+00]
  [ 3.00245523e+00  3.05488093e+00  3.02862060e+00  3.04925319e+00
    3.08217361e+00  3.02864842e+00  3.03567612e+00  3.06664894e+00
    3.00054760e+00  3.11864144e+00]
  [-3.19786093e+00 -7.82864432e+00 -7.79812321e+00 -5.67806758e+00
   -8.81211821e+00 -8.18196272e+00 -8.29031751e+00 -7.82274211e+00
   -4.91139554e+00 -9.06092828e+00]]

 [[ 4.45716468e-01  5.60090245e-01  6.85731412e-01  2.61291852e-01
    3.13576849e-01  8.17065087e-01  4.76549057e-01  5.21125217e-01
    6.76074540e-01  7.76582897e-01]
  [ 3.01587501e+00  3.00035898e+00  3.01241325e+00  3.04969174e+00
    3.03392705e+00  3.05829622e+00  3.00013164e+00  3.01604230e+00
    3.00590294e+00  3.01153011e+00]
  [-8.72402200e+00 -2.85403195e+00 -7.04837508e+00 -6.86430991e+00
   -1.01332541e+01 -8.43790782e+00 -8.74483847e+00 -4.57626902e+00
   -8.93381539e+00 -6.88185553e+00]]

 [[ 9.87637449e-01  2.76411438e+00  3.40801017e+00  4.07642712e+00
    3.46928035e+00  3.75395275e+00  2.40432705e+00  2.72487853e+00
    2.60468480e+00  2.52239731e+00]
  [ 3.03592310e+00  3.22295125e+00  3.13283307e+00  3.11513381e+00
    3.48828175e+00  3.19130944e+00  3.01668060e+00  3.00521848e+00
    3.15207474e+00  3.10923999e+00]
  [-3.83682107e+00 -3.00557479e+00 -4.83795906e+00 -4.32412435e+00
   -4.63547511e+00 -2.64818621e+00 -6.06965298e+00 -7.68186440e+00
   -3.05236703e+00 -5.06694028e+00]]

 [[ 3.07183662e+00  3.81861823e+00  2.42071627e+00  2.18122480e+00
    2.08356942e+00  2.14206544e+00  1.84187395e+00  1.23558166e+00
    3.60268353e+00  2.06366798e+00]
  [ 3.13164972e+00  3.16909233e+00  3.28643204e+00  3.08086906e+00
    3.15020580e+00  3.19777675e+00  3.02846260e+00  3.29215120e+00
    3.45079160e+00  3.09537040e+00]
  [-5.43433912e+00 -7.36471757e+00 -4.47754638e+00 -4.24704071e+00
   -4.80102850e+00 -9.20054879e+00 -4.41053342e+00 -3.50380738e+00
   -8.37228651e+00 -4.28233708e+00]]

 [[ 9.77320175e-01  2.61471315e+00  1.49691141e+00  1.56342416e+00
    2.78348424e+00  1.81543473e+00  1.25693423e+00  1.98759440e+00
    1.55238861e+00  2.29184675e+00]
  [ 3.15845846e+00  3.08446436e+00  3.03074345e+00  3.02459662e+00
    3.08625190e+00  3.13555314e+00  3.05209784e+00  3.02345030e+00
    3.13184176e+00  3.15624098e+00]
  [-4.13782688e+00 -7.18428472e+00 -5.07243397e+00 -3.35717114e+00
   -4.53713128e+00 -6.15853622e+00 -5.95257032e+00 -6.76957642e+00
   -6.79235812e+00 -4.48288162e+00]]

 [[ 1.19203579e+01  1.61476225e+01  1.53808104e+01  3.55394610e+01
    6.48179888e+00  1.54735941e+01  9.05136612e+00  9.81226735e+00
    9.37927844e+00  4.85075789e+00]
  [ 3.23818858e+00  3.77445046e+00  3.41181145e+00  3.61611984e+00
    3.36808117e+00  3.35553855e+00  3.31268934e+00  3.05928674e+00
    5.30363647e+00  3.08625463e+00]
  [-1.94088165e+00 -1.42394659e+00 -1.44867706e+00 -1.69824028e+00
   -2.95348518e+00 -1.68687684e+00 -3.31440614e+00 -2.57756668e+00
   -3.14167552e+00 -3.36772526e+00]]

 [[ 2.26514481e+01  8.84613734e+00  1.85736490e+01  8.22791731e+00
    7.05242442e+00  4.72993710e+00  1.04763639e+01  1.18744154e+01
    1.05780003e+01  5.44616409e+00]
  [ 3.09373265e+00  3.06446787e+00  3.61960925e+00  5.63747513e+00
    4.20303049e+00  3.00174173e+00  3.89176835e+00  3.88967983e+00
    5.10441385e+00  3.32123651e+00]
  [-1.36912136e+00 -2.29443550e+00 -1.68928199e+00 -2.94019602e+00
   -1.92620594e+00 -2.31760019e+00 -1.63059513e+00 -1.82032510e+00
   -2.27274633e+00 -2.85468364e+00]]

 [[ 1.44102031e+01  9.11340538e+00  6.43676123e+00  7.19370648e+00
    5.95786458e+00  5.74027492e+00  1.58956461e+01  3.52014606e+00
    7.05458980e+00  8.00686123e+00]
  [ 3.01583477e+00  3.05774703e+00  3.11763863e+00  3.21880717e+00
    3.45194004e+00  3.10852702e+00  3.13003358e+00  3.20452026e+00
    3.38512668e+00  3.04621463e+00]
  [-3.06880203e+00 -2.70244265e+00 -6.65032419e+00 -2.18597031e+00
   -2.16947031e+00 -2.98245796e+00 -3.27702005e+00 -2.06800843e+00
   -6.34451341e+00 -2.00896268e+00]]

 [[ 1.10591491e+02  1.15470719e+02  9.63317486e+01  6.86213112e+01
    7.21242889e+01  4.18658891e+01  1.45353071e+02  1.66686814e+02
    3.85450271e+01  6.56548357e+01]
  [ 6.13321029e+00  8.33850198e+00  7.36218491e+00  4.08939254e+00
    3.18375333e+00  1.05595395e+01  3.73822431e+00  4.23025862e+00
    2.49304396e+01  1.22500318e+01]
  [-9.90276877e-01 -2.34507895e+00 -2.74885383e+00 -2.01646169e+00
   -1.29366262e+00 -9.90564497e-01 -9.13856817e-01 -6.94824640e-01
   -1.27390740e+00 -1.64748347e+00]]

 [[ 5.68204018e+01  7.50137058e+01  5.85681262e+01  9.30623421e+01
    6.73985302e+01  1.28289276e+02  4.24172953e+01  7.88130243e+01
    4.10147709e+01  4.18142845e+01]
  [ 5.78076136e+00  3.69642268e+00  3.72509890e+00  7.91048215e+00
    3.20653346e+00  1.65725387e+01  3.00294453e+00  8.32194663e+00
    3.64053745e+00  3.54017874e+00]
  [-1.08521258e+00 -1.74979819e+00 -1.84022571e+00 -1.32870800e+00
   -1.02844445e+00 -1.55077870e+00 -1.55908425e+00 -1.57843961e+00
   -1.49024970e+00 -1.08647359e+00]]

 [[ 3.98075600e+01  5.62865103e+01  7.67300514e+01  4.01178985e+01
    3.55880600e+01  2.66607844e+01  4.09515256e+01  5.17246588e+01
    4.54757074e+01  5.16905591e+01]
  [ 5.01412961e+00  3.92320251e+00  6.04936173e+00  3.38624557e+00
    6.11939089e+00  3.63416764e+00  3.14728837e+00  6.63880776e+00
    3.20051205e+00  2.51027308e+01]
  [-2.36384014e+00 -1.11003878e+00 -9.49087306e-01 -1.25184253e+00
   -1.65643846e+00 -1.64802349e+00 -1.27333589e+00 -7.80999572e-01
   -1.60610526e+00 -8.61582304e-01]]

 [[ 2.51371623e-04  4.40539895e-04  2.88164147e-04  5.49355587e-04
    3.35619367e-04  4.11844195e-04  4.17774719e-04  5.45487581e-04
    5.26223481e-04  3.22864911e-04]
  [ 3.00000348e+00  3.00000034e+00  3.00000081e+00  3.00000203e+00
    3.00002900e+00  3.00000154e+00  3.00000055e+00  3.00000517e+00
    3.00000026e+00  3.00000438e+00]
  [-2.76585690e+00 -2.76578717e+00 -5.08743796e+00 -5.12848005e+00
   -1.83758362e+00 -2.76587568e+00 -1.83754630e+00 -2.75179411e+00
   -5.12841304e+00 -1.04018672e+01]]

 [[ 1.82838178e-04  6.20467818e-05  3.38190257e-04  2.29622352e-04
    2.73262447e-04  1.67204263e-04  2.15993968e-04  3.14566496e-04
    4.22277668e-04  1.45558520e-04]
  [ 3.00000261e+00  3.00000502e+00  3.00000358e+00  3.00000247e+00
    3.00000363e+00  3.00000433e+00  3.00000964e+00  3.00000023e+00
    3.00000909e+00  3.00000389e+00]
  [-3.72418153e+00 -1.04028335e+01 -5.12874842e+00 -1.04018927e+01
   -2.75190197e+00 -2.76584467e+00 -1.83755436e+00 -5.12852271e+00
   -3.72420176e+00 -2.76584966e+00]]

 [[ 1.37709109e-04  1.89866122e-04  1.57070683e-04  1.56075000e-04
    1.82234448e-04  2.56782713e-04  1.57643713e-04  1.82594727e-04
    2.83903386e-04  1.62396937e-04]
  [ 3.00000329e+00  3.00000228e+00  3.00002395e+00  3.00001033e+00
    3.00001798e+00  3.00000603e+00  3.00000574e+00  3.00000414e+00
    3.00000273e+00  3.00000557e+00]
  [-5.08748817e+00 -1.04021682e+01 -5.08738174e+00 -3.72423862e+00
   -5.12858343e+00 -5.12854882e+00 -5.12862804e+00 -5.12876691e+00
   -1.04020841e+01 -3.72427358e+00]]

 [[ 3.56739260e-01  2.47444496e-01  2.24765354e-01  1.66030231e-01
    1.96487961e-01  2.09135648e-01  1.80260579e-01  4.47878355e-01
    2.81813002e-01  2.07063143e-01]
  [ 3.01399984e+00  3.00147585e+00  3.00364588e+00  3.00339899e+00
    3.00909126e+00  3.00485114e+00  3.02256158e+00  3.00360123e+00
    3.00114276e+00  3.00992144e+00]
  [-9.03948663e+00 -9.35132752e+00 -1.01355147e+01 -9.06409772e+00
   -9.91084273e+00 -9.10463681e+00 -9.61698714e+00 -9.71717900e+00
   -9.71317542e+00 -5.01463356e+00]]

 [[ 4.34742710e-01  1.72301918e-01  9.13240180e-02  1.66869951e-01
    2.50229595e-01  9.10316028e-02  1.22779849e-01  1.49809309e-01
    2.61423169e-01  1.52736674e-01]
  [ 3.00124618e+00  3.01768769e+00  3.00398776e+00  3.00216214e+00
    3.01424203e+00  3.01330297e+00  3.01065045e+00  3.00074651e+00
    3.00473467e+00  3.00471385e+00]
  [-9.67353726e+00 -1.02148006e+01 -9.93681171e+00 -5.05992984e+00
   -4.99908162e+00 -9.82823259e+00 -9.61955683e+00 -9.61015576e+00
   -1.02500510e+01 -1.00737816e+01]]

 [[ 1.51185358e-01  4.89221410e-02  1.31547913e-01  9.38734814e-02
    1.03628510e-01  1.00425571e-01  9.05711861e-02  1.40011731e-01
    4.31710214e-02  7.38848291e-02]
  [ 3.00332730e+00  3.00158984e+00  3.00119819e+00  3.00049790e+00
    3.00127085e+00  3.00237227e+00  3.00522589e+00  3.00160674e+00
    3.00214701e+00  3.00173861e+00]
  [-1.02020544e+01 -1.00756300e+01 -9.98488960e+00 -5.05280606e+00
   -9.82904415e+00 -1.01373392e+01 -5.05152661e+00 -1.00906404e+01
   -1.01452825e+01 -1.02514015e+01]]

 [[ 2.68343906e+00  1.00422770e+00  1.41765383e+00  1.40027668e+00
    6.00276432e-01  9.00411324e-01  1.02971314e+00  1.16976082e+00
    9.47435126e-01  7.63887252e-01]
  [ 3.00874355e+00  3.01020040e+00  3.01985043e+00  3.01031284e+00
    3.04925969e+00  3.00220805e+00  3.01826541e+00  3.02215320e+00
    3.01641426e+00  3.01776884e+00]
  [-7.48613647e+00 -7.25900239e+00 -6.47046239e+00 -8.88437405e+00
   -7.74107116e+00 -4.56496429e+00 -8.89035369e+00 -7.28510166e+00
   -5.63632861e+00 -5.30757077e+00]]

 [[ 9.17837635e-01  4.70062911e-01  1.26859314e+00  1.28663536e+00
    6.97796303e-01  8.48358914e-01  1.40282056e+00  4.91355072e-01
    6.36832647e-01  7.80413099e-01]
  [ 3.02297798e+00  3.00474263e+00  3.00643761e+00  3.01280911e+00
    3.01736904e+00  3.00531813e+00  3.01580783e+00  3.03058242e+00
    3.02723545e+00  3.01820804e+00]
  [-8.39495665e+00 -7.75979671e+00 -9.43681690e+00 -4.80487824e+00
   -9.56232121e+00 -8.04271896e+00 -6.01642190e+00 -7.82781497e+00
   -7.63492787e+00 -7.32374449e+00]]

 [[ 6.70811910e-01  4.03508552e-01  1.13577855e-01  4.41908663e-01
    5.40623871e-01  3.60566505e-01  4.32524110e-01  1.28068934e+00
    5.89982245e-01  8.42810847e-01]
  [ 3.01252116e+00  3.01739977e+00  3.01649668e+00  3.00234368e+00
    3.00152767e+00  3.03635045e+00  3.01970670e+00  3.00142360e+00
    3.00778356e+00  3.00215119e+00]
  [-8.91978370e+00 -8.62533627e+00 -6.90540814e+00 -8.58737887e+00
   -7.71853532e+00 -9.10422518e+00 -9.18514409e+00 -8.99834350e+00
   -8.32071063e+00 -8.00100930e+00]]

 [[ 2.76708339e+00  2.97867765e+00  2.32960581e+00  4.44878077e+00
    4.04942034e+00  3.23887090e+00  4.80092971e+00  2.88417715e+00
    2.11246254e+00  2.70075340e+00]
  [ 3.34675548e+00  3.08292186e+00  3.31533569e+00  3.05159119e+00
    3.10071696e+00  3.03505022e+00  3.18691473e+00  3.00074059e+00
    3.19165025e+00  3.03370688e+00]
  [-3.74256998e+00 -5.94241286e+00 -4.25804913e+00 -7.80547317e+00
   -4.36761909e+00 -6.49614906e+00 -5.37104196e+00 -7.64127373e+00
   -9.33818672e+00 -6.66206715e+00]]

 [[ 1.50322373e+00  4.00918930e+00  2.36697779e+00  2.86914980e+00
    3.58982536e+00  9.66493276e-01  2.38192658e+00  2.26788709e+00
    1.64189583e+00  1.78355109e+00]
  [ 3.00318577e+00  3.01530777e+00  3.12062519e+00  3.00432889e+00
    3.00465806e+00  3.02996019e+00  3.01929105e+00  3.16932043e+00
    3.00991854e+00  3.08720791e+00]
  [-5.13455855e+00 -6.96143703e+00 -7.37853705e+00 -4.79942952e+00
   -5.60514186e+00 -9.03058253e+00 -7.68529300e+00 -5.95811224e+00
   -5.37746154e+00 -4.11777376e+00]]

 [[ 1.16963744e+00  1.62168454e+00  1.38526346e+00  2.22379346e+00
    1.10777824e+00  2.04057970e+00  9.70843468e-01  2.82499538e+00
    8.33301768e-01  1.50918885e+00]
  [ 3.01568615e+00  3.00415167e+00  3.00751160e+00  3.00384281e+00
    3.03569099e+00  3.03304298e+00  3.10724820e+00  3.00046246e+00
    3.00536548e+00  3.04125179e+00]
  [-5.82004567e+00 -4.51209627e+00 -5.68011219e+00 -5.90690694e+00
   -8.58716516e+00 -7.68589027e+00 -5.55357428e+00 -6.57858169e+00
   -7.18475726e+00 -7.12400532e+00]]

 [[ 1.45099325e+01  1.86894798e+01  8.15528820e+00  2.29220722e+01
    1.11118591e+01  1.19838273e+01  5.53014706e+00  7.83485656e+00
    2.49638404e+01  1.34458413e+01]
  [ 3.22875695e+00  4.81759124e+00  3.23770806e+00  3.49004154e+00
    3.08311903e+00  3.25744670e+00  3.13156647e+00  3.07724787e+00
    4.04994075e+00  3.23903335e+00]
  [-3.42051451e+00 -2.07194217e+00 -2.66983228e+00 -4.95751393e+00
   -2.10563359e+00 -3.99441286e+00 -2.44004686e+00 -2.76969249e+00
   -4.16067671e+00 -3.81969196e+00]]

 [[ 7.59033850e+00  5.73147427e+00  5.68272179e+00  5.70370562e+00
    1.12665982e+01  9.25266221e+00  1.11170948e+01  1.10008168e+01
    2.11344914e+01  9.19480287e+00]
  [ 4.75377137e+00  3.45923383e+00  3.03120083e+00  3.23481317e+00
    3.22805508e+00  3.79332128e+00  3.15115590e+00  3.55531515e+00
    3.14104144e+00  3.22956769e+00]
  [-3.58016645e+00 -4.39837700e+00 -2.83963304e+00 -2.53177838e+00
   -2.45567056e+00 -2.09853238e+00 -3.05295703e+00 -4.18431414e+00
   -2.83724971e+00 -2.02704365e+00]]

 [[ 6.00902885e+00  7.17369326e+00  6.90496005e+00  1.93087158e+01
    7.60218355e+00  1.02401645e+01  7.68538949e+00  5.44928935e+00
    5.71537662e+00  4.55034914e+00]
  [ 3.68805136e+00  3.29823534e+00  3.03965557e+00  3.03393231e+00
    3.40253139e+00  3.00078613e+00  3.00316854e+00  3.17119582e+00
    3.47293379e+00  3.44885465e+00]
  [-2.08129050e+00 -3.79043702e+00 -4.10295948e+00 -2.84207283e+00
   -1.97897137e+00 -5.83032159e+00 -2.24614270e+00 -5.71939387e+00
   -2.62134396e+00 -3.72600097e+00]]

 [[ 7.76747881e+01  1.37423013e+02  1.03463843e+02  1.36984972e+02
    2.65327197e+01  5.43275908e+01  3.44771536e+01  8.18353494e+01
    6.57980320e+01  3.83807769e+01]
  [ 4.35657877e+00  6.50843818e+00  1.26807942e+01  3.04550853e+00
    5.27418309e+00  5.12790199e+00  5.05044057e+00  3.62112706e+00
    3.66494603e+00  3.21420096e+00]
  [-1.06890082e+00 -1.44823194e+00 -2.33887361e+00 -1.04784485e+00
   -1.16582376e+00 -1.64965087e+00 -1.28823967e+00 -9.82252448e-01
   -9.34533902e-01 -2.50698250e+00]]

 [[ 5.45056077e+01  1.17716420e+02  1.19022718e+02  7.06253534e+01
    1.19055456e+02  9.55233615e+01  3.71336645e+01  8.91165198e+01
    9.16722622e+01  9.70323099e+01]
  [ 3.84521612e+00  5.32555953e+00  5.98944678e+00  3.89057114e+00
    7.17516218e+00  3.13329397e+00  3.95270246e+00  3.50222427e+00
    5.93051501e+00  3.30622116e+00]
  [-1.56896215e+00 -2.22167505e+00 -1.23037183e+00 -1.15947098e+00
   -2.10022893e+00 -1.53936989e+00 -1.77392510e+00 -4.92684690e+00
   -8.44268710e-01 -1.37419347e+00]]

 [[ 2.69613014e+01  4.87431617e+01  3.34996293e+01  4.57095924e+01
    4.70867287e+01  5.01971180e+01  3.10052687e+01  4.40680601e+01
    4.28627620e+01  6.50371798e+01]
  [ 4.91182560e+00  4.73350045e+00  3.33929184e+00  3.84046899e+00
    3.49667262e+00  3.29917255e+00  4.26847258e+00  3.17554418e+00
    3.95001288e+00  3.20883588e+00]
  [-1.56395649e+00 -1.25476830e+00 -1.24369103e+00 -8.29802813e-01
   -2.01779161e+00 -2.01627447e+00 -1.66021947e+00 -2.35333309e+00
   -6.06610792e+00 -2.15970700e+00]]

 [[ 7.41699947e-04  6.76891900e-04  6.52191587e-04  7.76781878e-04
    3.05611221e-04  9.04891455e-04  8.50315207e-04  9.84424968e-04
    8.09349723e-04  1.06278246e-03]
  [ 3.00001525e+00  3.00001110e+00  3.00001752e+00  3.00006160e+00
    3.00002024e+00  3.00000060e+00  3.00001174e+00  3.00000392e+00
    3.00002542e+00  3.00001166e+00]
  [-1.03988214e+01 -3.72389844e+00 -2.76574922e+00 -5.12842385e+00
   -1.83752930e+00 -1.04012739e+01 -3.72377963e+00 -2.75187542e+00
   -5.12836454e+00 -2.75185494e+00]]

 [[ 6.35024448e-04  3.43358289e-04  5.67548749e-04  3.39693080e-04
    9.36114521e-04  3.78206933e-04  7.54436975e-04  3.87527635e-04
    3.71537261e-04  5.28577267e-04]
  [ 3.00001603e+00  3.00001306e+00  3.00000466e+00  3.00001041e+00
    3.00001167e+00  3.00000311e+00  3.00002343e+00  3.00000312e+00
    3.00000339e+00  3.00001608e+00]
  [-5.12850522e+00 -1.04017727e+01 -1.04018739e+01 -5.08749299e+00
   -2.76588262e+00 -1.04015193e+01 -1.04019837e+01 -5.12874119e+00
   -1.04023267e+01 -3.72411017e+00]]

 [[ 3.78074335e-04  3.75737863e-04  7.62390591e-04  5.39685506e-04
    5.84889226e-04  3.02706883e-04  2.16105950e-04  2.25218835e-04
    8.21427783e-04  2.65656722e-04]
  [ 3.00000614e+00  3.00000457e+00  3.00000063e+00  3.00000479e+00
    3.00001280e+00  3.00001405e+00  3.00000647e+00  3.00000594e+00
    3.00000532e+00  3.00000653e+00]
  [-2.76588088e+00 -2.76582044e+00 -1.04027752e+01 -1.04021970e+01
   -1.04017298e+01 -5.12867853e+00 -2.75191114e+00 -3.72418467e+00
   -1.04028703e+01 -1.04018721e+01]]

 [[ 3.06300248e-01  5.99618207e-01  1.82170183e-01  5.98222932e-01
    7.83906131e-01  2.82071145e+00  3.64701107e-01  3.07612230e-01
    1.71678017e-01  3.20272446e-01]
  [ 3.01539120e+00  3.00040471e+00  3.01179306e+00  3.02272318e+00
    3.00054111e+00  3.01067682e+00  3.00598458e+00  3.00236350e+00
    3.00169627e+00  3.03044202e+00]
  [-1.01061135e+01 -9.49630173e+00 -9.37332993e+00 -5.08235097e+00
   -5.71312059e+00 -1.02596867e+01 -8.84042066e+00 -4.91547565e+00
   -1.00415850e+01 -9.75618177e+00]]

 [[ 2.13535365e-01  7.99745001e-01  1.61535096e-01  4.85599617e-01
    3.13542088e-01  4.67970427e-01  2.22485192e-01  4.64349747e-01
    7.46166256e-01  1.73347415e-01]
  [ 3.00112522e+00  3.02313990e+00  3.00736439e+00  3.00800209e+00
    3.00391505e+00  3.01054578e+00  3.00105563e+00  3.00639279e+00
    3.00441469e+00  3.00220149e+00]
  [-1.02055270e+01 -1.00288307e+01 -4.96069930e+00 -5.01909494e+00
   -9.89949291e+00 -9.93279991e+00 -1.03122737e+01 -5.03796079e+00
   -9.70652221e+00 -4.99895530e+00]]

 [[ 2.72112695e-01  3.18274299e-01  3.00410515e-01  3.19372468e-01
    2.38840986e-01  2.92918074e-01  1.20277571e-01  1.54345705e-01
    5.24082100e-01  1.66359139e-01]
  [ 3.00395195e+00  3.00270731e+00  3.00121427e+00  3.00518919e+00
    3.00420863e+00  3.00199318e+00  3.00091609e+00  3.00883274e+00
    3.00565109e+00  3.02104717e+00]
  [-9.78008139e+00 -8.94321084e+00 -9.57030018e+00 -1.01977630e+01
   -1.00371573e+01 -9.99918297e+00 -1.02397719e+01 -1.00392169e+01
   -1.00688770e+01 -9.93129308e+00]]

 [[ 2.30542541e+00  9.58904206e-01  2.73302703e+00  2.57877732e+00
    1.99250296e+00  8.37637353e-01  3.49502274e+00  2.97207992e+00
    8.70337226e-01  3.38595524e+00]
  [ 3.01713307e+00  3.04318285e+00  3.04164339e+00  3.05512198e+00
    3.18897556e+00  3.17048491e+00  3.02108313e+00  3.09588281e+00
    3.07645040e+00  3.12416977e+00]
  [-6.34968177e+00 -6.20146317e+00 -6.08850271e+00 -7.48573745e+00
   -7.55444826e+00 -5.56248170e+00 -7.54164745e+00 -4.35987950e+00
   -6.51957563e+00 -7.87274467e+00]]

 [[ 3.15207025e+00  2.21952134e+00  2.84008006e+00  1.98716631e+00
    9.31331940e-01  3.25492985e+00  3.27131688e+00  1.04587715e+00
    2.17162338e+00  1.72727064e+00]
  [ 3.00617481e+00  3.06090762e+00  3.01681180e+00  3.21398661e+00
    3.00322752e+00  3.03669073e+00  3.07742595e+00  3.00643244e+00
    3.06489884e+00  3.02470289e+00]
  [-8.82520377e+00 -8.98680227e+00 -8.09828568e+00 -8.10313589e+00
   -6.62299431e+00 -8.78203772e+00 -8.31814409e+00 -4.19462560e+00
   -6.62031612e+00 -7.41835677e+00]]

 [[ 1.29222873e+00  2.87064970e+00  1.06737041e+00  9.05208896e-01
    1.39155799e+00  1.04174575e+00  1.06306493e+00  1.06744148e+00
    8.20033141e-01  1.67429616e+00]
  [ 3.00414359e+00  3.00708174e+00  3.02600685e+00  3.04441165e+00
    3.02907303e+00  3.03230292e+00  3.06658326e+00  3.01229458e+00
    3.02690294e+00  3.03208063e+00]
  [-8.64163892e+00 -8.36867599e+00 -7.60089988e+00 -9.40949696e+00
   -9.22433283e+00 -9.41480088e+00 -2.77178245e+00 -8.45400324e+00
   -9.49831932e+00 -8.38649321e+00]]

 [[ 1.03131122e+01  6.80730846e+00  7.32496214e+00  5.68847680e+00
    1.06309705e+01  5.87572839e+00  6.24831676e+00  4.18215736e+00
    7.97838465e+00  6.62058650e+00]
  [ 3.00932717e+00  3.05114612e+00  3.28910254e+00  3.49568704e+00
    3.00775646e+00  3.00778542e+00  3.52716780e+00  3.02050637e+00
    3.10355027e+00  3.05687032e+00]
  [-4.25105056e+00 -3.28001968e+00 -3.31941391e+00 -6.11633582e+00
   -7.02548359e+00 -3.24572429e+00 -5.07891314e+00 -3.51395407e+00
   -4.62231171e+00 -5.13493078e+00]]

 [[ 3.10028300e+00  6.70801425e+00  3.89923311e+00  3.21871161e+00
    5.38522498e+00  3.89333609e+00  4.41350554e+00  4.47433318e+00
    4.97135854e+00  3.97053743e+00]
  [ 3.01493401e+00  3.02801925e+00  3.07609087e+00  3.07101937e+00
    3.07428814e+00  3.00278463e+00  3.10440077e+00  3.11413089e+00
    3.24158314e+00  3.10002823e+00]
  [-6.49587545e+00 -3.83050635e+00 -7.60303370e+00 -3.69579428e+00
   -6.12995563e+00 -5.13254780e+00 -6.79705130e+00 -4.06166631e+00
   -4.55051400e+00 -4.46496362e+00]]

 [[ 4.49760651e+00  2.89493974e+00  3.20880878e+00  4.44397594e+00
    2.19870255e+00  2.71746794e+00  3.31711455e+00  3.47941480e+00
    3.61370999e+00  4.34279657e+00]
  [ 3.01845639e+00  3.01172907e+00  3.04303896e+00  3.00911101e+00
    3.05010615e+00  3.16488474e+00  3.00128872e+00  3.00252916e+00
    3.02955034e+00  3.01206210e+00]
  [-4.21283801e+00 -6.35483446e+00 -8.29826798e+00 -5.48011806e+00
   -5.73738359e+00 -7.68718933e+00 -6.06413314e+00 -5.96033063e+00
   -6.56014862e+00 -5.89014595e+00]]

 [[ 3.58925189e+01  3.78888623e+01  3.14795270e+01  1.95574840e+01
    2.57478796e+01  5.41934637e+01  3.79305882e+01  3.82543934e+01
    1.90119250e+01  4.88520468e+01]
  [ 3.28018749e+00  3.07675360e+00  3.63051108e+00  3.30728387e+00
    3.29574836e+00  3.01800251e+00  3.59228260e+00  4.85295523e+00
    3.37936284e+00  3.52218581e+00]
  [-2.08027997e+00 -4.17884709e+00 -1.72661474e+00 -2.25390084e+00
   -1.44707934e+00 -2.05474127e+00 -2.48457362e+00 -1.48975576e+00
   -2.03799585e+00 -3.44356066e+00]]

 [[ 3.08057870e+01  3.32147658e+01  2.88405551e+01  1.78792091e+01
    1.71996869e+01  1.82380537e+01  2.39368993e+01  3.25249100e+01
    3.27570561e+01  3.42122118e+01]
  [ 3.31490811e+00  3.10763536e+00  3.36904834e+00  3.15832555e+00
    3.36532435e+00  3.51951866e+00  3.98801178e+00  3.06565568e+00
    3.10106046e+00  3.45133035e+00]
  [-2.72747548e+00 -3.91667571e+00 -2.32757430e+00 -2.13279737e+00
   -3.19473773e+00 -5.84592357e+00 -3.43636072e+00 -2.72186345e+00
   -1.58285113e+00 -4.40863844e+00]]

 [[ 9.58294141e+00  2.26801587e+01  9.13447273e+00  2.21433288e+01
    1.26810106e+01  1.88225270e+01  1.11909137e+01  5.87056895e+00
    2.10825033e+01  1.35171577e+01]
  [ 3.55868108e+00  3.08560598e+00  3.23298191e+00  3.17442811e+00
    3.30865843e+00  3.15881078e+00  3.09894640e+00  3.21131467e+00
    3.52926369e+00  3.21767459e+00]
  [-3.59122836e+00 -4.42840621e+00 -3.49672840e+00 -2.10038742e+00
   -6.64121656e+00 -2.68644015e+00 -1.79254227e+00 -3.13982455e+00
   -1.98387663e+00 -2.94723275e+00]]

 [[ 2.47752689e+02  2.59200273e+02  1.53536414e+02  3.58565420e+02
    7.24292020e+01  2.67718664e+02  1.64905418e+02  1.52825475e+02
    1.41804631e+02  2.80088907e+02]
  [ 8.48912053e+00  6.09363136e+00  7.72582285e+00  2.08124571e+01
    3.22065578e+00  3.20826216e+00  5.39445516e+00  9.58514505e+00
    3.39146727e+00  4.88127973e+00]
  [-1.69863166e+00 -9.30552043e-01 -1.26542805e+00 -7.98134813e-01
   -1.27635039e+00 -9.85905407e-01 -1.14357524e+00 -6.93788025e-01
   -1.59626427e+00 -1.12139657e+00]]

 [[ 1.12886484e+02  2.05868871e+02  1.84352626e+02  1.12954112e+02
    1.45290367e+02  1.57868281e+02  3.45693483e+02  9.63702440e+01
    1.97396947e+02  1.57222297e+02]
  [ 8.79359820e+00  3.62973011e+00  3.47189604e+00  4.52722035e+00
    3.35943071e+00  3.04646299e+00  1.05796647e+01  1.50037205e+01
    1.35514626e+01  3.59890989e+00]
  [-9.49420995e-01 -1.39005048e+00 -1.21182781e+00 -1.52205101e+00
   -1.59515111e+00 -1.71544652e+00 -9.86436008e-01 -1.36881813e+00
   -1.26030458e+00 -1.15139344e+00]]

 [[ 2.35819347e+02  1.03784211e+02  8.09629273e+01  6.35589661e+01
    8.74434970e+01  6.07643206e+01  7.29629757e+01  9.98188904e+01
    1.38768340e+02  8.52587872e+01]
  [ 7.97677129e+00  7.66291410e+00  4.77148466e+00  3.66874436e+00
    5.24804676e+00  5.69655414e+00  5.21302938e+00  3.74416516e+00
    3.06705055e+00  4.19181544e+00]
  [-1.77529030e+00 -2.46922080e+00 -1.32022042e+00 -1.10949422e+00
   -1.01835387e+00 -1.34700144e+00 -1.67088227e+00 -9.96269753e-01
   -1.63486764e+00 -1.61963537e+00]]

 [[ 5.63699494e-04  9.09616958e-04  9.31458016e-04  8.51096460e-04
    4.41918694e-04  1.10288588e-03  4.98014481e-04  7.97516958e-04
    9.82503472e-04  9.14092500e-04]
  [ 3.00000458e+00  3.00000274e+00  3.00001162e+00  3.00003832e+00
    3.00000761e+00  3.00000273e+00  3.00003975e+00  3.00000829e+00
    3.00002788e+00  3.00000429e+00]
  [-1.04011204e+01 -1.04022496e+01 -3.72422839e+00 -2.75185774e+00
   -2.75188449e+00 -1.83758556e+00 -1.04014708e+01 -1.04019114e+01
   -3.72418758e+00 -5.12865069e+00]]

 [[ 6.02369285e-04  7.55250348e-04  3.04763919e-04  5.92025748e-04
    7.34840913e-04  7.84581748e-04  4.69168312e-04  9.83671390e-04
    3.66328177e-04  5.52494938e-04]
  [ 3.00000818e+00  3.00000176e+00  3.00000316e+00  3.00000096e+00
    3.00000156e+00  3.00001112e+00  3.00000549e+00  3.00000500e+00
    3.00001620e+00  3.00000207e+00]
  [-3.72408105e+00 -5.08751151e+00 -2.75186907e+00 -3.72424001e+00
   -2.76584543e+00 -2.76579899e+00 -2.76587478e+00 -1.83754043e+00
   -5.08757893e+00 -5.12864304e+00]]

 [[ 2.10024919e-04  2.54698975e-04  2.98401501e-04  1.98464064e-04
    4.48692606e-04  4.33039572e-04  3.94790770e-04  3.81818876e-04
    8.33584275e-04  3.03149490e-04]
  [ 3.00000548e+00  3.00000304e+00  3.00000203e+00  3.00000343e+00
    3.00000217e+00  3.00000713e+00  3.00000167e+00  3.00000802e+00
    3.00000498e+00  3.00000275e+00]
  [-2.76588772e+00 -3.72426143e+00 -1.04019120e+01 -2.75190481e+00
   -5.12878085e+00 -5.12839600e+00 -2.76588610e+00 -1.83758265e+00
   -1.04027390e+01 -2.76585553e+00]]

 [[ 3.09829895e-01  7.11256552e-01  3.79498458e-01  6.89352015e-01
    2.40110156e-01  3.56851377e-01  4.83790342e-01  2.54955451e-01
    4.15737370e-01  6.47289608e-01]
  [ 3.00426569e+00  3.00049426e+00  3.00762463e+00  3.00196739e+00
    3.00018875e+00  3.01279506e+00  3.01028711e+00  3.01086787e+00
    3.00826304e+00  3.00135517e+00]
  [-9.50457182e+00 -9.56816583e+00 -9.96802640e+00 -9.97506042e+00
   -1.01592805e+01 -5.01815595e+00 -4.88970653e+00 -8.68842617e+00
   -3.70035426e+00 -6.21396004e+00]]

 [[ 5.47586756e-01  4.02851673e-01  3.12797660e-01  3.66083349e-01
    1.88732067e-01  2.61858460e-01  3.92781890e-01  2.39850053e-01
    3.64308834e-01  5.18073798e-01]
  [ 3.00302208e+00  3.01023111e+00  3.00097004e+00  3.00735433e+00
    3.00256357e+00  3.00054921e+00  3.00442888e+00  3.00859832e+00
    3.00879003e+00  3.00185441e+00]
  [-9.86960606e+00 -9.78142223e+00 -9.48863945e+00 -9.93685593e+00
   -9.99162572e+00 -1.02770879e+01 -9.66844291e+00 -9.86019567e+00
   -9.86000350e+00 -9.81287324e+00]]

 [[ 1.97484421e-01  3.51003920e-01  2.82148200e-01  1.81863199e-01
    2.85364295e-01  2.62220233e-01  3.02877249e-01  1.62269421e-01
    3.24970915e-01  4.09604211e-01]
  [ 3.00415314e+00  3.00069763e+00  3.00080983e+00  3.00409424e+00
    3.00493197e+00  3.00027361e+00  3.00059946e+00  3.00515469e+00
    3.00402880e+00  3.00884437e+00]
  [-9.98302684e+00 -5.04137548e+00 -9.98930849e+00 -1.03006842e+01
   -4.96689834e+00 -4.90342432e+00 -1.00571790e+01 -4.97507787e+00
   -9.98333420e+00 -5.01542743e+00]]

 [[ 9.28159914e-01  2.07001695e+00  6.81376553e-01  9.97715455e-01
    2.52069100e+00  3.48979644e+00  2.68161543e+00  2.01896988e+00
    5.32272234e+00  2.71311348e+00]
  [ 3.01452165e+00  3.00297907e+00  3.00529363e+00  3.00457797e+00
    3.00088437e+00  3.00516038e+00  3.06074151e+00  3.01483260e+00
    3.00119413e+00  3.04139115e+00]
  [-6.86109911e+00 -6.12094683e+00 -5.75348887e+00 -6.29436949e+00
   -8.23933687e+00 -7.12715861e+00 -7.11487369e+00 -7.46895603e+00
   -7.93468234e+00 -6.70037289e+00]]

 [[ 2.15816491e+00  2.30792892e+00  2.04783253e+00  1.65328997e+00
    1.99823673e+00  8.07793212e-01  1.18451860e+00  2.22294545e+00
    1.76301780e+00  1.48143553e+00]
  [ 3.00735559e+00  3.02177141e+00  3.07243408e+00  3.00902664e+00
    3.06800597e+00  3.03443916e+00  3.00058403e+00  3.02880278e+00
    3.01347637e+00  3.00517508e+00]
  [-8.49159189e+00 -7.45744033e+00 -7.71662159e+00 -6.02869622e+00
   -8.98657280e+00 -7.07683952e+00 -8.69096604e+00 -6.24347780e+00
   -7.10106661e+00 -7.71846258e+00]]

 [[ 8.34792047e-01  1.05806700e+00  1.21917887e+00  1.23706994e-01
    6.03516145e-01  1.69618183e+00  1.50650237e+00  8.79040828e-01
    5.48307920e-01  1.70904557e+00]
  [ 3.02337418e+00  3.02752890e+00  3.00454533e+00  3.01377363e+00
    3.03310783e+00  3.00364201e+00  3.00537892e+00  3.04374441e+00
    3.02312020e+00  3.02004094e+00]
  [-8.58337850e+00 -9.27291982e+00 -8.56057055e+00 -7.37022527e+00
   -8.94466526e+00 -8.21009642e+00 -7.95294302e+00 -8.87904962e+00
   -9.53185189e+00 -9.59447863e+00]]

 [[ 5.24874964e+00  8.69965123e+00  2.83615008e+00  4.07638276e+00
    6.67623402e+00  1.31862370e+00  1.28342263e+01  5.13061521e+00
    6.08841419e+00  4.43003113e+00]
  [ 3.00426723e+00  3.02504572e+00  3.03221819e+00  3.01901846e+00
    3.05745081e+00  3.07323684e+00  3.01291199e+00  3.01730199e+00
    3.22388009e+00  3.16354944e+00]
  [-5.16092511e+00 -3.56857589e+00 -6.96397372e+00 -3.56834457e+00
   -5.41110065e+00 -4.61369799e+00 -3.13204820e+00 -5.30401835e+00
   -4.34599289e+00 -5.75737341e+00]]

 [[ 4.91108199e+00  3.35498899e+00  5.39959127e+00  3.60526033e+00
    4.24856981e+00  2.93650620e+00  2.18832005e+00  3.15628634e+00
    9.41483313e+00  7.21795145e+00]
  [ 3.05638636e+00  3.03339871e+00  3.06955737e+00  3.09114099e+00
    3.16819622e+00  3.00194573e+00  3.00116436e+00  3.02146417e+00
    3.08167312e+00  3.00109109e+00]
  [-5.45966863e+00 -9.33187514e+00 -3.70075337e+00 -6.40862902e+00
   -6.09910279e+00 -8.78386594e+00 -5.63256516e+00 -6.58322752e+00
   -5.67595858e+00 -5.48337259e+00]]

 [[ 4.92932332e+00  3.24011649e+00  3.42948002e+00  4.32686477e+00
    4.86427846e+00  2.63851609e+00  2.52032240e+00  4.22314344e+00
    5.36062136e+00  2.24266118e+00]
  [ 3.00388314e+00  3.01871468e+00  3.02824374e+00  3.02103917e+00
    3.02260866e+00  3.07349792e+00  3.01095745e+00  3.02766795e+00
    3.01992581e+00  3.01593728e+00]
  [-7.39009204e+00 -6.27524856e+00 -4.81629359e+00 -9.24383525e+00
   -6.65398558e+00 -7.26609762e+00 -5.42468295e+00 -5.97682398e+00
   -7.83430107e+00 -4.75311529e+00]]

 [[ 3.13831070e+01  3.35995778e+01  2.79560239e+01  2.24308529e+01
    2.10768734e+01  2.77233122e+01  4.40338841e+01  7.75612526e+01
    2.85004538e+01  3.84336700e+01]
  [ 3.14856121e+00  3.64759111e+00  3.29375900e+00  3.36770928e+00
    3.47768373e+00  3.18602395e+00  4.81568589e+00  3.32938231e+00
    3.85050186e+00  3.00807503e+00]
  [-2.76298647e+00 -2.05978705e+00 -2.30400676e+00 -1.77741184e+00
   -2.95763579e+00 -2.25432167e+00 -2.74709139e+00 -2.52776940e+00
   -1.89175277e+00 -1.70787950e+00]]

 [[ 2.72804282e+01  3.45588051e+01  2.45679688e+01  1.65691847e+01
    1.95123890e+01  1.24467953e+01  1.62099701e+01  1.25703516e+01
    3.97467913e+01  2.10969028e+01]
  [ 3.43450928e+00  3.18882265e+00  3.06527822e+00  3.08794051e+00
    5.05391093e+00  3.10256200e+00  3.04139723e+00  3.02783643e+00
    3.40878002e+00  3.09943740e+00]
  [-2.58077757e+00 -2.98276387e+00 -5.90885811e+00 -3.18818699e+00
   -2.86351116e+00 -2.50328019e+00 -2.21285356e+00 -2.48498872e+00
   -5.24855721e+00 -3.44679356e+00]]

 [[ 9.63157071e+00  1.75991133e+01  2.22094443e+01  1.69712629e+01
    1.43061968e+01  1.41675701e+01  9.56133601e+00  1.70120563e+01
    2.07376017e+01  9.09482901e+00]
  [ 3.07044337e+00  3.19101962e+00  3.80878704e+00  3.09838973e+00
    3.04847207e+00  3.07624998e+00  3.09639053e+00  3.12138007e+00
    3.31635639e+00  3.36781157e+00]
  [-3.87561431e+00 -4.13706799e+00 -3.56936779e+00 -3.25004520e+00
   -2.28914390e+00 -3.71430994e+00 -4.34879272e+00 -6.16954170e+00
   -3.16958785e+00 -3.61907223e+00]]

 [[ 1.84663115e+02  1.67643941e+02  1.17327928e+02  1.70794709e+02
    2.06138191e+02  8.42151067e+01  2.02985564e+02  1.13125985e+02
    2.62875910e+02  2.40497163e+02]
  [ 4.62180443e+00  3.59138023e+00  3.14770671e+00  5.39835400e+00
    7.22284064e+00  3.34833098e+00  3.46194083e+00  4.63720751e+00
    3.45275665e+00  4.01749579e+00]
  [-2.96646955e+00 -1.55542902e+00 -1.49552116e+00 -1.91246090e+00
   -2.24079166e+00 -1.01009250e+00 -1.80667228e+00 -2.63738444e+00
   -1.81157644e+00 -9.75193254e-01]]

 [[ 1.34284524e+02  1.18312897e+02  2.34462944e+02  1.97447514e+02
    1.39043894e+02  1.30723727e+02  1.28760293e+02  1.40358492e+02
    1.82579032e+02  2.86543329e+02]
  [ 4.14412201e+00  4.05490554e+00  5.30900890e+00  4.03689472e+00
    6.38707432e+00  5.26987955e+00  4.00525026e+00  3.49565532e+00
    5.12836853e+00  6.87060557e+00]
  [-1.60487929e+00 -1.34048769e+00 -1.31715555e+00 -1.24328728e+00
   -2.74751096e+00 -9.94967298e-01 -9.50213154e-01 -1.35478217e+00
   -2.45803458e+00 -1.60553011e+00]]

 [[ 3.66082981e+01  6.24085998e+01  4.90911391e+01  1.47290334e+02
    1.36633500e+02  7.63263127e+01  7.00748813e+01  8.64468840e+01
    7.72439886e+01  6.44049470e+01]
  [ 7.62896900e+00  3.82595170e+00  3.75153489e+00  3.91398311e+00
    1.01576172e+01  5.39556082e+00  4.87520739e+00  4.97102620e+00
    3.48581322e+00  6.53719586e+00]
  [-1.63195345e+00 -1.26434892e+00 -3.21532310e+00 -1.16493170e+00
   -2.00398375e+00 -1.49239654e+00 -1.86867497e+00 -1.24223022e+00
   -1.68691555e+00 -5.75748888e+00]]]