-5411.080244492698
-14095.98861604025
-20528.15537340985
-22516.523586927033
-23916.18730643379
-24668.10182926764
-24993.370579616323
-25367.707368070827
-25966.534125012557
-26223.68761975385
-26550.723206185234
-26788.961052902763
-26918.88113442015
-27098.580772418904
-27281.795681247946
-27461.11299854341
-27485.34187455254
-27535.208679869196
-27648.175669118653
-27687.722272234358
-6333.885816398742
-16399.476084373673
-21627.793423599876
-24451.31618332717
-26402.200709804085
-27187.9021182306
-27765.660249887565
-28398.885668090334
-28575.532224301423
-28804.24243396673
-29091.44600222587
-29325.821228649173
-29398.5646802367
-29601.7826544456
-29762.59372321946
-29862.417215966358
-29995.238515938865
-30040.147180451524
-30117.986168236952
-30193.789176580885
-4468.925502406944
-15733.870839682413
-21869.077717318254
-25203.518391849164
-26955.463325972916
-27831.596213828136
-28607.073221556577
-28938.802336220706
-29176.76603677489
-29659.47354443367
-30071.689213890124
-30229.51746042624
-30372.810807080492
-30523.41932958837
-30832.737738662803
-30943.979218957713
-31064.50525145389
-31232.56524404181
-31278.211724183115
-31340.987833650117
-4321.2055498272575
-15444.250846851568
-22295.219369449704
-25242.259675074292
-26713.582648845782
-27589.012008094367
-28238.786197432513
-28675.866585157866
-29228.72863368014
-29308.629764244644
-29566.737599057753
-29773.073148920103
-29860.548627721157
-29924.33209836665
-29998.88447771776
-30136.331314654046
-30230.112345875186
-30359.71752931931
-30444.453993974334
-30476.46170465168
-5964.582825750186
-16761.52312352991
-22070.33734080316
-24999.544318821736
-27246.81772612749
-28509.739557723184
-29541.221285391228
-29837.8621772552
-30200.07112991876
-30309.239117820496
-30674.7319902162
-30808.049283316148
-30942.634682270374
-31040.10141470665
-31124.202304459977
-31354.63931985168
-31439.357095958392
-31491.883279283153
-31588.763269678355
-31624.067078719458
-6038.2115483634
-16517.77082586311
-21867.34268110111
-25136.396427492098
-26742.761515001857
-27923.429052156906
-28498.29376569962
-28956.886680942207
-29270.74463680296
-29692.524874485418
-30006.666289806813
-30166.161193861033
-30300.06612262713
-30400.19969384917
-30517.889683790785
-30545.119214447193
-30717.470572983897
-30805.022277356456
-30903.563911168432
-30952.031798458316
-6364.232073012313
-16732.743998213682
-21387.945312175125
-23623.499672920792
-25073.821224469226
-25874.414993180962
-26373.162282570156
-26933.355491328213
-27473.671688942388
-27659.54593259461
-27806.80307443525
-28014.776493655765
-28134.071308196915
-28231.495949677425
-28372.22023226838
-28751.840680444282
-28917.339449018433
-29074.696894496843
-29250.318589326285
-29365.722313813072
-7557.137220480188
-14281.234370247981
-20964.26423020035
-24199.209797440257
-25975.455346326322
-27001.107243000475
-27335.764278277762
-27977.245653280304
-28018.94039876614
-28320.29216496636
-28712.255797909987
-29115.332663950758
-29258.06413944843
-29375.40815354647
-29497.166147932137
-29636.470927699367
-29699.202309568125
-29753.999842036057
-29847.45388948687
-29939.34891929437
-4926.605432750973
-16527.89045720413
-21151.067908170236
-24261.43927712645
-25749.0376060909
-26537.437988648602
-27316.1479681192
-27678.52452977284
-28116.70587127323
-28345.095655950994
-28801.658164362434
-29025.25271069281
-29222.088762700565
-29467.295534347086
-29560.792352683322
-29669.6512562718
-29749.520931073213
-29820.074137368785
-29943.25603156021
-29980.47130191366
-6605.614265244253
-16689.52796059152
-22986.93737030868
-24826.83479673438
-26764.189999124566
-27611.60770814378
-28489.234440824952
-28738.37622331287
-28943.029164323485
-29259.852783948543
-29407.478133207245
-29587.492596722383
-29708.510518096824
-29765.214845608098
-30027.960307229558
-30207.198230728263
-30251.89267511137
-30431.89336934399
-30499.310287309814
-30593.052644005536
-4512.220903725326
-15888.560020908286
-21598.68290857159
-24870.2957588225
-26453.179976117888
-27822.56979503315
-28792.591279788205
-29404.72854889357
-29788.367243300872
-30006.960346884694
-30408.73870353482
-30631.720138980152
-30890.44779834779
-30972.076849044595
-30991.47713389056
-31114.245618987334
-31161.096471463417
-31304.89099337955
-31433.419733699673
-31521.785346043176
-6004.171497502757
-17105.18014936995
-21611.39054396904
-23992.7878834341
-26089.62351725274
-27001.73932856701
-27560.118393903344
-27765.33868534203
-28105.653551249117
-28507.128138116943
-28624.740198183084
-28899.928973482485
-28928.37650910219
-29118.227827476203
-29217.9300503316
-29313.567315321277
-29320.395653973574
-29399.850440480997
-29456.71977414767
-29525.930786842753
-5888.431203213091
-15924.026752663953
-21555.89788408288
-23696.447527917644
-25122.428868045852
-25782.615341620833
-26874.55384282387
-27297.16239543072
-27931.56410118661
-28222.765030210492
-28497.675452357427
-28568.46670435962
-28702.70127696683
-28826.505960190163
-29047.3441496759
-29195.612936537094
-29401.44640569874
-29471.30100798786
-29528.054844841816
-29606.47713788653
-6329.427787581643
-16629.409964697836
-21532.02238537738
-23612.416060022733
-25079.010360110165
-26338.19161511705
-26846.98254049048
-27453.71978085396
-27945.51633724928
-28114.339471588526
-28428.904645952403
-28633.87567971471
-28828.8434382329
-28950.821056502125
-29215.712913868927
-29322.50744391058
-29483.018651614904
-29612.005092327712
-29732.824821083203
-29866.051629920075
-5245.914126990936
-15750.899573705201
-21351.655926218693
-24335.69388587024
-26669.33335798038
-26854.315886421704
-27528.86204927344
-27742.085000780608
-28082.24004430122
-28204.397184420155
-28407.438910053508
-28645.91336242918
-28757.71053702391
-28866.004343489058
-28940.75188311891
-29158.378536602635
-29257.72430714094
-29409.669886425323
-29475.11065293001
-29553.821586405244
-4336.419277942412
-17642.975266279765
-21522.2763230654
-25089.33054858864
-26742.10831390408
-27420.03876575794
-27848.93308016572
-28561.65533584599
-28868.20839951885
-29026.896317936982
-29310.220214572902
-29527.666728377997
-29773.151580058537
-29964.458098081675
-30123.357706625593
-30232.461991300617
-30493.76540833985
-30821.018056310462
-30879.085619854683
-30979.6890538216
-4878.804736821677
-15789.419295639358
-22130.978205846794
-24131.021816269895
-25431.289185612983
-26064.07264931576
-26711.569337186174
-27208.15448025696
-27504.755964615582
-27719.580963237782
-27886.67623984796
-27959.141227735363
-28118.208675737922
-28382.24151707873
-28584.1824200619
-28662.887676317398
-28727.731949280602
-28779.490230552336
-28901.246522218706
-29012.870121261087
-6061.389263977413
-16223.641423464478
-21657.680772771222
-24183.644581035143
-25936.517639956666
-27083.185364185032
-28148.869057335094
-28542.025693188018
-28858.279868823214
-28919.382799496874
-29141.311969021863
-29337.283404877035
-29461.021746149676
-29572.070895919438
-29599.532095078637
-29642.92753081349
-29716.805463698955
-29835.603418804367
-29882.42974561522
-29951.818594668384
-5099.112296378082
-14911.265434227746
-21027.049555166806
-23632.473868064444
-25983.05852527771
-27140.162241552243
-27855.047318424495
-28520.87225975979
-28850.47557477272
-29320.568540135904
-29512.462071190697
-29850.244701871794
-30079.97144964698
-30253.36894196227
-30374.498114151364
-30441.23109676938
-30471.568848722618
-30500.992666172406
-30608.049312270163
-30626.573811934188
-7935.710810286339
-14848.769812964449
-21205.72664088799
-24106.285210989412
-25238.884274511252
-26459.491175070823
-27177.933735644372
-27766.85905810352
-28200.465871617373
-28550.153818258277
-28708.2546219671
-28980.363310702927
-29079.73125310711
-29200.994915420957
-29234.08930856654
-29569.19391623208
-29747.928164670586
-29851.679974682753
-30047.91187134349
-30122.636790893343
-5574.124101043408
-14159.8433541727
-20085.15884276231
-22977.656212756054
-25227.12729710841
-26071.38631816837
-26860.085923348495
-27369.43980337593
-27872.309717230135
-28379.276179960343
-28699.954519258015
-28714.14943992804
-28844.90988565421
-28938.620968647032
-29040.20391813679
-29200.771113522824
-29388.05174085557
-29460.86787939097
-29632.07297673924
-29711.54328255733
-5292.403086817349
-14963.829593154
-20404.8316334806
-23446.511396511105
-25043.423555819412
-26190.550713232944
-27057.492791471745
-27775.517540887657
-27894.66384123605
-28302.45749261402
-28644.37720304912
-28904.363847755605
-29023.02198283707
-29197.40520241794
-29318.65195967416
-29423.684933027696
-29520.18480412497
-29722.139734831497
-29748.36877898968
-29765.60196552905
-5337.514266625523
-15579.244456961307
-22203.926792414164
-25173.104383295147
-26375.794392637345
-27433.953131800008
-28109.057594551672
-28845.921582914063
-29241.22676612002
-29521.456861170544
-29938.977090315217
-30116.75608829655
-30365.383159024084
-30496.838770416005
-30532.53042079859
-30660.932260064972
-30761.141616194618
-30850.227537931263
-31024.862765272675
-31110.883774931255
-4344.602149408305
-15180.24258961489
-20267.149541109444
-22738.028043951057
-24211.542635641286
-25383.73681376409
-25918.172985168654
-26303.97970355827
-26713.35181867458
-27017.989121433227
-27331.87002393877
-27520.6143964917
-27801.388656002935
-27980.785523131453
-28017.875713364923
-28143.797273439137
-28347.620343492177
-28493.513882833304
-28538.12732623431
-28600.22659602172
-4586.929923845836
-15023.151680641948
-19813.655971153297
-23183.1721079094
-24590.321326851765
-25527.338923505387
-26523.536199049166
-27110.540144833543
-27391.720564910847
-27638.79379248735
-27780.584021190993
-27902.205199676162
-28065.135684955658
-28175.047202107868
-28362.77304870192
-28362.77304870192
-28463.160104244685
-28538.7336683167
-28571.66506935426
-28639.62775057149
-6125.712635813424
-16491.08900035386
-23187.700261199
-27146.95894878789
-28362.63742503785
-29590.214086796717
-30067.01666994857
-30709.170124237153
-30903.48871936302
-31105.96174076562
-31230.80973911321
-31410.49302491801
-31554.363959449198
-31589.553308342714
-31617.517663477127
-31742.151342083154
-31781.001998948155
-31820.086539346652
-31883.35999107402
-31934.772903554564
-5174.879846509413
-15606.298020335958
-22428.728190104852
-24426.857544269213
-26727.600051668964
-27052.02886797541
-27340.168839488077
-27867.690635019208
-28127.078266184708
-28222.333367598683
-28521.28126335088
-28757.96885872544
-28841.119778123088
-29054.037060144736
-29148.738763354708
-29271.74945252458
-29356.476295806347
-29390.17007406176
-29463.547676784587
-29560.150747478678
-6264.988966777601
-14090.472871506749
-19175.394259932593
-21143.1611550535
-22758.443545171744
-23704.886822075816
-24569.326505404726
-25230.053293544926
-25510.789302291592
-25841.730179121605
-25966.12157076481
-26134.955467906428
-26318.403234216566
-26355.27036873194
-26475.135661882032
-26545.51193182235
-26594.73356173697
-26714.602514197475
-26814.967379541795
-26958.784404883354
-4758.819928845025
-14107.202911903189
-20183.7333351911
-22916.744430339317
-25069.58015181184
-26105.26048594906
-26964.174886606706
-27338.36754261793
-27674.19226248981
-27868.2942514854
-28106.196522296053
-28267.410121414458
-28413.315417138932
-28497.564637987794
-28642.283785281692
-28826.04781875694
-28952.684744510472
-28985.13270643344
-29019.904340519126
-29080.015936609576
-5201.8070485156195
-16290.130511492242
-21509.05278485962
-25183.568972480592
-26893.601516613784
-28096.6981285466
-28749.450568572047
-29150.038915702688
-29575.762857435366
-29793.741114205724
-29991.67766650291
-30184.536004837966
-30342.22047459015
-30467.47986217298
-30499.16346458637
-30562.08413236131
-30653.91404123727
-30698.48186024956
-30879.91631560345
-30972.40098636063
-5961.730435654523
-15556.574581608522
-20092.619681344433
-22884.1160232781
-24079.631283086725
-25216.130818173
-25779.869599003676
-26343.248729397576
-26675.944123725596
-26924.708873494317
-27185.170625337345
-27557.343333737324
-27842.663358347723
-27964.621001910025
-28021.67230262912
-28173.820775698598
-28395.120429834154
-28562.80844257685
-28643.598611546277
-28688.532652385224
-4710.529575048277
-13763.6534378102
-19084.497087962947
-23177.192510962046
-24725.86366255659
-25853.736310930337
-26488.576453077956
-27259.770969906654
-27928.37353299127
-28344.71464181806
-28512.254023769317
-28702.43268262227
-28906.743134355016
-29007.976453252966
-29095.735550018682
-29201.45939538333
-29324.47909081634
-29372.076863205402
-29491.545162442264
-29535.082437673707
-4363.378597189691
-15786.007649968631
-21566.902175438045
-24280.58413954993
-26172.892095957053
-26940.976484644503
-27916.324900536332
-28380.14043649925
-28819.648984025574
-29052.82910007248
-29267.74153572254
-29451.148773426838
-29571.437071956803
-29701.580056422397
-29801.420714636406
-29913.66412870527
-30175.05440119451
-30348.892454291814
-30391.540623865774
-30466.441335724736
-6391.505513770364
-16395.478521876506
-22534.0681531526
-24329.458558436956
-26176.290284376082
-27376.571035785768
-28002.062932824614
-28284.020806931214
-28755.321051212784
-29130.955929267264
-29369.852920522826
-29600.25069472234
-29677.92660068248
-29824.798514327755
-29952.357542240457
-30042.145752809956
-30131.12859538883
-30257.165402321123
-30406.121568716488
-30482.826918495106
-5318.95983773387
-15501.88260557889
-21390.89726744828
-24162.07812797661
-26605.321000316726
-27844.39288992138
-28543.842302634763
-29121.06934229596
-29373.31575774947
-29771.546476589057
-29827.933989543923
-29990.048503069644
-30128.280995583893
-30240.622764813474
-30408.448378121087
-30549.623620597868
-30603.503482875614
-30644.622117588442
-30716.48913754096
-30770.326536058525
-7368.560592031519
-14511.533117708621
-20791.2217578187
-23665.86823747172
-24898.294503722656
-26144.230098047512
-26665.678300664193
-27004.871458235015
-27603.81567642485
-27880.677715069978
-28112.32847246576
-28467.24445193477
-28616.666709597233
-28739.398707656626
-28869.38553391559
-29034.383504725913
-29071.82502696301
-29175.357746124202
-29247.286826478987
-29357.003749369826
-5293.16566776568
-16552.3400931219
-20644.764726945516
-23079.63931132322
-24586.934965995886
-25645.892917551933
-26319.987258547746
-26838.351822889614
-27286.505744065176
-27493.289934747616
-27820.039011129986
-27925.91067905574
-28275.401318964297
-28422.97504435638
-28778.074768578208
-28845.39545820676
-28987.702360622377
-29177.58618331023
-29238.148556110373
-29332.57925100106
-4867.624671982362
-15789.196755329021
-21126.53975533798
-24607.1837715821
-25809.20178302425
-26623.916895184713
-27234.400473894784
-27749.02092546548
-28184.85586613008
-28747.64326639725
-29026.342146812774
-29227.709195452044
-29401.294865853466
-29527.142939682395
-29718.04310089766
-29784.656661947873
-29912.105014769455
-29963.557657727466
-30016.411063319898
-30070.546150772563
-4482.251595972082
-15351.133279026395
-20715.701955777142
-23852.73305288401
-25883.383536689274
-26971.830729159017
-27589.19271232776
-28074.637786562183
-28121.130182593348
-28338.153404128963
-28528.11224460846
-28920.72578782443
-28986.875967907687
-29096.198266362666
-29356.199786301364
-29366.16535280601
-29605.123584534336
-29671.666313933612
-29756.574975700914
-29777.798888271274
-4933.513685152603
-14218.39322075844
-19137.405976370705
-22460.17540672232
-24312.883186888255
-25107.752979287743
-25736.822356521017
-26450.316002642056
-26936.186043308557
-27135.29407008452
-27293.30496931028
-27592.49438735943
-27774.422733839267
-27883.525774695565
-28067.96809662411
-28164.89223613614
-28229.96829701938
-28320.40349138013
-28334.634291443337
-28345.97719921183
-5625.930137206717
-16064.648684930238
-20228.013994625453
-22280.26268788477
-24763.107091868565
-25557.93044965524
-26010.525643548284
-26782.688681597516
-26888.219921600925
-27330.56363260189
-27506.92793171951
-27652.503726667932
-27809.224873560288
-27891.618880182774
-28113.395859722033
-28184.679151350225
-28288.23246705784
-28451.16153792731
-28503.68712305248
-28598.820537581898
-5366.469658069755
-16109.802680682322
-21264.54142059046
-23491.978843793186
-25032.244367198906
-26231.023764246795
-26556.873711047156
-26993.77648062752
-27508.227774126444
-27808.70614102537
-28007.79926264999
-28258.568498071916
-28375.601319294976
-28423.45507583727
-28501.886907460666
-28553.454395323417
-28758.345082666296
-28879.63030931155
-29072.2402931512
-29299.191452774983
-5330.6771691117165
-16184.021889404332
-21323.40562487824
-25056.37112942316
-26453.66785051373
-27591.02172550576
-28500.689503370904
-28961.961054507166
-29557.60868018164
-29883.882074305675
-30143.78016494105
-30620.94506589282
-30712.245177998895
-30995.43659080736
-31116.529357099214
-31204.576269485922
-31239.761606165594
-31351.537733258476
-31490.47237627677
-31684.52164872143
-5405.216676223467
-15897.79846458101
-20316.078375178182
-23505.59932615199
-25267.544915128732
-26031.27461391235
-27207.39359101249
-27791.53781695946
-28429.097167179716
-28978.727394348567
-29017.748491242357
-29283.471430627553
-29424.366794521102
-29525.586845680606
-29606.021619743155
-29668.468919309875
-29750.65621705734
-29895.53848468813
-29942.383795109432
-30065.785135809747
-5294.457145830402
-15960.511064060784
-21882.106839837128
-24115.83738481029
-25971.235127758482
-26993.36547473607
-27320.1754685126
-27909.163028743107
-28149.443131942826
-28452.011788876753
-28738.395431072455
-28992.36719997473
-29150.55817205437
-29224.53629978087
-29332.817655225856
-29464.977077361174
-29506.58171560023
-29587.010466640044
-29654.41031765371
-29738.68841380835
-5270.534985685823
-13771.982397915897
-19287.01895316493
-22240.878104225576
-24110.518953407245
-25739.70730672687
-26725.261238278476
-27023.814364120564
-27323.697602922002
-27743.77753447423
-27963.503092012892
-28056.716125499355
-28109.772853303453
-28230.36812372787
-28381.942168522168
-28583.09425935456
-28930.1049295377
-29248.847249783827
-29371.368184361014
-29371.368184361014
-5838.469461340163
-14952.697986674937
-21431.854157794136
-24161.6999819377
-25939.46008432622
-27216.59862865418
-28391.998287405557
-29035.443211575126
-29681.72812884387
-29913.690571604715
-30282.372205389987
-30515.110401032456
-30629.458490832778
-30778.803271142653
-30965.78653723036
-31170.448521512128
-31223.297068977245
-31322.696158725743
-31485.292136065975
-31598.408992368695
-6632.81028781007
-17325.334569376624
-22408.557322703677
-24384.809861649912
-25622.737503588483
-26561.683341993416
-27067.225145190147
-27569.87158910361
-28029.00532439716
-28158.291315435174
-28340.855961963167
-28633.608717763607
-28840.174000214585
-28976.40919067673
-29049.21070581687
-29207.17434934522
-29287.92819241347
-29413.956533489098
-29454.360484754456
-29527.145835336123
-6773.739662532911
-16720.84721960125
-21114.085962427453
-24198.16465147566
-25304.323940822756
-27170.568083497055
-27744.134427859466
-28194.067489151155
-28438.268128843625
-28837.832828906066
-29033.863248748647
-29302.358776679594
-29520.86019604544
-29774.803744160832
-29975.14341076813
-30084.63918309474
-30129.010922157002
-30223.685446179603
-30300.72289463314
-30363.572132147787
-5440.481553721552
-14889.044148641706
-20387.551676894553
-22614.52964786314
-24403.088112276353
-25686.625587921215
-26694.35864177411
-27020.977878359343
-27259.025741748766
-27517.85309104747
-27785.48641762901
-28069.81478609358
-28250.740244461176
-28567.934176218765
-28720.23234784954
-28822.549206693013
-28925.652957646642
-29041.235529421698
-29136.315960209224
-29177.7483387686
-5223.010427087592
-17495.832839213497
-23224.356015780682
-25423.221207399467
-27253.857986110335
-27476.184695412834
-27981.721712899038
-28370.03151477424
-28662.312508424966
-29014.39220240053
-29135.277120440514
-29293.99436115302
-29547.09860563493
-29618.03945301221
-29777.19285959752
-29926.868184792114
-30010.23761269001
-30054.121692304154
-30121.45063678523
-30179.76875538531
-5803.54761412506
-15637.439784565515
-20980.6451513059
-25410.025092368625
-26668.303598811417
-27453.40824656744
-28058.826335202633
-28457.69627738978
-28831.428332497348
-29160.648301692276
-29346.157889323465
-29558.849231083117
-29866.652639989446
-29915.610903928962
-29989.287743599383
-30142.506435550677
-30240.621062389524
-30249.648253568754
-30366.4098758222
-30415.732314388883
-4859.069748759463
-14764.371437836759
-21370.172032611124
-24755.332874109215
-27199.591998519605
-28232.244219237044
-28982.078307298376
-29604.871366879863
-29989.14433680559
-30638.187866907778
-30953.0340724904
-31182.358031488813
-31431.061807764036
-31677.446746146998
-31870.56688925753
-31967.90807550183
-32123.677784851396
-32351.4412425959
-32403.566327226945
-32459.372830527587
-4565.403842943293
-14453.784419568081
-20285.178460364416
-22952.99778943653
-24913.997578457365
-25996.868162700768
-26872.595844343006
-27339.354570883515
-28015.80452251097
-28230.796269288938
-28401.54467922675
-28688.38659515055
-28789.314513591075
-28930.912636151304
-29220.183956044646
-29380.556545881867
-29550.459846144076
-29609.578438326433
-29681.135948744857
-29725.69655907932
-5332.126327843252
-16836.87334441153
-20978.681341296116
-23062.316333172435
-24542.608055018703
-24884.228080879468
-25248.67868006557
-25886.23369494797
-26257.97070221961
-26785.835327000834
-27041.237578807388
-27190.41101707646
-27307.969136331118
-27491.817171355044
-27598.976492044534
-27654.875171699412
-27714.354957037143
-27869.605399454922
-27940.895067230074
-28003.13001881567
-7287.482443016891
-16272.518337733023
-21317.27875626832
-25329.23270865062
-26867.74444562726
-27827.48006572759
-28147.666890661683
-28631.690244110043
-28926.329506476373
-29224.307328453986
-29603.16785296058
-29720.40666620268
-29867.920997788176
-29919.627053619268
-30055.623748618833
-30190.56642028539
-30285.17432072897
-30392.132619870743
-30428.97231850375
-30497.54591551359
-5071.308306540024
-16926.280821213295
-20044.241437362634
-22432.129265502495
-24394.794052316094
-25754.47277997812
-26226.652133604417
-26894.099441759296
-27090.49341970423
-27234.016501472233
-27632.429025176014
-28030.07473471908
-28115.00706916519
-28459.00368804105
-28588.497701233522
-28636.4004167005
-28746.634454827537
-28888.228733726133
-28920.261310277885
-28967.601398249437
-5900.717986940272
-15474.088379545521
-20852.57821849262
-24223.626926485384
-26118.313868352816
-27030.40474684328
-27344.462051974202
-28039.010564653792
-28378.083634662737
-28627.814871231178
-28850.537146528142
-29085.553542026788
-29364.621597036665
-29508.397396688433
-29666.67956607158
-29721.393482062686
-29906.886650515535
-29944.86618792814
-30009.33417266229
-30101.16844543497
-5539.589838147592
-15279.56891267002
-21209.96127706877
-23261.17475906921
-24223.526469728607
-25486.846964938126
-26225.027360060554
-26589.972452502258
-27071.549431067506
-27217.36487185198
-27472.127777907703
-27641.758667793485
-27867.10378844198
-28028.44410645574
-28234.107132581674
-28480.206478662305
-28647.836164160333
-28737.345035377028
-28737.345035377028
-28782.443589417286
-4947.766968564049
-15741.412599593163
-21253.63735012187
-24907.770025254544
-26918.52899838954
-27623.03719906557
-28188.621338329598
-29085.759276874916
-29385.14373139932
-29616.16654015011
-29852.46963124207
-30073.16723791197
-30307.58975611702
-30501.943781953676
-30695.46463654882
-30753.852061418173
-30826.041600508084
-30921.209198062847
-31092.469444552924
-31124.7357877331
-6874.930666931347
-15256.197152971974
-19667.52671637404
-21968.606821121604
-22960.859547220793
-24227.305613522592
-24969.666351447955
-25548.5369121884
-26007.70019183169
-26183.059951481468
-26375.440220177898
-26611.888055746564
-26887.80458028482
-27085.285657230594
-27292.447646921944
-27359.788464032183
-27494.423605209635
-27568.150198199364
-27608.708647891577
-27648.965830567286
-5445.535297394245
-16610.662298298743
-21486.818124037363
-23879.09732829432
-25098.962070704223
-26066.720113019503
-26620.41093647739
-26890.393510915874
-27281.20803430059
-27668.965994220915
-27975.066695887017
-28132.625294009882
-28281.25194046282
-28381.08003585588
-28605.41903021716
-28953.584327987308
-29030.513973825786
-29059.713408328713
-29296.518815493037
-29320.808737318286
-4874.571288372079
-16705.108020180134
-20167.886278703176
-23406.84956174798
-24699.776231130305
-26083.531660662222
-26902.905191715687
-27190.079930529006
-27615.23561711186
-27799.75397740291
-27918.46774515197
-28107.08379507561
-28266.360251240192
-28303.42185366359
-28622.409645228243
-28622.409645228243
-28712.89938276126
-28785.215097427543
-28854.786153985726
-28915.318211785343
-5084.034112539031
-14259.344495527781
-20646.171356685045
-24533.25351974192
-26234.10283742903
-27755.34149517226
-28783.667250231672
-29202.40977691497
-29377.630346776175
-29967.788737204206
-30255.651204168
-30421.57853384912
-30617.550842997152
-30674.38669274925
-30784.015266840768
-30895.837031019288
-31006.657710611446
-31064.20077792863
-31142.326691904178
-31167.995767881817
-6256.2280041855465
-16169.057973474126
-22021.865968721984
-25090.154986432375
-26810.462127932853
-27928.493489102355
-28454.999259555396
-28951.75270511912
-29418.005774545167
-29735.339598679348
-29934.919035579827
-30133.488564602587
-30221.730655109888
-30352.449097700046
-30547.94902410831
-30578.57571263984
-30620.501709147175
-30703.361465438502
-30862.079874722862
-30991.742813770907
-7517.197045954353
-15603.132370996234
-20690.580703966487
-23481.30195852812
-25209.199935075856
-25955.721334587597
-26541.66087994943
-26795.37861926474
-27150.755178872056
-27454.82326664409
-27941.664725859177
-28129.764936724237
-28215.633312552833
-28302.6301468263
-28411.29525055676
-28475.62391829086
-28543.31204758054
-28697.42536330478
-28866.04413009984
-28997.077933809513
-7694.071948443322
-16415.969158021846
-22307.186327496907
-25334.79882950893
-26786.61758065651
-27415.068962847614
-27855.31669806995
-28595.807907075585
-28651.40699143655
-28963.208239260926
-29297.05528731936
-29418.36775055715
-29498.994821657878
-29565.008093533925
-29686.157085321345
-29713.52894225371
-29767.22112949592
-29845.238935506113
-30041.004547508615
-30087.99898093467
-5897.811547667906
-15840.463412549172
-22536.41720651827
-24970.405876420547
-26110.068366672098
-27306.856674124883
-27614.4970884781
-28080.074183340672
-28593.74149241285
-29000.02478032121
-29201.16099575793
-29361.925964755905
-29503.235686514225
-29669.02481868159
-29892.55514087737
-29924.509943294393
-30015.48408428185
-30015.48408428185
-30247.74025527529
-30348.921529677988
-6580.512696618972
-18278.532055875537
-24155.999172494674
-26554.29534461836
-27874.65210644995
-28921.67378058017
-29527.749293380413
-30226.002470690306
-30675.484419922057
-30983.037931629664
-31157.883604434533
-31372.14141137186
-31502.59047376308
-31608.685022834736
-31637.35307180118
-31710.535140111355
-31728.3753122556
-31844.469189635507
-31945.698458684532
-31995.201591280795
-6080.6710512662485
-14191.14669639594
-20742.911350905935
-24748.474090238728
-26945.982941176655
-27751.29761677037
-28326.953193110374
-28925.40799944152
-29366.009712440533
-29731.871476287437
-29935.09623355271
-30226.82024513325
-30408.391278074727
-30445.602079339384
-30582.190036933465
-30640.388922790655
-30702.14195279647
-30733.820173112126
-30840.372738208243
-31014.128490058596
-5216.454888705649
-15949.364267979541
-21417.09603164224
-24117.415348661965
-25421.972364251993
-26094.263798452263
-26970.12091078732
-27238.66503325652
-27648.049840558466
-28005.895698379965
-28432.835649063538
-28647.901223033725
-28746.576233112184
-28812.82944069406
-28906.21739060586
-29012.228524462866
-29113.794375696416
-29259.92368797552
-29316.57637103196
-29364.14153461696
-5553.967798219542
-16341.12236368459
-21516.79306335284
-23774.15465365005
-25490.004567835695
-27310.2812085683
-27858.702290395064
-28256.25994680585
-28714.93427040726
-29186.165702097573
-29286.391961086938
-29399.01963633113
-29574.378391281363
-29834.707811233206
-30125.89972307934
-30125.89972307934
-30229.302937024764
-30245.230516102652
-30309.435441445825
-30339.296921383062
-5297.430503739402
-15687.968500932546
-21775.635935346112
-24196.87496137644
-26244.21596240374
-27699.450461679135
-28331.48259242027
-28961.290338214858
-29411.029427770896
-29665.062466343927
-29775.55795273104
-29979.328268194266
-30235.671838754028
-30312.195934706866
-30362.246932925795
-30490.203627154286
-30544.152997506368
-30605.362604635575
-30631.789912844502
-30713.314292675244
-4322.576379057527
-16255.98689448487
-21688.605126036742
-24215.944457190875
-25752.610450644526
-27151.743590319325
-27919.823970328045
-28214.07662552903
-28432.25304473555
-28766.451182885103
-29308.428421506193
-29622.729793464852
-29795.90926052387
-30230.262388108855
-30489.420611760674
-30626.295440614722
-30677.214697474967
-30769.264900188806
-30910.00322861725
-30998.890184424767
-6510.609798994923
-16210.856440375357
-21010.547489594945
-23162.46398890975
-24592.71856983941
-25439.405679236985
-25816.86964517642
-26613.695982817087
-26998.73333847002
-27263.93143620469
-27678.83826345365
-27810.96909533465
-27930.98697633822
-28000.673778705386
-28132.25845568994
-28169.49520875247
-28406.218831660477
-28504.043085671976
-28586.184935265377
-28597.382075450103
-4746.854678782
-17877.26258982464
-22649.072771296047
-25909.22914099536
-27660.992752671376
-29200.67450054803
-30075.897834050167
-30599.49239104955
-30828.381039794458
-31102.718348454804
-31376.029752607705
-31572.108591254575
-31648.21439852994
-31777.29224743386
-31801.103888467158
-31927.24371036944
-32001.65467251555
-32106.947832062917
-32181.140376247415
-32237.421558972772
-5235.61445435696
-16152.817957932968
-22117.512552101805
-25268.684450688834
-26692.4995710469
-27728.82893866325
-28466.864331798257
-28612.891786473665
-28982.75391719211
-29076.703817927188
-29305.387624221657
-29495.47962424381
-29604.42323054843
-29821.96805327841
-29933.41536199609
-29988.529863418396
-30098.928539994602
-30250.456942947185
-30375.67920098258
-30375.67920098258
-5673.546549336871
-16419.733318962437
-21192.886639185177
-24897.97443776235
-26581.377320293785
-27457.52783119703
-28339.25202622134
-28893.359026217615
-29358.211569942545
-29848.723390101368
-30021.481517789503
-30127.92210356128
-30332.699030455813
-30474.379286713203
-30587.20753692603
-30604.116837473706
-30694.114914545364
-30862.66959450142
-30908.391595174344
-31083.136272463184
-4940.373095220231
-14593.219886307566
-19638.587175464447
-22516.18894474241
-23663.436244497545
-24587.510337653086
-25340.57588015431
-25973.557610184365
-26456.783864387966
-26938.680714865015
-27241.05574613664
-27374.408524487866
-27540.84943552642
-27610.317604305674
-28034.973644430767
-28106.850653618476
-28207.966628615195
-28309.14787288279
-28372.57483688972
-28469.672036767737
-5724.356950020059
-17013.976096613143
-22719.2848332113
-24937.206878774876
-26157.41078064416
-27370.945841541932
-27896.106896655914
-28619.620173433388
-29076.03057378394
-29309.804798389112
-29519.160971848316
-29718.78576608078
-29876.555065216424
-29983.476665735205
-30098.928570728534
-30204.81956476428
-30244.177470531235
-30392.248001187127
-30426.108114837094
-30437.822387127366
-5000.753478900368
-16889.607787436904
-22325.43606705105
-24929.189015658598
-26610.73200086739
-27455.20897447255
-27767.220724528135
-28122.58327600851
-28651.344833492796
-28839.577291631853
-29066.557977064236
-29218.011610219415
-29500.471089561936
-29585.36937642074
-29718.06738685879
-29841.684382050185
-30122.174206787342
-30293.21072487255
-30337.270968245524
-30515.89609723482
-8149.618099286854
-16375.779385247983
-20408.400590810426
-23410.547997863297
-24615.515496763288
-25646.333672468558
-26395.780815216553
-26936.85569597356
-27297.495794083687
-27576.091692889146
-27808.84412499744
-28072.369377479954
-28235.637154986554
-28425.983826591877
-28640.740933035442
-28727.9288251771
-28852.14607417505
-29193.540019405304
-29333.65119131646
-29524.933864890605
-5989.386291153535
-16885.293073247893
-20583.938708425423
-24046.395537511984
-25673.084603335916
-26928.79482401887
-28095.08015314359
-28615.659126831313
-29054.219454580227
-29432.965384809806
-29568.27038365745
-29813.103246734736
-30101.062004665986
-30151.584984287903
-30418.31333883003
-30482.520881651784
-30595.66651146794
-30658.447310998745
-30714.691876016095
-30794.765585737983
-5574.67119862281
-15408.39570864973
-21082.228131677948
-24615.030558717022
-25912.65895650082
-26810.471141615675
-27629.04209686214
-27901.182042314962
-28333.277281981387
-28556.176939015884
-28756.276383994355
-28965.399558440422
-29077.76324697709
-29200.999468077604
-29306.067911184127
-29385.81291916897
-29481.4724992854
-29629.650836296223
-29725.34187470181
-29839.684197706596
-5600.175912029864
-15215.47632633056
-20292.84640262538
-23219.47285000851
-24918.954944002722
-26131.12155188852
-26723.390680084976
-27311.840959950398
-27695.680154384114
-27884.82170721559
-28172.77903233551
-28315.00331290535
-28541.801811401085
-28730.455070692777
-28903.04588888276
-29160.186417799887
-29244.83013534029
-29362.09123633101
-29504.379457265168
-29593.00140918088
-5398.881822815634
-16953.49637389849
-20801.533691791818
-23049.24639621012
-24738.465780093367
-25788.40407786299
-26552.118725589087
-27087.389201989834
-27535.835134814643
-27802.21403859523
-28312.182375407523
-28463.20189966005
-28590.4506760524
-28691.20347708617
-28803.289159016073
-28880.47738112731
-28927.137818045732
-28962.504820146063
-29037.29588101232
-29058.41831522152
-4938.705869761749
-16185.77858521236
-21001.447262194026
-23464.836084065995
-25380.89603103069
-26581.466303376586
-27267.186424637915
-27664.981547763316
-28110.210978584797
-28354.095571979462
-28672.851784334827
-28868.10575898319
-29076.201813210082
-29183.744194581897
-29244.566577115078
-29278.10123911984
-29317.607732885735
-29352.55480896298
-29388.624218466255
-29392.948678689903
-7104.234158153271
-15441.002119217756
-21160.218420109537
-24211.904823808018
-25842.908323020703
-26940.579134362837
-27621.961794183073
-27993.37995729278
-28524.835908824884
-28769.726393356264
-28914.783422637123
-29076.54924351065
-29191.344152102938
-29241.121736200424
-29338.311158407036
-29531.461224785387
-29646.222785866015
-29825.07199501822
-29867.566313874046
-30044.06282706837
-5426.639627747959
-15753.858468235509
-21465.517342826734
-24079.336165225173
-26034.637959142245
-27309.9639944629
-27653.167088294795
-28217.781371530466
-28623.259631600853
-28879.398199008636
-29158.554980559664
-29505.63391433901
-29580.384738757213
-29807.67941920991
-29903.78555752392
-30062.210199974805
-30312.033039519294
-30319.175884682307
-30374.926633393945
-30419.60384304589
-5593.241427392889
-14881.295133655285
-21353.69977923936
-23937.841852221598
-25484.81431383632
-26219.47872540481
-26909.879032531524
-27337.26260090345
-27670.723030230634
-27891.048935624392
-28056.067455506498
-28211.227152329076
-28412.07128409408
-28725.015074828356
-28849.994002017018
-28914.029595753564
-28999.177120375003
-29092.433087146463
-29170.45047596194
-29213.00552291769
-5547.764021124718
-16250.38672986791
-21272.829083009085
-23296.963547108622
-24659.018277591644
-25304.611858837212
-26060.754715678046
-26553.283242541413
-26994.65715483581
-27080.711302626893
-27260.04902845269
-27501.333768193057
-27685.224742681385
-27837.543981878014
-27887.46390612716
-27951.78464287601
-28075.275694900913
-28122.124663690367
-28150.21243988868
-28173.0761099346
-4622.761225676294
-14853.55389942785
-21252.040947041813
-23548.184189351276
-25591.784302273638
-26372.324810759255
-26817.535761741623
-27094.896492050164
-27572.406011564508
-27946.680413948256
-28385.543056893577
-28707.73224620667
-29030.56200514124
-29301.822054952656
-29556.164721374313
-29678.378843618346
-29809.47242697613
-29849.218182281023
-29943.62427332752
-30052.426992988494
-4772.559327596234
-14036.87705912785
-19915.746243842317
-23655.42062049055
-25006.873783509494
-26279.02492940221
-27043.611904042857
-27354.429995853432
-27618.30311678169
-27988.85650731168
-28379.236803383767
-28615.855180157505
-28753.486307325205
-28919.121730663737
-29064.86415177215
-29171.00027642471
-29261.394313064164
-29332.91766132051
-29376.086176431665
-29457.20011557575
-4309.903825352852
-16730.521199552415
-20652.024756816012
-24187.590806775268
-26053.803859127725
-26682.963583594625
-27924.719028600335
-28147.169587074706
-28307.695663633876
-28672.94217879023
-28897.666971125014
-29221.417244439242
-29315.077824739976
-29427.069941627225
-29682.772840312056
-29782.32659906979
-29803.37665537524
-29964.387597957557
-30001.905383366848
-30029.929568036023
-5438.997882528453
-17050.205590397076
-21963.304959194542
-25011.798756553075
-26602.60369875882
-27597.34988617419
-28113.4528062151
-28549.527896537667
-28690.866797724222
-28989.146001380985
-29073.632361293483
-29167.095216683054
-29326.617434804535
-29429.352269581654
-29499.684685996024
-29759.302192491898
-29866.087857790622
-30078.3697733841
-30145.838837500167
-30195.91507754274
-4404.632347999237
-15116.701139500099
-22342.98969416055
-24011.91948097617
-25720.838904519984
-26569.76751577471
-27252.33044096806
-27864.469210436662
-28346.679972314327
-28544.052798737586
-28807.338150694515
-29017.33281313154
-29219.31475305389
-29400.005702941453
-29456.980902304953
-29594.79305931067
-29671.927724800196
-29728.824883786634
-29863.2681494081
-29894.295875775544
-5829.518292567677
-16617.876134292164
-20824.681491999694
-23567.814279453683
-25309.82023482006
-26480.661726982384
-27212.107250587615
-27661.737537474244
-28094.48061347062
-28194.71161108253
-28481.000512504663
-28629.85744448728
-28806.42585102895
-28930.821239417986
-29126.111514585904
-29252.889434398043
-29410.96013566429
-29508.670914195503
-29670.66219315481
-29770.799107456165
-6507.9682780507455
-16947.184866510564
-22244.29385323415
-25201.48423780164
-27663.96999263138
-28708.31502730009
-29467.193936675503
-30123.299796890242
-30395.983902185548
-30571.633373990026
-30859.100824547913
-31111.653354839476
-31220.68471949825
-31411.885353640653
-31419.528857448484
-31469.836984756676
-31593.506101466115
-31647.783620284998
-31718.97356240099
-31820.714169767285
-5809.491067737352
-18840.570959705274
-24059.83249412252
-27079.428311500807
-28582.011167426637
-29363.65598192404
-29874.757280484147
-30635.085154018212
-31012.208258322724
-31737.614108514885
-31911.70152917153
-32196.95675259471
-32316.22187067344
-32587.181487814752
-32705.845591784782
-32705.845591784782
-32856.610386922264
-32910.0367811436
-32968.5515481479
-33032.09639041348
-5902.337360361859
-15870.797571030818
-20728.5968391517
-23985.67505922537
-26064.212425263533
-27408.86733326278
-28395.472720256617
-28802.706861529696
-29213.407997176902
-29554.881158773227
-29855.242219564385
-30040.338907752386
-30305.136898749588
-30393.697730419073
-30648.709676767285
-30750.696805463842
-30926.56681962379
-30972.624593785422
-31012.717841469726
-31115.58404259693
-7338.812045187836
-15559.534048423357
-19779.75808562133
-23312.750027139165
-25235.035311895153
-26419.327628475643
-27161.98092574198
-27446.77219742203
-27825.321884175028
-28069.96461858432
-6250.647560348443
-15885.804939989599
-21643.293112845317
-24051.9278757993
-25394.873149606687
-26933.439431886385
-27859.88886970468
-28450.066734822758
-29011.43529255366
-29400.801236914693
-5746.1997172283
-15615.934994593219
-22533.702617608717
-24535.892750467232
-26292.306553819828
-27524.854866222515
-28086.081191903846
-28554.11736667494
-29041.54838107909
-29234.77112314396
-6319.099666603642
-15487.555566111922
-20666.11840294123
-23065.862061492702
-25367.7847460727
-26085.813804071942
-27026.414849077744
-27520.18781013494
-27750.230596358295
-28029.92174429832
-4878.552484286215
-15795.883921242421
-21663.65372739528
-24799.378635721347
-26601.104568271287
-27634.8884574376
-28562.0752243959
-28960.15739294347
-29306.315420689905
-29697.615840051574
-5023.173899577823
-15767.307166230421
-21029.6578624652
-25001.54971021722
-27237.883265243992
-28077.409454482757
-28826.933465778442
-29445.062507093204
-29712.95506816435
-29981.610661488947
-5271.046784905859
-14324.123456861491
-19854.7264601208
-22719.992450385722
-24439.846567356697
-25195.561574729258
-25456.591823104936
-25883.174628555782
-26220.40441147536
-26385.552012392458
-5955.911405298804
-16050.351620392596
-22717.20560454556
-26329.868383227906
-27436.286530038804
-28708.0779697019
-29567.968228931124
-30194.14917347022
-30397.13110008313
-30609.432704047762
-5169.176527522004
-15845.717049127832
-22716.975508313233
-24910.717649642454
-27150.38501818788
-28010.219660388724
-28322.87408701118
-28865.80269409519
-29139.66451391926
-29337.3172099277
-5718.380866121003
-17406.942791484693
-22653.411793098498
-26399.07547569918
-27916.786663109135
-29015.383421932733
-29810.497786478034
-30486.853481331116
-30838.802795241863
-30980.90229114095
-5623.339247762762
-14535.871048656056
-20411.340890688014
-23512.667095368015
-24939.265567483657
-25997.424771220292
-26385.29756750282
-27029.53582533937
-27629.546280871517
-27629.546280871517
-5008.580402387752
-16011.932730489589
-21650.156618636363
-24568.79379738795
-26500.597622991238
-27350.460934660998
-27961.319982134697
-28370.682182604534
-28787.94327779799
-29011.245908052715
-6470.811463102254
-16893.76743401149
-21627.931824506522
-24493.809592228434
-26272.371544374888
-27427.6048431576
-28243.041740241126
-29054.944373026367
-29387.548160491144
-29913.486963606265
-6244.328468016611
-17909.683306970255
-23267.63837678585
-25156.211228505457
-27407.003842110567
-27923.660628433405
-28578.42047570169
-28771.258345106296
-29164.832486636227
-29374.503114201827
-5171.391676419497
-16117.340295990723
-20664.03965126301
-22812.641009846648
-23937.19345076238
-24543.786390329376
-25144.15419722623
-25573.166260428592
-25884.030664375612
-26242.493452588205
-5729.760138802944
-16208.824720796782
-21073.853704043308
-25021.486982173792
-27453.693996128673
-28520.326069794788
-29416.950799005914
-29693.02042437243
-30080.119485220235
-30270.952042029992
-6401.839337536138
-15497.42522662349
-21423.15660453755
-23455.443444007396
-25233.38627988299
-26436.129209600764
-27051.38774143728
-27502.347894855582
-27910.997749826278
-28141.01499853122
-5686.406002112807
-15070.058121141576
-20067.599788485106
-23131.347531372016
-25338.764345172254
-26630.801043462616
-27454.936559850878
-27911.9772808608
-28392.163556868225
-28749.597382510707
-6572.968197641742
-16548.956809895146
-21832.98500404193
-26615.976334257644
-27716.106973441376
-28640.209555034642
-29294.685246554127
-29639.732529763074
-30049.024148344906
-30315.6038824433
-5327.696864436278
-18218.036963894887
-20497.15040002004
-23300.569713668003
-25053.130059072882
-25873.852079593165
-26186.017534134826
-26602.123684053644
-26891.940168950252
-27395.160819298802
-5147.885528914008
-15156.186041090155
-22193.878959717997
-25674.14782954506
-27235.912351906834
-27937.55905223965
-28892.182748054976
-29454.94907403242
-29924.43478824792
-30123.46464096363
-5948.80666262567
-15445.012672421857
-21225.13977295911
-24750.186828253078
-26689.133383152956
-28032.14541535289
-28794.819073902305
-29182.709683163426
-29610.233540390716
-29910.349163286224
-5304.435696493428
-15156.327493903227
-21134.60905120412
-24342.98021504327
-25329.350999966668
-26093.293601152895
-26715.952090299972
-27199.611729157325
-27313.87068458242
-27490.94395366453
-6697.476813693709
-17193.652332959657
-22974.543434552164
-25210.37095146569
-26303.282548295254
-27282.321654511536
-27487.353729027174
-27932.310888371598
-28503.706461067133
-28639.64072001626
-5525.144446309123
-14729.26353900595
-20152.784965761537
-24278.3027632135
-25640.580923085043
-26536.65792019259
-27125.069800519435
-27829.6441668378
-28341.12586661182
-28663.960542926925
-6600.270712679338
-16827.887946275474
-23997.63977312807
-27235.717758074796
-28736.423021978226
-29883.280534942067
-31131.557116414635
-31334.659338347912
-31508.504988410783
-31846.48049626351
-6202.043753225594
-18215.557979076108
-22023.192717324124
-25172.056867529245
-25885.52555895677
-26565.05292540797
-27407.86655779525
-28221.615580162474
-28626.153211283683
-28837.012547617123
-7408.413321802386
-17757.678525210664
-22671.67528845573
-24603.877756349793
-25768.8633619192
-26608.66020101692
-26980.53117075347
-27321.998727369464
-27551.010213996058
-27839.618901071248
-5612.711707765819
-15712.546231108901
-22402.234487742975
-24810.797129095423
-26330.56078724782
-27076.936488926094
-27917.86234996741
-28313.642297331586
-28777.05505638873
-29038.92249778923
-6264.855844261194
-15974.21236234422
-22148.340335875244
-24184.76492249245
-25923.14123549705
-26885.53614464848
-27524.459179717436
-28279.120267341936
-28602.424101602646
-29069.149759439242
-6103.295275882098
-16600.340758206905
-20865.524011126414
-24079.276902354275
-25868.768762165502
-26464.228211011618
-27259.834863551518
-27886.752082741266
-28162.649693417567
-28433.56572810813
-5967.90639212335
-17439.12337390518
-22776.66234107032
-26397.625581185122
-27496.70830802667
-28506.867411467672
-28964.78050002688
-29451.76143932148
-29691.78950082909
-29910.960726484667
-5101.36758014042
-16294.583278624357
-22001.2038644886
-24919.690195154875
-26953.1469749539
-27525.116808661744
-27912.549012819138
-28117.79074391568
-28329.503333438042
-28624.501460882595
-5787.320916587989
-16416.765033510208
-21922.760488722917
-24180.273964252934
-25441.01290518656
-26292.396408269942
-26891.52039138843
-27370.890356809105
-27598.41732705437
-27871.599537124308
-6425.702812277786
-16556.974560566454
-22261.185258616206
-25184.589721829005
-26607.364418862348
-27616.861236820114
-28253.146721250574
-28876.51748768473
-29373.93606059995
-29637.928911019477
-7043.10578735989
-16865.422437541853
-22152.089136837338
-24460.143024743295
-25535.483897976155
-26488.070769994287
-27369.926813119775
-27789.291842192713
-28113.303435938036
-28425.528342693717
-6100.535614229796
-17142.304275485418
-22674.0826001652
-24556.694301485357
-25831.30485444816
-26783.554132035388
-27222.37477194044
-27540.088756245317
-27908.49008556986
-28278.018333619482
-6434.0828106670315
-16312.599519988597
-21557.679878306968
-24380.259424841322
-25461.582523442983
-26784.22146498655
-27429.235726072882
-28109.229760058774
-28583.325575293937
-28766.04214361487
-4984.750517601632
-16442.740782007175
-21433.533542490386
-23744.96757798282
-25241.581050174347
-26301.33121852801
-27005.70974159723
-27318.96741874463
-27754.926382852685
-28067.176838977823
-7238.44067710462
-17323.887436100504
-22241.368820942836
-24811.517544154267
-26714.530192325885
-27616.863488984567
-28309.445153909313
-29062.942746770696
-29179.723762975027
-29557.44085218489
-6837.614411992411
-16710.257603454207
-21759.909960135486
-23860.69433338946
-25103.142772918378
-26053.51119609462
-26544.317985608912
-27010.26643061792
-27492.840803923835
-27752.298758552388
-5856.648391997988
-16046.211765567821
-22796.047387382867
-25289.72846205871
-26890.156574425306
-27766.297820027477
-28618.947852019213
-29010.474197622127
-29429.456620008703
-29804.049437340305
-5580.8916816672645
-18519.717585109487
-23547.965398275184
-26071.070037027315
-27586.575491507698
-29174.47428549338
-29683.312055649913
-30601.986723041813
-30953.986814771648
-31127.060546230212
-5467.344683882538
-15777.353536667282
-21346.31387688311
-25177.735843292183
-26812.872965033068
-27709.113400626604
-28520.045343006852
-29177.552422448007
-29341.233740816468
-29486.363385821613
-5238.62334176496
-17100.764186899643
-23700.362041830085
-25859.19396741285
-27517.78488630195
-28455.226565786128
-28834.376809640027
-29195.130021067056
-29618.022288721364
-29801.50397261394
-5544.634817986629
-14370.595005752803
-19953.58988800602
-23305.52994742399
-25393.384163343504
-26280.423983333338
-26941.383973431108
-27631.15887949791
-27964.71292798263
-28340.274425381835
-5959.83550966742
-15267.430977763133
-21673.507622737787
-24031.621152324817
-25595.31033624034
-26367.33263248072
-26956.987318711697
-27328.34382421853
-27853.02412256647
-27853.02412256647
-6783.64482736352
-16870.013434366378
-22743.62969196236
-26059.764025887296
-27552.979761773106
-28591.780931649995
-29369.972900443612
-29914.79780149137
-30316.391393288035
-30729.036402391976
-6430.694605902032
-16020.797204760212
-21931.510042094305
-24587.05806779227
-25508.935678827747
-26530.59642213664
-27307.635177513166
-27795.495923260914
-28511.899626844424
-28922.384220013482
-4968.781249358891
-15792.166120937622
-20437.110442986497
-23442.906855607343
-25731.39494799903
-26545.842214505134
-27383.323316305094
-28069.799124237474
-28371.789098900783
-28489.260688996594
-6134.173526794852
-15328.117683822964
-20432.20606129724
-22649.98106995462
-24123.268197579047
-25151.48861369309
-26057.698216089757
-26692.254070290866
-27073.98469784212
-27313.483321010513
-7103.787636335935
-14806.571479683875
-21493.442809412594
-24031.121971652705
-25915.22807366067
-27268.30705108137
-28139.183280195128
-28699.916691832103
-29066.212263565416
-29317.788584692313
-5133.591771898277
-16668.082785950424
-21993.231130368855
-24515.96705089772
-26042.66515854913
-26944.80136993861
-27562.5307137282
-28222.934099635328
-28378.077425011765
-28650.132787592935
-5381.716055303493
-16113.89484308842
-20340.13512378773
-24088.001563324084
-25971.148744376336
-27159.25240190079
-27923.436580977905
-28249.554280899523
-28612.72408991564
-29083.559249653958
-5999.951159262523
-16678.651943805336
-22059.208031822724
-24897.569201795173
-27060.023842838906
-28455.34069960481
-28880.003716712512
-29320.028124513305
-29600.303051893734
-29893.375086697164
-6199.290211057027
-16342.3048177454
-20937.62681221394
-24335.418468272826
-26034.122509538778
-27076.422217424155
-27542.584836315193
-28142.500634395317
-28406.80416259343
-28845.32583603628
-6373.0095586446805
-15754.099775038652
-21332.009906079868
-24060.110578226686
-25734.64618256391
-26935.450206354424
-27764.985740513017
-28411.975716559267
-28770.65957375667
-28975.10923499413
-6568.029161870983
-17222.831446975506
-21082.389628221375
-23921.52603728172
-25946.386413855136
-26827.372248408206
-27765.437595526902
-28181.865203903606
-28700.386615929656
-28891.455640715372
-5517.164983878153
-15896.649244409302
-22123.051154258737
-24865.760997999805
-26050.39837843357
-27065.40568874639
-27935.2516537942
-28487.92542535588
-28835.282495816355
-29068.904808716623
-5848.8866510020125
-17207.47605542257
-22028.289787054575
-25217.798049972243
-26500.203745248076
-27297.90755736541
-27850.5511719203
-28416.495281598956
-28558.484246802564
-28667.648112757168
-6756.156177928865
-14809.508485415297
-22225.938668627197
-25640.85856747862
-27728.501820233734
-28793.615347519586
-29631.42917380297
-30142.314930644865
-30780.643942560735
-30920.77260189986
-5905.291911857156
-14745.828921540728
-20780.039901308115
-24286.59623224869
-26059.242513707453
-26979.690690808427
-28126.661226504184
-28639.031391306577
-28846.131452044392
-29220.780098520117
-6341.902934750143
-14745.152705687411
-19253.157770658632
-22937.088888496568
-25247.505095165747
-26504.577938985396
-27569.761563743432
-28179.977058566983
-28311.07077156448
-28595.10775718077
-6683.307334273225
-15581.087944773462
-21579.972204759244
-23642.322960263806
-25344.119982517306
-26037.494460006423
-26772.31528950867
-27458.84503957634
-27827.631197081493
-28088.104215844938
-7386.188839013626
-17010.256821546867
-21484.35376105366
-25534.88501925138
-27180.224382323697
-28608.07538266405
-29397.97946181855
-29743.11988843707
-30063.22590778782
-30276.64537644572
-5102.718055367121
-17840.814330110414
-21765.427687773466
-23647.9354839247
-24860.18230378538
-25961.519204679815
-26981.65164864345
-27824.656534217047
-28159.116761365847
-28581.414020349646
-5027.015180353707
-15515.210158891454
-20506.111882548903
-24027.754372299067
-25481.143230338424
-26532.374600965577
-27243.425041856735
-28094.884265488457
-28443.594498048766
-28787.39650040287
-6537.1803599014265
-16192.70928477409
-20910.658788798406
-23922.33121597509
-25740.391611554776
-26691.859489923856
-27351.580762270107
-27770.78584937357
-28013.63189723465
-28261.62244104198
-5086.634711248479
-15989.467492435073
-21707.215577866416
-24142.991343036956
-25720.359648785794
-26865.641117076662
-27483.704661900323
-27936.875545599352
-28500.74870502808
-28812.240888722306
-5947.90093058556
-15681.554725342095
-21129.398567323526
-24940.042535549623
-27099.428428898696
-27757.940330768095
-27987.278371901397
-28337.068063968727
-29020.17474204588
-29167.94637444549
-7154.227502444393
-15582.839552267858
-20610.491872218132
-24736.97005955071
-25762.89271482863
-27073.996086021154
-27931.216970246634
-28364.240592501446
-28659.868134131662
-28743.029399531664
-5731.933020219991
-16615.482153588437
-21043.61028383408
-23441.513950258635
-25054.460381725803
-26226.898540649763
-27101.408102609148
-27308.33210550789
-27602.90432276594
-27846.005917933755
-6832.9250909589955
-16080.88616673514
-22619.40707996211
-25227.69245277538
-26512.027283314663
-27658.28648627351
-28237.246439825147
-28860.339777283545
-29163.51859562655
-29330.014359242658
-5547.177550063721
-17035.824308621373
-22270.596695841537
-26108.39431624803
-28334.853433590008
-29489.303456840604
-30257.156351465095
-30619.035373435374
-30778.035050546358
-30961.149360636347
-5271.16145220488
-16598.533224745486
-22432.37952557201
-25096.491830362625
-26684.244688432515
-27856.23899669439
-28376.30644477372
-28782.673901689846
-29093.283674245566
-29465.366241274445
-5464.169004640198
-15676.898957237016
-22478.793733508188
-24999.181145075854
-26714.342107933902
-28275.30311870832
-28757.21684091872
-29253.03953425636
-29706.088225166743
-29925.212104223636
-5666.721619639737
-15059.067069190924
-20551.531252351062
-23483.090042431162
-25299.82005514061
-26670.77380590208
-27232.319041634524
-27897.23050603996
-28145.72500250481
-28388.94789604366
-7113.987256849351
-15749.704128430265
-21473.23709698621
-24663.81920726281
-26081.089093320024
-27172.320295917423
-27661.963539667344
-28270.230754102126
-28678.68447681103
-28966.948366537123
-4935.099236979872
-16018.541804506473
-22239.265778408524
-25342.786630015667
-26483.71776472828
-27572.129128976227
-28620.84760110896
-28906.56459557894
-29493.366485917326
-29951.255997843207
-6525.549246927968
-15406.325260209871
-19994.13770950515
-23092.210830488963
-24638.811490076914
-26126.161105588504
-26855.93639604069
-27728.878733700818
-28195.23654029834
-28494.574848940618
-6268.008966076878
-16154.80703481318
-21376.788538932804
-24489.084283857024
-26421.35484294357
-27590.068947422587
-28506.695667162716
-28777.747661221496
-29061.314866942797
-29328.873821657184
-5434.524707687191
-15806.064690867632
-21423.53168548886
-24656.456167854707
-26362.348937916948
-26908.65903627693
-27445.252394314888
-27820.16948623064
-28269.899443233666
-28350.82803316889
-4869.003412734697
-15820.389866417561
-20060.383147718727
-23603.97999764315
-25284.482548046908
-26507.96595984616
-26994.329577490655
-27289.901515978796
-27560.919889339155
-27684.5633909432
-6222.814319530616
-15994.472485065557
-19905.938117162157
-23292.226586439705
-24546.094903961763
-26070.52704485389
-26987.126724092162
-27410.585094684106
-27924.702443930884
-28131.15796709979
-5329.370698271123
-17047.74662399404
-21873.795093129633
-24175.326004516934
-24877.17990404573
-26088.71786946235
-26609.080406452216
-27408.737708654393
-27681.794019544755
-27952.731246720596
-5529.147698659526
-14893.764353708659
-19538.295887021228
-21382.623000396474
-22753.93412221286
-24172.580305412135
-24854.044113617274
-25553.69103107896
-26073.661555246472
-26234.575741638015
-7446.242501546011
-17025.795053901536
-22054.7739452661
-23966.429850523822
-25667.177554825885
-26632.8118577501
-27832.885907214386
-28471.024470586563
-28856.540544080362
-29249.833399397703
-5757.202287453508
-17189.07003246876
-21006.071611049127
-24622.1191437574
-26440.911553093567
-27980.351754001134
-28704.264921079473
-29242.152360602544
-29618.312897431904
-30015.49282488963
-5604.036805419602
-16958.70879808501
-22295.29045635476
-25210.672171565693
-26102.981364416883
-27259.838427175295
-28141.12589118958
-28575.847746537605
-28793.690814586615
-29165.349583760624
-6780.189388187449
-16881.147402174676
-22263.10354667355
-25067.64451541923
-26952.49092990995
-27937.659094415332
-28439.62425258785
-28910.316252053366
-29272.748282373268
-29664.006092708565
-6489.11330143048
-17939.815875941455
-23718.39577974372
-25888.266271212775
-27833.311174676757
-28491.178976680407
-29318.948871184075
-29525.389509572575
-29866.99275145947
-30078.407155310928
-6997.585042040956
-16112.510000749642
-22408.76521702182
-24643.10925439622
-26713.6079825622
-27566.177517138673
-27886.897645057066
-28238.623968684755
-28502.682745059858
-28682.7811320791
-6012.5394236283155
-15959.017891262854
-21034.96377247633
-23214.31216009245
-24630.735910978783
-25524.283248169933
-25954.226559428538
-26073.607422577476
-26626.74109987022
-27147.30995903368
-5708.780072341807
-17178.56553305358
-22324.580564530337
-25609.15889549697
-28392.828607895768
-29036.898925964102
-29644.555543948205
-30090.548141591426
-30637.693272411314
-30752.018630428753
-6795.830041660869
-15775.813183134334
-20388.70804294224
-22525.20908587597
-24229.436297506672
-25251.41669193276
-25565.171066658088
-25804.45218457179
-26297.301231872807
-26460.631900529534
-7353.7378398508
-16942.36066714525
-22092.57235371533
-24494.698451823802
-26068.862425699837
-27256.602247712584
-27771.326182066503
-28148.59404312317
-28442.89698213654
-28583.300825316444
-5143.386662639853
-15798.06341392765
-21220.199233218762
-24284.893057556972
-25570.75762052134
-26447.36189473591
-26763.90300871769
-27385.90262015591
-27694.9471984835
-27942.005502430857
-6269.321894150653
-15351.80268451994
-20408.39932638943
-23380.469984850995
-25209.34691857973
-26040.52825112539
-26826.828257244106
-27415.70871896669
-27904.341005333175
-28325.074352414722
-6484.378908719468
-16002.60995784301
-20023.78032410549
-23628.585657410807
-25365.2072066223
-26263.263138707163
-27227.640773722687
-27710.134194210263
-28149.620736199948
-28559.151232153537
-5564.829119998002
-14859.757588046188
-21454.40649867715
-24387.654764829625
-25272.03338627106
-26542.899318149168
-27114.5758877859
-28157.32296063563
-28618.51628005654
-28891.872881325286
-5685.558553592103
-16224.15742865935
-21259.094621163764
-23360.620752467185
-24743.63966601378
-25805.294163011094
-26572.33558976609
-27561.653839113354
-27878.695673546343
-28249.380014068018
-5652.478928284616
-15518.21808752889
-20708.720835722685
-23590.50071988924
-24946.044427148994
-25541.4153406248
-26653.750474858458
-27031.11257020807
-27495.793210583066
-27756.561206035567
-5825.793771947121
-14671.305073771679
-21453.682304007616
-24853.82395349442
-27081.110325972084
-28009.736455092803
-28582.59918913642
-28933.90144270841
-29184.123105987033
-29391.459551424712
-7304.667325976409
-14855.719232052401
-19662.619987161906
-23359.516205276224
-25346.673089775722
-26445.252302960373
-27408.97397393266
-28059.631412416096
-28358.88990813644
-28609.15318661446
-5586.631431065369
-15203.69939370359
-20593.499984938877
-22443.217159563374
-24372.920396787616
-25092.194101108766
-25578.009630530607
-26104.963136052676
-26385.036249227825
-26476.864545667457
-5948.613547944479
-16676.885981117543
-22771.241469530712
-25371.08041821574
-26686.40991056746
-27313.199309450523
-27839.313111878662
-28337.108977946737
-28569.250748251365
-28980.080478601834
-4588.11063420493
-16436.95855851221
-21634.901864045147
-24432.37784698077
-26000.565701508644
-26734.130075995905
-28100.633375335936
-28572.212498564124
-29089.087273756162
-29353.465997610958
-5741.616814638879
-16132.575847872697
-22092.98531812242
-24509.085255165868
-25516.47135769175
-26776.355132040168
-27639.012877004418
-28642.81182971826
-29094.743181484802
-29584.43173948372
-5338.001565479362
-15503.997361428996
-23155.51975413141
-26388.004909186348
-27990.370940507717
-29180.15968122103
-29937.17660221083
-30624.405412720036
-30897.305320649884
-31252.30045364469
-5481.643838503582
-15256.312572840821
-21187.25459331899
-24081.061446810265
-26144.328519550632
-27617.538222235115
-28277.069289614505
-28807.74388856194
-28945.487297038293
-29219.536145862723
-5029.007011858781
-15481.349140526892
-21107.435928851886
-24702.77484654744
-26346.32736735947
-27265.514256408806
-28172.74048531341
-28607.564955483926
-29060.41680111452
-29252.96090069604
-5818.108128893174
-15984.370154803008
-21863.317889968916
-25113.241193458707
-26743.930468122344
-27522.053708334617
-28023.270611275337
-28645.33354068642
-29446.967588806277
-29771.442390754684
-5771.5441009348715
-14270.55888766232
-19415.28526495334
-22477.969139581648
-24415.315084519894
-25938.598813164288
-26718.27590889371
-27285.3850822407
-27528.48775649901
-27739.033012501965
-5705.848974046254
-15584.21745045643
-20931.48654689409
-24434.79640725236
-26557.91051427505
-27442.499580918775
-28159.1398384434
-28639.583317923283
-28876.35729374018
-29032.359850068984
-5126.277690451945
-15658.703986189948
-22753.75354743426
-25176.71881049296
-26662.11430665726
-27713.208065988136
-28332.746583994878
-28658.32515346954
-28823.764013758617
-29123.94359903027
-6501.911020047775
-16642.121278296487
-22607.672529328876
-25870.825662628733
-27918.845230967716
-28775.006692801755
-29458.023034615737
-30021.13402127558
-30419.846368873594
-30614.81708888418
-5451.0834935471585
-17517.175475426775
-22262.286650584367
-25422.898960795563
-27030.014627728768
-28146.569037206307
-28764.39138309962
-29536.871888185917
-29831.2373473706
-30376.9695803445
-5268.170063313723
-15033.280583767024
-20743.07521040782
-24046.08403288543
-25801.34712082655
-27278.654874079493
-27748.215153695455
-28355.497640279147
-28776.570279517277
-28844.520296854702
-5257.822657189532
-15405.967364818223
-20955.711888794805
-23218.57853882357
-24588.78516532383
-25543.11565470817
-26652.962245484498
-27250.36473522901
-27937.8668768502
-28207.381165676834
-7479.5988144949515
-15765.03029838688
-20157.279973289682
-23102.142766802885
-25202.53597656278
-26137.438383490917
-27073.770745985978
-27707.565683108664
-27909.224005705968
-28312.62251046178
-4973.6308595012415
-15917.55017157599
-22366.9401978805
-24913.706857762714
-26376.15113073505
-27251.565228554053
-27813.029721073228
-28332.38219162778
-28864.12691490238
-29158.29950440138
-6263.126985904836
-17231.004006133877
-22611.986630293457
-25184.551973955953
-26529.545176510794
-27936.479387550793
-28194.76491914624
-28603.53513690095
-28977.872784617135
-29446.22414078569
-5595.1357246264115
-16548.56093104074
-21991.40187025937
-25027.431852588463
-25772.017495585078
-26661.547894924563
-27387.476752634288
-27976.509477225707
-28081.986357500584
-28344.482599049992
-5111.85918860121
-14625.236493453822
-21558.998454999142
-23876.250889995783
-25473.435684919325
-26178.8300489268
-26948.795858961836
-27384.089049024566
-27715.189993771506
-28001.386132579475
-6135.0209928516315
-14984.296240441912
-20877.300831497214
-23573.58473727685
-25216.213184735185
-26444.38997081452
-27498.480898816004
-28035.243748854613
-28283.480609073515
-28701.00687029732
-6825.202090994311
-15546.765610240705
-22886.502140469845
-25357.500599920153
-27154.863050075095
-27883.88662469805
-28410.540943317526
-28962.204112334108
-29186.232418968477
-29675.44168173941
-6210.61323455331
-15429.450663404008
-21473.244966986145
-23957.52494376356
-25445.38136924464
-26230.027208252213
-27273.87328538784
-27766.956164827803
-28163.790697584584
-28703.73411228699
-5712.911555861878
-14529.46262830474
-21130.10136311263
-22925.265262773104
-25025.75277719011
-25979.69976864469
-26810.15100722067
-27213.175341589587
-27541.221196513903
-28058.510602946724
-6044.0296179988145
-14850.928599604085
-20012.55614982513
-23556.425868835064
-25392.152169776833
-26341.718286055708
-27280.047530536216
-27645.794461642326
-27945.570069653408
-28147.67892048538
-7096.279699753529
-16133.187521433727
-20922.43580034761
-24556.81452224342
-26279.584312449268
-27208.67277521649
-27954.666042669884
-28448.30991634561
-28803.109496087807
-29041.997083412964
-6340.156422125759
-14427.059285243571
-21026.10787824003
-23016.93173391703
-24717.825958710077
-25920.220063423025
-26719.929690632503
-27210.995348477336
-27874.28918974013
-28270.574551349764
-6501.17176062072
-14403.339107036287
-20486.735969444122
-23601.33300226182
-25705.183480113166
-26785.542473303183
-27489.49876982054
-28079.884794283593
-28404.879210927753
-28850.213847419178
-4675.097394555079
-17014.376956087293
-21642.67369562013
-24517.991536647714
-26552.311483096913
-27085.608140163517
-27680.945177837017
-28390.07815395112
-28971.280331632297
-29512.93647539463
-5207.0893242195925
-14427.59585144611
-20839.733645928696
-24214.969371996252
-26138.811248839596
-27218.326477597093
-27714.514598131856
-28264.28522482192
-28821.441548978393
-29192.566277265396
-5991.426102856297
-14046.670046226678
-19875.157020909435
-23539.342385975382
-25336.28043738131
-26018.69777145017
-27182.622487367677
-27661.39136423166
-27888.959716580663
-27999.91964015029
-5850.167004998214
-16036.028202690977
-20980.26825229394
-23186.113021683304
-25183.134095762336
-26170.49207885334
-26479.30999324994
-26805.2269173572
-27153.196932304647
-27331.999505879914
-7277.798851225931
-15678.52113041845
-21041.329113800537
-24228.844917970804
-25609.691938040713
-26354.968099671485
-27459.546913895017
-27815.35495132244
-28356.268885085094
-28747.119695317353
-5154.903295055117
-14434.859971356731
-19519.22112737265
-22393.429675039166
-24332.928494801676
-25585.278148876238
-26644.562880313784
-26862.642951479353
-27323.175681176595
-27427.92536305434
-5152.586938058821
-13687.999985217226
-19873.680962454044
-23228.026011099562
-25475.63006816575
-26489.58666602626
-27147.008173528273
-27906.74330118888
-28231.319932480706
-28629.969894908507
-4712.401806602876
-16310.318025022048
-21629.50490282533
-23663.11814994411
-24936.161577211245
-26417.581319586017
-27192.310029112945
-27696.64237960166
-27940.41572771584
-28105.488582204194
-6935.082039184468
-16593.759255716417
-21674.353524343278
-24984.582359142365
-26914.501622064603
-27776.71195339466
-28258.911241830687
-28613.301409808362
-28748.573344599106
-29002.762349174965
-5183.968494854279
-16278.445397438305
-19492.763444723092
-22090.270160023934
-24177.935557933648
-25343.200077832513
-26126.272594566017
-26915.100344585775
-27170.857635822595
-27511.50067203739
-6152.259196611463
-14308.073133836033
-19951.100220775377
-22731.47171884865
-24661.034584928686
-25627.787630233324
-26562.261050333025
-26924.36380311895
-27370.22085290586
-27725.594075299006
-5933.437901470388
-15347.12345846537
-22015.545380120737
-25342.206591316957
-26859.337335915225
-28170.97802893696
-29046.968122094528
-29438.24356862765
-29844.040502988122
-30203.830926647814
-5554.342940242455
-15386.719994355917
-20804.659693149148
-23039.627838073277
-25165.89467117265
-25716.185924358855
-26433.84560848386
-26887.458262303026
-27166.68411296851
-27375.012444637116
-6431.6047491734535
-15477.40499883904
-20486.814413019216
-23669.528168837944
-25354.521382304156
-26621.649188690466
-27477.204307270487
-27879.064589364985
-28063.369212580234
-28397.948245162057
-5609.5038514734
-15599.576798678372
-20340.869972560704
-22674.029290809358
-24305.488286109106
-25498.905743146956
-26336.149281469443
-27133.361850781563
-27421.409777158744
-27664.51037186959
-5482.640011348127
-14382.905313622146
-19199.122714822242
-22230.867391176027
-24187.495916380398
-25427.89030930655
-26049.319170387873
-26484.869134341436
-26936.237950335835
-27436.340829098343
-5724.505227179877
-14982.110554844872
-21156.642330239978
-24338.146980748017
-25957.46479911764
-27038.047502997622
-27529.63459102808
-27820.046478153923
-28159.533340197067
-28594.636245199083
-5097.891323213365
-15096.396483926908
-21014.85169313206
-24789.44300153813
-26540.874689126544
-27760.841996248175
-28729.4777841664
-29118.734199110502
-29271.412732333516
-29786.615104340992
-5178.0886980529785
-15623.866097481832
-21886.49954531426
-24759.644709286822
-25937.140863734294
-26663.848191757417
-28197.921630037883
-28973.080009331225
-29295.09069569736
-29574.977434284967
-6081.890868694656
-15735.74107061847
-20548.243895440042
-24130.908734964283
-25729.780847594877
-27000.100619305
-27419.10969094043
-28303.289687388624
-28669.375551832672
-28857.12944909861
-6255.821090049781
-14024.330014813371
-20159.04177373371
-22519.39501853311
-24380.269380051745
-25904.904266534224
-26524.283231757272
-26847.053691485067
-27380.035974930895
-27613.9092229764
-6804.110966754831
-15864.059072737511
-21453.329612485588
-24716.139190905433
-26620.061758899752
-28077.435133599516
-28483.58172147727
-28877.761945174905
-29424.112411518992
-29573.433759381303
-4764.620446794311
-15910.061786649552
-20762.189026982473
-23249.35985294034
-24981.086319753187
-25831.727356211726
-26604.224074814665
-26991.963834941165
-27344.799475960626
-27511.580632356407
-5240.964707998218
-15878.182027506671
-21757.309375244848
-24439.49435947048
-26309.897645097033
-26986.936292838553
-27873.223996733173
-28446.805646051555
-28761.895187200433
-29142.957870509053
-6719.815355669194
-16984.357331105144
-23247.581661515447
-25952.199299830718
-27239.23455855706
-28460.546871557828
-29554.975859957256
-29958.618557596434
-30432.901454931583
-30687.63839949872
-6318.001317181576
-13844.365748508792
-18838.377555028208
-23021.425415232545
-25551.927767676763
-26780.294724918676
-27346.89478188978
-28042.850005307126
-28305.220137032138
-28752.179756758236
-5288.3038102932
-17621.03418512226
-22462.411717782128
-24198.794110185125
-26542.055668916128
-27061.23582022781
-28129.87884716963
-28597.198863820468
-28909.740105882414
-29218.22749006288
-5503.122330675819
-14679.686580323782
-21712.62412983282
-25022.9695072863
-26940.695404387436
-28401.658931227335
-29150.486539330424
-29999.606279820226
-30332.60366493063
-30593.99377797165
-5866.714086896191
-14528.762384821597
-21182.072941625815
-23031.37278481421
-24726.584724556153
-25489.47651818958
-26135.42318476908
-26724.776651635344
-27060.592063273245
-27218.879587083673
-5056.868979068331
-16689.488910822485
-22959.70053661995
-26174.928968858923
-27712.1555632844
-28859.50798328598
-29694.398142322927
-30252.780806496008
-30500.284290539188
-30730.62684304823
-6554.532594774642
-16226.960599331593
-22266.458324585303
-24640.10133485826
-26100.293940735577
-27587.45680443526
-28072.40603595678
-28623.27422600425
-28998.071318057366
-29278.609327271995
-5668.0846356283055
-15714.923673302226
-20800.97917256026
-22839.42752731974
-25055.421446588654
-25994.853936212534
-26633.436810639585
-27272.25702671813
-27665.533380877507
-27986.711040779443
-4800.616219491947
-15781.528750408024
-22604.037687757555
-24903.57672489739
-26387.64514958301
-27233.051850441047
-27789.661925507768
-28261.262131502463
-28773.558364281467
-29032.96696752386
-6078.892331759184
-16528.5039622871
-21649.312406211557
-24737.89437717331
-26643.831445712167
-28122.151486299987
-28782.025677480513
-29050.51969853156
-29466.735508074828
-29721.80282523182
-6464.194121517281
-15463.373715415682
-21211.810813776025
-23571.98130939118
-25077.543502851462
-26088.93102945077
-26658.280581305804
-27278.988308707892
-27396.169125759738
-27654.936373726232
-5529.930824939911
-16108.265356999082
-22921.48949693817
-24906.256427976754
-26981.759305306285
-27593.378004299055
-28524.83104145169
-29074.223633187703
-29455.640118898547
-29770.03587498198
-5857.146415970838
-15926.395852637053
-19515.989067487662
-21714.89684645089
-23330.631346312402
-24688.22682826339
-25769.852501238078
-26316.9760134641
-26877.922519171367
-27286.59900109641
-5229.3943143287415
-14616.978283344675
-20712.734550977475
-23792.091313291246
-25544.68301104188
-26395.36157157309
-26985.91449223821
-27840.327451787296
-28183.467047640093
-28293.552578944982
-7476.589458671445
-17137.833735809083
-22133.95880462666
-24376.14059489842
-25606.322621348158
-26595.540400222617
-27067.769786644065
-27571.308888431835
-27996.91054834622
-28355.448132996993
-5189.745984009384
-15432.137104147494
-20349.23870119711
-23960.24085735999
-25622.823404692102
-26400.561950717074
-27259.145147771604
-27718.535503824034
-28005.38499379298
-28189.75083891973
-7217.519786696502
-16223.956427979134
-21110.4114607774
-23112.43037829763
-24559.092596490696
-25083.95345597794
-25850.65246905947
-26224.17320509045
-26673.040734725084
-26826.49785260345
-5743.271816885952
-13239.950031075312
-19772.623255608505
-23001.78319449508
-24864.938704953154
-26517.073928638514
-26965.807689360274
-27413.60873481225
-27712.087030749008
-28034.28285527009
-6315.851925262429
-14940.155862814952
-21316.959609080903
-25203.382360316118
-26168.028260730163
-27863.9595751133
-29246.378983859464
-29353.594855359996
-29765.385367602652
-29916.95518963022
-5602.763868123697
-14391.838349565447
-20691.09197887435
-23070.67323636383
-25620.02523383598
-26707.384490972032
-27457.766238443666
-27769.616044958188
-28231.263467621582
-28360.182762040695
-5534.364510938164
-14276.991410675799
-21637.651963459615
-24106.75289022785
-26127.494762794384
-27179.868851970874
-27655.811477316776
-27941.701458980802
-28351.127256219734
-28653.069690908113
-5462.947241733808
-15794.58298158695
-20920.867847914422
-23597.37525725319
-25414.427103743677
-26630.52857955121
-27326.914665080185
-28137.689713476528
-28388.338829039694
-28779.576732729485
-5328.176946678634
-17597.17989681053
-22995.151645472026
-25198.721705941432
-26514.519042399686
-27521.70285578998
-27977.800656779622
-28474.96636465034
-28731.98904478505
-29000.31010545364
-5715.429737821723
-14981.355672997595
-20495.981045816952
-23257.519311221597
-24533.783651729118
-25326.61410929435
-26112.41627040166
-26705.909807904387
-26831.76072052656
-27228.054785278513
-6059.868024493952
-14833.359993672193
-20011.949266790147
-22502.46888360859
-23555.24597079897
-24845.518906351874
-25516.467538890913
-26184.958195714986
-26571.032828078376
-26873.15266790583
-6019.828219538479
-15437.639112149438
-20651.814952882654
-23695.545441036687
-25764.43631435945
-27324.761498985914
-28099.47563735469
-28440.027813586992
-28802.919844717024
-29229.04003131034
-4841.33617319865
-14217.876715641958
-19882.81260809324
-22735.787886592276
-24111.296818881678
-24737.7189649912
-25629.883088681112
-26203.9543031972
-26607.87043925627
-26906.248920821243
-5590.750143466841
-14744.475625889918
-20675.620192537484
-23902.903090460135
-25346.12925647849
-26889.460449450333
-27806.283917321878
-28213.614002122922
-28509.811912608973
-28855.135298288416
-5451.651166353423
-14625.29151912022
-20469.02604189482
-24167.446533020007
-26268.520513133397
-27590.164410156944
-28461.17925288928
-28948.546972176922
-29161.820181420713
-29541.012200261583
-4913.834557437858
-14838.102812517025
-19884.164158939246
-24321.356177290334
-25937.972579710757
-27360.05633352841
-28010.515578468767
-28335.075881294095
-28757.067522606696
-28999.78138213532
-5624.538804183196
-17120.35420136788
-21624.680048643593
-23745.020188899198
-25552.6701652871
-26652.781985617807
-27346.700292975
-27717.669436787128
-27978.0214461956
-28335.507234985336
-4972.121124640594
-16650.03298656044
-21636.21339192055
-24549.79095695274
-27334.68356869783
-28411.617986165944
-29238.953419272166
-29535.56723528094
-29744.24042740378
-30086.457622555143
-6435.255441380969
-15422.036238158704
-20376.07393209915
-23359.37499906627
-25070.480613150812
-25959.50988017254
-26461.849823735825
-27092.091681239646
-27454.94275284068
-27842.839669832683
-6982.571140228913
-15747.68545203153
-21612.71743093511
-24815.940036277098
-26713.81168885725
-27639.371379579326
-28143.98681517767
-28600.389395469752
-28936.453174959603
-29439.1531531748
-5321.175428902914
-16196.650921679873
-22293.42227091584
-24938.21181088169
-26571.6007455727
-27972.52479031136
-28458.045399924766
-28902.780218933047
-29302.050790653153
-29491.567217087166
-4658.430726001879
-15663.012509840646
-21093.43143893321
-25251.702178495903
-27470.26287063511
-28176.881535405268
-28930.279613359835
-29182.659879628874
-29449.185405004333
-29742.680846811185
-5985.227329452923
-14559.60099377043
-20878.484386224725
-23425.777303177292
-25215.332433398613
-26414.39370750278
-27049.55447834819
-27849.239252706306
-28370.34415621944
-28598.330572360654
-6358.479469419892
-15235.06340802077
-22001.07381202846
-23679.472170079618
-25192.347659433715
-25935.65705779899
-26763.767927888388
-27290.62671404197
-27634.523047012437
-28036.254721113746
-5895.585459245691
-14834.768538221755
-21392.848261770374
-24601.481427645977
-26765.791654623026
-27512.117087547922
-27974.20422219545
-28617.552850615535
-28834.124915617645
-29047.431422666396
-5238.071641170843
-15590.813716648076
-19815.14631065211
-22591.322362188443
-24372.239620760975
-25002.676990875927
-25588.99280253435
-25995.941564945082
-26301.579130045087
-26671.479761713526
-5757.498088597836
-16598.96477919128
-22507.437840470848
-25736.82663730693
-27753.205506343707
-28650.20673895353
-29148.16369382086
-29501.157749066704
-30011.206867308952
-30281.918743427894
-6550.135239137587
-15010.86221221364
-21112.53851821253
-22972.263848047336
-24394.12363315072
-25938.342603458612
-26344.96811684181
-26905.642661167036
-27485.55657219589
-27811.336310098068
-5960.596440036421
-15933.569771334227
-20665.88624270633
-24460.92753156891
-26622.359753800494
-27833.91882618808
-28514.43562142473
-29143.587382690603
-29784.201095295117
-30050.585123665158
-6470.860344743343
-16338.6749381391
-20319.423805271515
-23627.131276519623
-25035.352891946506
-26123.563839393664
-26599.835473541916
-27120.727225599792
-27583.144567178653
-27791.063328955846
