[[[ 5.07759428e-07  6.15928533e-10  3.21240616e-07  1.70377348e-08
    1.06007263e-07  5.44577448e-08  6.48751486e-08  2.17192594e-08
    8.21439007e-07  2.21929577e-08]
  [ 3.00000000e+00  3.00000157e+00  3.00000000e+00  3.00000071e+00
    3.00000000e+00  3.00000043e+00  3.00000178e+00  3.00000000e+00
    3.00000000e+00  3.00000000e+00]
  [-5.08767182e+00 -5.12882275e+00 -2.76589733e+00 -2.75193356e+00
   -1.04028110e+01 -2.75193356e+00 -1.04029109e+01 -3.72430032e+00
   -2.76589730e+00 -2.76589732e+00]]

 [[ 1.66137912e-08  2.30576481e-07  2.55733563e-07  5.14372015e-08
    4.61721697e-07  1.16490775e-08  1.26479945e-07  9.00825973e-08
    1.60231814e-08  5.18499034e-08]
  [ 3.00000003e+00  3.00000002e+00  3.00000000e+00  3.00000000e+00
    3.00000000e+00  3.00000000e+00  3.00000022e+00  3.00000003e+00
    3.00000000e+00  3.00000278e+00]
  [-1.04029197e+01 -5.08767182e+00 -2.76589728e+00 -1.04029170e+01
   -2.76589733e+00 -1.04028249e+01 -1.04029330e+01 -2.76589731e+00
   -5.08767182e+00 -1.04029173e+01]]

 [[ 6.77485252e-08  1.24913219e-06  1.51646883e-07  1.53413147e-07
    1.52367103e-06  6.02296804e-07  4.70066990e-07  5.34030558e-07
    2.20858708e-07  3.83754619e-07]
  [ 3.00000008e+00  3.00000000e+00  3.00000000e+00  3.00000001e+00
    3.00000016e+00  3.00000000e+00  3.00000000e+00  3.00000000e+00
    3.00000079e+00  3.00001818e+00]
  [-5.12882265e+00 -1.04028124e+01 -3.72430028e+00 -1.04028726e+01
   -1.04028264e+01 -1.04028124e+01 -2.76589530e+00 -2.76589688e+00
   -3.72430033e+00 -1.04028900e+01]]

 [[ 3.57344871e-07  8.06306675e-08  4.80243631e-09  1.29076149e-06
    7.50791234e-07  5.72632605e-07  4.47133989e-08  1.98778595e-06
    5.03151170e-09  3.04883722e-08]
  [ 3.00000000e+00  3.00000000e+00  3.00000012e+00  3.00000000e+00
    3.00000000e+00  3.00000000e+00  3.00000000e+00  3.00000192e+00
    3.00000090e+00  3.00000164e+00]
  [-2.76589686e+00 -2.76589709e+00 -3.72430034e+00 -1.04028759e+01
   -1.04028166e+01 -1.04028437e+01 -1.04028909e+01 -2.75193349e+00
   -2.75193347e+00 -1.04028121e+01]]

 [[ 8.90640001e-09  5.75661052e-07  2.24129280e-06  1.75630703e-07
    1.62816319e-07  1.09770355e-06  2.31761695e-07  2.38970021e-07
    1.02467626e-07  6.02335696e-08]
  [ 3.00000000e+00  3.00000000e+00  3.00000034e+00  3.00000012e+00
    3.00000000e+00  3.00000022e+00  3.00000000e+00  3.00000000e+00
    3.00000000e+00  3.00000000e+00]
  [-1.04028735e+01 -1.04028661e+01 -2.75193356e+00 -5.08767182e+00
   -1.04028109e+01 -1.04028175e+01 -1.04028224e+01 -1.04029083e+01
   -1.04029397e+01 -1.04029194e+01]]

 [[ 7.68187143e-06  2.14305779e-08  2.19746509e-06  2.43042422e-07
    5.67771594e-06  5.60221394e-06  7.86776487e-06  7.73251427e-06
    1.42574925e-06  4.74576118e-09]
  [ 3.00000000e+00  3.00000000e+00  3.00000150e+00  3.00000060e+00
    3.00000000e+00  3.00000000e+00  3.00000178e+00  3.00000000e+00
    3.00000000e+00  3.00000056e+00]
  [-1.04028607e+01 -2.75193324e+00 -1.04029397e+01 -2.75193333e+00
   -5.12882206e+00 -1.04028707e+01 -1.04028986e+01 -1.04028401e+01
   -1.04029315e+01 -1.04028777e+01]]

 [[ 9.44704401e-06  2.04267250e-07  1.69744683e-06  7.30277567e-07
    4.34712277e-07  5.60629106e-06  2.82733240e-06  1.24437852e-06
    4.52309598e-06  1.74632610e-07]
  [ 3.00000455e+00  3.00000676e+00  3.00000005e+00  3.00000000e+00
    3.00004175e+00  3.00001808e+00  3.00000029e+00  3.00000000e+00
    3.00000000e+00  3.00000000e+00]
  [-3.72430007e+00 -3.72428718e+00 -1.04028232e+01 -1.04029176e+01
   -1.04028708e+01 -3.72430017e+00 -3.72429323e+00 -1.04029199e+01
   -2.75193349e+00 -3.72429945e+00]]

 [[ 5.00924236e-06  2.08396163e-06  4.44882653e-06  5.61897738e-08
    6.32603025e-06  9.62880173e-06  5.13395835e-06  1.45749052e-06
    2.42409511e-07  6.13348553e-08]
  [ 3.00000008e+00  3.00000000e+00  3.00000003e+00  3.00001277e+00
    3.00001881e+00  3.00000004e+00  3.00000074e+00  3.00000021e+00
    3.00000109e+00  3.00000004e+00]
  [-1.04028845e+01 -2.76589674e+00 -2.75193260e+00 -1.04029283e+01
   -1.04029024e+01 -3.72429943e+00 -2.76589731e+00 -1.04029395e+01
   -1.04028673e+01 -2.75193277e+00]]

 [[ 1.70882427e-13  5.63146473e-14  1.38773062e-12  8.43322133e-13
    1.51814405e-12  2.02909649e-11  2.49250458e-12  5.11210535e-12
    3.79238985e-13  5.78079631e-12]
  [ 3.00000000e+00  3.00000000e+00  3.00000000e+00  3.00000000e+00
    3.00000000e+00  3.00000000e+00  3.00000000e+00  3.00000000e+00
    3.00000000e+00  3.00000000e+00]
  [-5.08767183e+00 -2.75193356e+00 -5.12882280e+00 -2.76589733e+00
   -2.76589733e+00 -5.12882280e+00 -3.72430035e+00 -3.72430035e+00
   -1.04028270e+01 -1.04028192e+01]]

 [[ 1.89704280e-12  6.27389221e-12  1.31336810e-11  1.70917780e-13
    5.73085507e-13  7.00557917e-12  9.00757875e-13  2.21931381e-11
    3.74783386e-12  9.52766089e-15]
  [ 3.00000000e+00  3.00000000e+00  3.00000000e+00  3.00000000e+00
    3.00000000e+00  3.00000000e+00  3.00000000e+00  3.00000000e+00
    3.00000000e+01  3.00000000e+00]
  [-5.12882280e+00 -1.04028954e+01 -5.12882280e+00 -2.75193356e+00
   -2.75193356e+00 -3.72430035e+00 -2.75193356e+00 -3.72430035e+00
   -2.75193356e+00 -3.72430035e+00]]

 [[ 8.97206599e-13  3.01223247e-12  1.52745902e-12  6.48990777e-13
    2.26956573e-13  1.52131312e-13  1.10877983e-12  2.75362598e-13
    2.85662934e-13  2.52028438e-13]
  [ 3.00000000e+00  3.00000000e+00  3.00000000e+00  3.00000000e+00
    3.00000000e+00  3.00000000e+00  3.00000000e+00  3.00000000e+00
    3.00000000e+00  3.00000000e+00]
  [-1.04028993e+01 -1.04028502e+01 -2.76589733e+00 -2.76589733e+00
   -5.08767183e+00 -1.04028130e+01 -2.75193356e+00 -3.72430035e+00
   -3.72430035e+00 -3.72430035e+00]]

 [[ 4.51800898e-12  3.42854309e-10  3.36785299e-10  1.64439564e-09
    1.35794674e-09  2.94838685e-09  2.53102140e-09  2.60765353e-09
    8.21198476e-09  4.07138239e-09]
  [ 3.00000000e+00  3.00000000e+00  3.00000005e+00  3.00000003e+00
    3.00000000e+00  3.00000000e+00  3.00000002e+00  3.00000000e+00
    3.00000001e+00  3.00000000e+00]
  [-2.75193356e+00 -2.75193356e+00 -1.04028719e+01 -1.04028157e+01
   -2.75193356e+00 -5.12882280e+00 -1.04029316e+01 -2.75193356e+00
   -2.76589733e+00 -1.04028386e+01]]

 [[ 7.05210386e-11  2.27065845e-09  1.68433468e-11  2.78014456e-09
    2.02256391e-09  6.19257862e-10  1.61490760e-09  6.95327559e-11
    4.59931379e-10  2.46820730e-10]
  [ 3.00000001e+00  3.00000000e+00  3.00000000e+00  3.00000000e+00
    3.00000001e+00  3.00000000e+00  3.00000001e+00  3.00000001e+00
    3.00000000e+00  3.00000000e+00]
  [-1.04028446e+01 -5.12882280e+00 -3.72430035e+00 -1.04028355e+01
   -1.04029217e+01 -1.04029347e+01 -1.04028722e+01 -3.72430035e+00
   -2.76589733e+00 -1.04028471e+01]]

 [[ 1.08409482e-10  2.16881577e-09  2.97801990e-10  8.19739065e-11
    1.19342413e-09  1.09035817e-10  1.65440231e-09  9.28574460e-10
    1.74145819e-10  2.53318245e-12]
  [ 3.00000000e+00  3.00000000e+00  3.00000001e+00  3.00000001e+00
    3.00000000e+00  3.00000001e+00  3.00000000e+00  3.00000000e+00
    3.00000000e+00  3.00000003e+00]
  [-2.75193356e+00 -2.76589733e+00 -2.76589733e+00 -2.76589733e+00
   -1.04028832e+01 -1.04029145e+01 -2.76589733e+00 -1.04028569e+01
   -1.04028855e+01 -1.04028314e+01]]

 [[ 1.19226980e-08  2.41906204e-09  1.98379516e-09  4.43290329e-09
    6.41208995e-08  4.32389433e-09  1.60441364e-08  1.41434610e-08
    2.03801641e-08  4.93357696e-09]
  [ 3.00000013e+00  3.00000002e+00  3.00000002e+00  3.00000002e+00
    3.00000001e+00  3.00000000e+00  3.00000005e+00  3.00000002e+00
    3.00000000e+00  3.00000005e+00]
  [-1.04028524e+01 -1.04028455e+01 -3.72430034e+00 -2.75193356e+00
   -1.04028402e+01 -1.04028090e+01 -2.76589733e+00 -1.04028931e+01
   -1.04028620e+01 -3.72430034e+00]]

 [[ 1.34318099e-08  1.81919434e-08  6.50241725e-09  1.86383130e-10
    7.71068521e-09  5.34274580e-09  1.88255335e-09  1.08014735e-09
    9.44792404e-10  5.65825507e-09]
  [ 3.00000001e+00  3.00000000e+00  3.00000017e+00  3.00000000e+00
    3.00000009e+00  3.00000000e+00  3.00000000e+00  3.00000000e+00
    3.00000003e+00  3.00000002e+00]
  [-1.04029026e+01 -2.76589733e+00 -2.76589733e+00 -3.72430035e+00
   -2.76589733e+00 -1.04029360e+01 -5.12882278e+00 -1.04028967e+01
   -1.04028367e+01 -2.75193356e+00]]

 [[ 2.27833595e-09  1.59922628e-09  1.61292555e-09  9.17002816e-09
    1.90324617e-08  3.54011895e-09  7.93018096e-11  3.54880898e-08
    1.10896503e-08  1.30034524e-09]
  [ 3.00000001e+00  3.00000004e+00  3.00000009e+00  3.00000001e+00
    3.00000001e+00  3.00000003e+00  3.00000000e+00  3.00000000e+00
    3.00000002e+00  3.00000000e+00]
  [-5.12882277e+00 -3.72430035e+00 -2.76589732e+00 -1.04028973e+01
   -1.04028911e+01 -3.72430034e+00 -1.04028804e+01 -1.04028006e+01
   -2.75193356e+00 -3.72430034e+00]]

 [[ 3.72110813e-10  7.09500815e-11  2.97666082e-08  4.57639864e-09
    6.81121459e-09  3.88111560e-08  2.63344419e-08  2.45250638e-09
    1.17954313e-08  1.40366974e-08]
  [ 3.00000039e+00  3.00000006e+00  3.00000008e+00  3.00000034e+00
    3.00000002e+00  3.00000002e+00  3.00000009e+00  3.00000118e+00
    3.00000020e+00  3.00000003e+00]
  [-3.72430035e+00 -5.08767182e+00 -3.72430031e+00 -1.04029217e+01
   -1.04028513e+01 -1.04028944e+01 -1.04028721e+01 -1.04029128e+01
   -2.76589733e+00 -5.12882279e+00]]

 [[ 9.85236776e-08  1.40010116e-09  3.83567349e-08  1.26009800e-08
    1.96401014e-08  2.21101824e-08  2.54407288e-08  4.17754993e-09
    5.07841786e-09  4.99014204e-08]
  [ 3.00000002e+00  3.00000000e+00  3.00000002e+00  3.00000000e+00
    3.00000047e+00  3.00000000e+00  3.00000044e+00  3.00000001e+00
    3.00000029e+00  3.00000037e+00]
  [-1.04029171e+01 -1.04028721e+01 -1.04029394e+01 -1.04028208e+01
   -2.75193356e+00 -1.04029272e+01 -1.04028543e+01 -1.83759297e+00
   -1.04029165e+01 -3.72430032e+00]]

 [[ 1.84839479e-08  3.19248867e-08  3.31828198e-09  5.12350392e-09
    2.37223319e-09  3.13266536e-09  5.20462479e-08  3.90184977e-11
    1.79402698e-08  2.97839355e-09]
  [ 3.00000000e+00  3.00000012e+00  3.00000022e+00  3.00000000e+00
    3.00000044e+00  3.00000001e+00  3.00000004e+00  3.00000000e+00
    3.00000000e+00  3.00000000e+00]
  [-1.04029308e+01 -1.04028331e+01 -3.72430034e+00 -1.04028888e+01
   -3.72430030e+00 -1.04028604e+01 -3.72430035e+00 -5.08767182e+00
   -1.04028716e+01 -2.75193356e+00]]

 [[ 7.16829902e-08  4.91027885e-08  2.30436381e-07  1.79292063e-07
    9.55312341e-07  4.36995054e-08  3.04195290e-07  1.53965231e-07
    1.13954460e-08  9.75242803e-08]
  [ 3.00000045e+00  3.00000034e+00  3.00000013e+00  3.00000077e+00
    3.00000020e+00  3.00000107e+00  3.00000230e+00  3.00000003e+00
    3.00000354e+00  3.00000055e+00]
  [-3.72430033e+00 -1.04028504e+01 -1.04028847e+01 -1.04028671e+01
   -5.12882280e+00 -5.12882272e+00 -1.04028750e+01 -3.72430027e+00
   -1.04028306e+01 -3.72430034e+00]]

 [[ 9.55574278e-08  3.46897993e-08  1.94234278e-08  3.28953386e-08
    5.59666384e-09  1.44745324e-10  3.93287641e-08  3.67163260e-08
    3.86537988e-08  1.31511167e-08]
  [ 3.00000017e+00  3.00000041e+00  3.00000000e+00  3.00000008e+00
    3.00000273e+00  3.00000056e+00  3.00000000e+00  3.00000000e+00
    3.00000006e+00  3.00000000e+00]
  [-3.72430032e+00 -3.72429998e+00 -3.72430034e+00 -1.04029156e+01
   -2.76589732e+00 -1.04029111e+01 -2.75193356e+00 -3.72430034e+00
   -1.04028463e+01 -1.04028954e+01]]

 [[ 6.05686244e-08  1.21823343e-07  1.33893124e-07  2.42113276e-07
    1.91436724e-07  1.54923134e-07  2.22302552e-09  1.54055864e-07
    4.03588075e-08  1.10430598e-07]
  [ 3.00000003e+00  3.00000475e+00  3.00000039e+00  3.00000000e+00
    3.00000000e+00  3.00000035e+00  3.00000804e+00  3.00000227e+00
    3.00000083e+00  3.00000056e+00]
  [-2.75193351e+00 -1.04028973e+01 -5.12882279e+00 -1.04029345e+01
   -1.04029285e+01 -2.75193356e+00 -2.75193356e+00 -1.04028517e+01
   -1.04029313e+01 -5.08767182e+00]]

 [[ 5.12600574e-06  2.04622208e-08  5.75568809e-07  2.30961207e-07
    2.26819828e-06  1.94598741e-07  1.32954950e-07  2.20172879e-06
    1.01587949e-07  9.35067227e-07]
  [ 3.00000128e+00  3.00000289e+00  3.00000011e+00  3.00004940e+00
    3.00000620e+00  3.00001318e+00  3.00000573e+00  3.00002246e+00
    3.00000552e+00  3.00000000e+00]
  [-1.04029378e+01 -1.04028717e+01 -1.04029133e+01 -2.75193344e+00
   -1.04028771e+01 -1.04028405e+01 -3.72429948e+00 -3.72430025e+00
   -1.04029181e+01 -2.75193350e+00]]

 [[ 1.84668883e-06  3.54732303e-07  2.77512183e-08  5.16913786e-07
    2.50111682e-08  5.19923779e-07  2.87626153e-08  2.19415467e-06
    9.73780574e-07  2.85467264e-07]
  [ 3.00000162e+00  3.00000806e+00  3.00000159e+00  3.00000129e+00
    3.00000800e+00  3.00001822e+00  3.00001823e+00  3.00000010e+00
    3.00000011e+00  3.00000016e+00]
  [-5.12882279e+00 -3.72430021e+00 -1.04029306e+01 -1.04029364e+01
   -2.75193347e+00 -1.04028734e+01 -1.04029054e+01 -1.04029291e+01
   -2.76589640e+00 -1.04028686e+01]]

 [[ 1.04558824e-06  1.01261000e-08  1.88802826e-08  6.33227275e-07
    5.21385282e-07  4.53372624e-07  9.63457636e-07  1.49921393e-07
    4.76293672e-07  3.02696424e-07]
  [ 3.00000077e+00  3.00000324e+00  3.00002934e+00  3.00000000e+00
    3.00000004e+00  3.00000806e+00  3.00000171e+00  3.00002305e+00
    3.00000222e+00  3.00000119e+00]
  [-2.75193356e+00 -1.04029164e+01 -2.76589617e+00 -1.04029020e+01
   -2.75193356e+00 -5.12882245e+00 -2.76589718e+00 -2.76589732e+00
   -2.75193331e+00 -2.75193355e+00]]

 [[ 1.86382432e-11  3.22188963e-11  5.78836520e-12  3.22973159e-13
    1.75245206e-11  1.53440641e-12  3.06822306e-12  7.41049628e-12
    4.60405270e-12  9.93543193e-12]
  [ 3.00000000e+00  3.00000000e+00  3.00000000e+00  3.00000000e+00
    3.00000000e+00  3.00000000e+00  3.00000000e+00  3.00000000e+00
    3.00000000e+00  3.00000000e+00]
  [-1.04028376e+01 -1.04028403e+01 -2.75193356e+00 -3.72430035e+00
   -1.04028930e+01 -1.04028209e+01 -1.04028084e+01 -2.75193356e+00
   -2.76589733e+00 -1.04028411e+01]]

 [[ 1.44124189e-12  6.28533718e-15  2.46610643e-12  2.88862956e-12
    5.91711589e-12  3.23466541e-13  1.28326681e-11  7.12500749e-12
    1.33805096e-12  1.31352494e-12]
  [ 3.00000000e+00  3.00000000e+00  3.00000000e+00  3.00000000e+00
    3.00000000e+00  3.00000000e+00  3.00000000e+00  3.00000000e+00
    3.00000000e+00  3.00000000e+00]
  [-2.76589733e+00 -1.04028286e+01 -2.76589733e+00 -5.08767183e+00
   -1.04028200e+01 -1.04028808e+01 -2.76589733e+00 -3.72430035e+00
   -1.04028028e+01 -1.04028161e+01]]

 [[ 1.92992344e-15  3.98499042e-12  3.50779284e-12  4.77037211e-12
    2.21777041e-11  2.84212151e-12  2.27808058e-12  8.84536024e-16
    1.74333431e-12  6.93180057e-12]
  [ 3.00000000e+00  3.00000000e+00  3.00000000e+00  3.00000000e+00
    3.00000000e+00  3.00000000e+00  3.00000000e+00  3.00000000e+00
    3.00000000e+00  3.00000000e+00]
  [-5.12882280e+00 -2.76589733e+00 -5.12882280e+00 -2.75193356e+00
   -1.04028337e+01 -1.83759297e+00 -1.04028542e+01 -1.04028243e+01
   -5.08767183e+00 -2.75193356e+00]]

 [[ 1.07363289e-08  1.25171005e-10  5.28939325e-10  1.25572304e-10
    5.16479679e-09  1.96403669e-09  5.30590269e-10  5.32511416e-10
    8.50582483e-10  2.91949540e-09]
  [ 3.00000000e+00  3.00000000e+00  3.00000000e+00  3.00000000e+00
    3.00000000e+00  3.00000000e+00  3.00000000e+00  3.00000001e+00
    3.00000000e+00  3.00000006e+00]
  [-2.75193356e+00 -1.04028471e+01 -1.04028238e+01 -1.04029209e+01
   -2.76589733e+00 -5.12882279e+00 -1.04029382e+01 -3.72430035e+00
   -1.04028825e+01 -1.04028898e+01]]

 [[ 1.85851784e-09  2.69536030e-09  1.23773311e-10  1.99743189e-11
    8.45478307e-11  4.00361837e-10  1.83098656e-10  2.24716893e-09
    2.39428989e-10  1.32856414e-09]
  [ 3.00000000e+00  3.00000000e+00  3.00000000e+00  3.00000000e+00
    3.00000000e+00  3.00000000e+00  3.00000000e+00  3.00000000e+00
    3.00000000e+00  3.00000000e+00]
  [-2.75193356e+00 -3.72430035e+00 -1.04029110e+01 -1.04028967e+01
   -1.04028949e+01 -2.76589733e+00 -3.72430035e+00 -1.04029220e+01
   -5.08767183e+00 -1.04029105e+01]]

 [[ 1.39687262e-08  2.09020416e-09  1.80668096e-10  1.59279778e-10
    1.59091452e-09  8.67581253e-10  5.11423905e-10  4.21611516e-11
    1.81152215e-10  1.31362124e-11]
  [ 3.00000005e+00  3.00000000e+00  3.00000000e+00  3.00000000e+00
    3.00000000e+00  3.00000000e+00  3.00000000e+00  3.00000000e+00
    3.00000000e+00  3.00000000e+00]
  [-2.76589733e+00 -5.08767182e+00 -1.04028471e+01 -1.04028153e+01
   -1.04029058e+01 -1.04028889e+01 -5.08767183e+00 -2.75193356e+00
   -3.72430035e+00 -2.75193356e+00]]

 [[ 9.48486382e-09  4.58500576e-10  9.82184706e-11  2.30484202e-08
    1.06368732e-08  2.04685441e-09  7.87070245e-09  2.37335256e-08
    5.55757822e-08  2.73698718e-09]
  [ 3.00000000e+00  3.00000000e+00  3.00000000e+00  3.00000000e+00
    3.00000000e+00  3.00000000e+00  3.00000000e+00  3.00000001e+00
    3.00000000e+00  3.00000007e+00]
  [-2.75193356e+00 -5.08767182e+00 -1.04029376e+01 -1.04028557e+01
   -1.04028510e+01 -1.04028957e+01 -1.04028353e+01 -1.04029234e+01
   -5.12882280e+00 -1.04028894e+01]]

 [[ 6.96522011e-09  7.41759973e-10  8.52748947e-09  8.98687433e-09
    2.05031332e-09  8.24654891e-08  2.62234538e-09  6.06040157e-09
    5.17270692e-09  5.82349704e-09]
  [ 3.00000000e+00  3.00000001e+00  3.00000000e+00  3.00000003e+00
    3.00000000e+00  3.00000000e+00  3.00000000e+00  3.00000004e+00
    3.00000000e+00  3.00000002e+00]
  [-1.04028667e+01 -1.04028169e+01 -2.76589733e+00 -1.04028908e+01
   -1.04028841e+01 -1.04028954e+01 -2.75193356e+00 -3.72430035e+00
   -1.04029359e+01 -1.04028415e+01]]

 [[ 3.45429151e-09  2.88722932e-09  3.06238349e-08  4.84059033e-08
    3.45008679e-09  1.96095362e-08  2.18704531e-09  1.91890008e-08
    9.34811134e-09  4.53306740e-09]
  [ 3.00000000e+00  3.00000000e+00  3.00000000e+00  3.00000006e+00
    3.00000001e+00  3.00000000e+00  3.00000000e+00  3.00000003e+00
    3.00000000e+00  3.00000000e+00]
  [-1.04028097e+01 -2.76589733e+00 -1.04028051e+01 -5.12882276e+00
   -2.75193356e+00 -5.08767181e+00 -1.04028641e+01 -1.04028352e+01
   -1.04029009e+01 -1.04028008e+01]]

 [[ 2.90470001e-08  7.85541570e-08  5.35124478e-09  2.85295315e-08
    3.93166499e-08  1.48073424e-08  3.17390474e-08  2.05007230e-08
    5.39297101e-08  6.99618296e-08]
  [ 3.00000002e+00  3.00000000e+00  3.00000000e+00  3.00000000e+00
    3.00000000e+00  3.00000000e+00  3.00000000e+00  3.00000000e+00
    3.00000000e+00  3.00000000e+00]
  [-2.76589732e+00 -1.04028485e+01 -1.04029242e+01 -1.04028843e+01
   -3.72430035e+00 -1.04028400e+01 -1.04028929e+01 -1.04029373e+01
   -1.04028820e+01 -3.72430034e+00]]

 [[ 5.21553135e-09  7.70890236e-09  4.16900556e-08  1.01452085e-09
    2.36392055e-08  2.24369960e-09  8.39301617e-11  8.50450518e-09
    1.87835871e-08  1.32860232e-09]
  [ 3.00000000e+00  3.00000001e+00  3.00000000e+00  3.00000000e+00
    3.00000004e+00  3.00000000e+00  3.00000000e+00  3.00000000e+00
    3.00000000e+00  3.00000008e+00]
  [-1.04028688e+01 -1.04028797e+01 -1.04028300e+01 -1.04028020e+01
   -5.12882280e+00 -1.04028105e+01 -2.76589730e+00 -1.04029070e+01
   -3.72430035e+00 -1.04029250e+01]]

 [[ 4.10274395e-08  5.72100907e-08  1.14600261e-09  6.14567812e-09
    2.25571544e-09  2.67938470e-08  1.71829303e-07  3.86144008e-10
    6.60382583e-10  4.28560062e-10]
  [ 3.00000000e+00  3.00000000e+00  3.00000012e+00  3.00000000e+00
    3.00000000e+00  3.00000000e+00  3.00000092e+00  3.00000000e+00
    3.00000001e+00  3.00000001e+00]
  [-5.12882269e+00 -2.75193356e+00 -1.04028002e+01 -1.04029374e+01
   -5.08767183e+00 -1.04029067e+01 -2.76589733e+00 -1.04029315e+01
   -2.76589733e+00 -3.72429988e+00]]

 [[ 1.16004481e-07  2.95217556e-08  1.31533117e-08  4.15452759e-08
    8.03868085e-08  2.75691820e-07  5.37483168e-08  4.44999428e-07
    4.10725475e-07  3.70682990e-07]
  [ 3.00000080e+00  3.00000003e+00  3.00000000e+00  3.00000000e+00
    3.00000002e+00  3.00000105e+00  3.00000010e+00  3.00000030e+00
    3.00000133e+00  3.00000000e+00]
  [-2.76589714e+00 -1.04028520e+01 -1.04028083e+01 -1.04028229e+01
   -2.76589732e+00 -5.08767166e+00 -1.04028694e+01 -1.04028110e+01
   -1.04028527e+01 -1.04029209e+01]]

 [[ 1.60239253e-07  3.34286185e-09  3.99653366e-07  1.64349312e-07
    2.43567506e-07  2.34813348e-08  1.35959901e-11  1.49942710e-08
    4.83351621e-07  1.07053583e-07]
  [ 3.00000000e+00  3.00000005e+00  3.00000000e+00  3.00000001e+00
    3.00000001e+00  3.00000000e+00  3.00000000e+00  3.00000143e+00
    3.00000009e+00  3.00000000e+00]
  [-1.04028976e+01 -2.75193356e+00 -1.04029061e+01 -1.04028384e+01
   -1.04028905e+01 -2.75193355e+00 -1.04028337e+01 -3.72430034e+00
   -1.04028164e+01 -1.04028237e+01]]

 [[ 4.19154830e-08  1.28719891e-09  1.71312400e-07  1.07910784e-07
    1.01906945e-07  3.46412937e-09  8.32058710e-09  3.84514062e-08
    1.67907145e-08  4.12181543e-07]
  [ 3.00000000e+00  3.00000004e+00  3.00000001e+00  3.00000002e+00
    3.00000000e+00  3.00000000e+00  3.00000000e+00  3.00000000e+00
    3.00000000e+00  3.00000000e+00]
  [-2.75193356e+00 -5.12882232e+00 -1.04029357e+01 -2.76589733e+00
   -2.75193356e+00 -2.75193356e+00 -1.04028195e+01 -3.72430033e+00
   -2.75193356e+00 -2.75193356e+00]]

 [[ 2.05144190e-07  2.07751624e-07  1.65474754e-06  4.28500246e-06
    1.32336123e-06  3.71010612e-07  2.46903255e-06  5.09597372e-08
    1.22896373e-06  2.80966671e-07]
  [ 3.00000000e+00  3.00000000e+00  3.00000025e+00  3.00000000e+00
    3.00000000e+00  3.00000005e+00  3.00000022e+00  3.00000000e+00
    3.00000000e+00  3.00000176e+00]
  [-1.04028719e+01 -1.04028859e+01 -1.04028642e+01 -5.08767181e+00
   -1.04028568e+01 -1.04029005e+01 -1.04028299e+01 -1.04029185e+01
   -2.76589723e+00 -1.04028127e+01]]

 [[ 8.44993726e-06  6.54897980e-08  1.72058804e-06  5.18195999e-07
    7.83782751e-07  4.77363739e-07  6.31214921e-07  3.97861640e-06
    8.98450594e-10  4.04982874e-06]
  [ 3.00000000e+00  3.00000030e+00  3.00000029e+00  3.00000000e+00
    3.00000006e+00  3.00000000e+00  3.00001465e+00  3.00000005e+00
    3.00002513e+00  3.00000000e+00]
  [-1.04028179e+01 -2.75193304e+00 -1.04028418e+01 -1.04028328e+01
   -5.12882169e+00 -3.72430034e+00 -1.04029401e+01 -5.12882183e+00
   -1.04028142e+01 -5.12882276e+00]]

 [[ 2.33183921e-09  1.82307541e-08  6.78794005e-07  7.53330088e-07
    3.91355198e-07  3.59811990e-09  1.72967569e-06  2.16794132e-07
    2.63928089e-06  9.12009200e-07]
  [ 3.00000150e+00  3.00000238e+00  3.00000335e+00  3.00000000e+00
    3.00000000e+00  3.00000000e+00  3.00000306e+00  3.00000000e+00
    3.00000000e+00  3.00000114e+00]
  [-1.04028793e+01 -2.75193301e+00 -5.08767182e+00 -1.04028822e+01
   -2.76589714e+00 -1.04028843e+01 -5.08766977e+00 -2.76589726e+00
   -1.04028105e+01 -1.04028588e+01]]

 [[ 5.16759769e-12  1.39088482e-12  1.41042623e-12  5.35387799e-12
    1.06941412e-12  1.66703161e-13  3.52090311e-12  1.46203842e-13
    1.20074278e-12  3.11396264e-12]
  [ 3.00000000e+00  3.00000000e+00  3.00000000e+00  3.00000000e+00
    3.00000000e+00  3.00000000e+00  3.00000000e+00  3.00000000e+00
    3.00000000e+00  3.00000000e+00]
  [-1.83759297e+00 -1.04028813e+01 -3.72430035e+00 -1.04028203e+01
   -5.12882280e+00 -1.04028001e+01 -1.04028166e+01 -1.04029325e+01
   -2.76589733e+00 -2.76589733e+00]]

 [[ 2.44939553e-13  1.91436417e-12  7.34811112e-13  3.69953853e-12
    5.04279003e-13  1.07691936e-13  9.62338926e-14  9.80660822e-12
    5.17199760e-14  4.94587030e-12]
  [ 3.00000000e+00  3.00000000e+00  3.00000000e+00  3.00000000e+00
    3.00000000e+00  3.00000000e+00  3.00000000e+00  3.00000000e+00
    3.00000000e+01  3.00000000e+00]
  [-2.76589733e+00 -2.75193356e+00 -1.04028768e+01 -2.76589733e+00
   -1.04028099e+01 -3.72430035e+00 -1.04028289e+01 -3.72430035e+00
   -1.04028088e+01 -1.04028445e+01]]

 [[ 1.69694626e-13  2.36818429e-12  1.32911646e-14  7.94932645e-13
    1.16306963e-12  1.97818867e-13  1.86961152e-12  8.57160454e-13
    4.35777374e-12  3.53440529e-13]
  [ 3.00000000e+00  3.00000000e+00  3.00000000e+00  3.00000000e+00
    3.00000000e+00  3.00000000e+00  3.00000000e+00  3.00000000e+00
    3.00000000e+00  3.00000000e+00]
  [-2.76589733e+00 -2.75193356e+00 -5.08767183e+00 -2.76589733e+00
   -1.04028422e+01 -1.04028589e+01 -1.04028107e+01 -1.04028820e+01
   -5.08767183e+00 -1.04028257e+01]]

 [[ 8.43587691e-10  3.32585877e-09  4.52807908e-11  2.13356532e-10
    9.37852369e-10  1.13131076e-09  9.55127137e-10  2.43271141e-09
    1.97530225e-10  5.02344768e-10]
  [ 3.00000000e+00  3.00000000e+00  3.00000000e+00  3.00000005e+00
    3.00000000e+00  3.00000000e+00  3.00000000e+00  3.00000000e+00
    3.00000000e+00  3.00000000e+00]
  [-2.75193356e+00 -3.72430035e+00 -1.04029293e+01 -1.04029146e+01
   -1.04028292e+01 -1.04029206e+01 -1.04028500e+01 -1.04029213e+01
   -5.08767183e+00 -1.04028041e+01]]

 [[ 4.91831932e-10  9.89929102e-10  9.06203881e-10  2.05815126e-09
    6.89396516e-10  1.25995881e-09  9.80044046e-10  1.00617157e-10
    1.70790532e-09  1.63249330e-09]
  [ 3.00000000e+00  3.00000000e+00  3.00000001e+00  3.00000000e+00
    3.00000000e+00  3.00000000e+00  3.00000002e+00  3.00000000e+00
    3.00000000e+00  3.00000000e+00]
  [-3.72430035e+00 -3.72430035e+00 -2.75193356e+00 -2.75193356e+00
   -1.04028157e+01 -2.76589733e+00 -1.04028755e+01 -2.75193356e+00
   -1.04028486e+01 -2.76589733e+00]]

 [[ 5.99926210e-11  2.99557059e-09  1.88223064e-10  2.30271086e-09
    2.69383954e-09  7.49206098e-11  5.16296667e-10  1.15766193e-10
    8.64830693e-10  1.48648897e-09]
  [ 3.00000000e+00  3.00000000e+00  3.00000001e+00  3.00000000e+00
    3.00000000e+00  3.00000000e+00  3.00000000e+00  3.00000000e+00
    3.00000000e+00  3.00000000e+00]
  [-2.75193356e+00 -1.04028618e+01 -2.75193356e+00 -2.76589733e+00
   -2.76589733e+00 -2.75193356e+00 -1.04029068e+01 -2.75193356e+00
   -5.12882280e+00 -1.04029279e+01]]

 [[ 2.42426414e-08  5.08591449e-09  8.10577593e-10  1.69726264e-08
    3.03284132e-10  6.44416533e-10  6.57077323e-09  7.41851345e-09
    3.87185239e-09  1.16493254e-09]
  [ 3.00000000e+00  3.00000002e+00  3.00000007e+00  3.00000000e+00
    3.00000000e+00  3.00000002e+00  3.00000000e+00  3.00000000e+00
    3.00000002e+00  3.00000001e+00]
  [-2.76589733e+00 -1.04028431e+01 -1.04029109e+01 -3.72430035e+00
   -2.75193356e+00 -5.08767182e+00 -1.04028069e+01 -5.12882277e+00
   -1.04029052e+01 -2.76589733e+00]]

 [[ 5.13382134e-10  2.72499196e-09  1.61552616e-09  1.17547581e-08
    1.00206885e-08  3.17656948e-09  9.58311441e-10  6.88206665e-09
    5.95757920e-09  6.92954121e-10]
  [ 3.00000000e+00  3.00000000e+00  3.00000003e+00  3.00000001e+00
    3.00000006e+00  3.00000000e+00  3.00000002e+00  3.00000001e+00
    3.00000000e+00  3.00000000e+00]
  [-1.04029195e+01 -1.04029103e+01 -1.04028527e+01 -1.04029398e+01
   -1.04028030e+01 -1.04028964e+01 -1.04028137e+01 -1.04028113e+01
   -1.04029030e+01 -1.04028565e+01]]

 [[ 8.29590899e-11  6.94930539e-09  2.10471657e-10  3.79797657e-11
    1.37523045e-11  3.98493029e-09  4.09868276e-12  1.37180989e-09
    3.22962527e-10  7.08575779e-10]
  [ 3.00000000e+00  3.00000004e+00  3.00000014e+00  3.00000001e+00
    3.00000003e+00  3.00000002e+00  3.00000004e+00  3.00000002e+00
    3.00000021e+00  3.00000001e+00]
  [-1.04029350e+01 -5.08767183e+00 -1.04028051e+01 -2.76589733e+00
   -3.72430035e+00 -5.08767183e+00 -1.04028970e+01 -2.76589733e+00
   -1.04029176e+01 -1.04029267e+01]]

 [[ 2.92455957e-08  5.62472478e-08  1.62640241e-09  5.11241401e-08
    5.07096605e-09  2.41320276e-09  1.15780955e-07  1.65106507e-08
    6.77972797e-11  5.17813511e-10]
  [ 3.00000011e+00  3.00000001e+00  3.00000023e+00  3.00000022e+00
    3.00000000e+00  3.00000001e+00  3.00000001e+00  3.00000000e+00
    3.00000003e+00  3.00000000e+00]
  [-5.12882280e+00 -1.04028520e+01 -1.04028071e+01 -1.04028908e+01
   -1.04029139e+01 -2.76589733e+00 -1.04028316e+01 -1.04029010e+01
   -5.12882279e+00 -1.04028797e+01]]

 [[ 9.64098748e-09  1.44751272e-08  8.14846211e-09  4.90939443e-09
    1.10873167e-08  2.63457361e-08  4.60385880e-09  3.28061068e-10
    1.24114486e-08  5.07904453e-09]
  [ 3.00000002e+00  3.00000006e+00  3.00000000e+00  3.00000000e+00
    3.00000034e+00  3.00000006e+00  3.00000038e+00  3.00000009e+00
    3.00000000e+00  3.00000011e+00]
  [-1.04028073e+01 -1.04028682e+01 -1.04028626e+01 -1.04028082e+01
   -3.72430035e+00 -1.04028195e+01 -1.04029361e+01 -1.04028432e+01
   -1.04028735e+01 -1.04028352e+01]]

 [[ 2.08814380e-10  9.71136644e-11  6.19249157e-08  5.96707319e-08
    1.19095393e-09  1.06314925e-08  3.59861744e-10  1.62282197e-08
    1.80822623e-08  8.73507057e-09]
  [ 3.00000000e+00  3.00000002e+00  3.00000003e+00  3.00000027e+00
    3.00000000e+00  3.00000000e+00  3.00000001e+00  3.00000000e+00
    3.00000002e+00  3.00000006e+00]
  [-1.04028345e+01 -1.04028621e+01 -1.04029101e+01 -1.04029270e+01
   -1.04028003e+01 -1.04028344e+01 -2.76589733e+00 -1.04029366e+01
   -1.04029170e+01 -1.04028382e+01]]

 [[ 2.38606380e-09  2.09176537e-08  3.79748232e-08  4.39692879e-08
    1.14579833e-07  7.14058682e-08  1.20831502e-07  5.56539604e-07
    3.46019671e-08  3.19533158e-07]
  [ 3.00000003e+00  3.00000016e+00  3.00000104e+00  3.00000001e+00
    3.00000061e+00  3.00000004e+00  3.00000014e+00  3.00000157e+00
    3.00000022e+00  3.00000001e+00]
  [-1.04028532e+01 -1.04029354e+01 -1.04029349e+01 -2.75193349e+00
   -2.75193354e+00 -1.04029277e+01 -1.04029198e+01 -1.04028924e+01
   -1.04029306e+01 -5.08767182e+00]]

 [[ 3.46492718e-08  4.20225690e-09  1.92087616e-08  5.25245108e-09
    9.74935499e-08  2.62830475e-08  2.19584766e-08  2.36409032e-08
    2.36174665e-08  5.34145567e-08]
  [ 3.00000122e+00  3.00000028e+00  3.00000009e+00  3.00000000e+00
    3.00000009e+00  3.00000002e+00  3.00000005e+00  3.00000000e+00
    3.00000167e+00  3.00000000e+00]
  [-3.72430034e+00 -1.04029331e+01 -3.72430034e+00 -1.04029173e+01
   -3.72430034e+00 -1.04028583e+01 -5.08767182e+00 -1.04029026e+01
   -5.08767159e+00 -1.04029258e+01]]

 [[ 1.14051836e-08  1.18010019e-09  2.66614227e-09  5.79544427e-07
    2.99245544e-08  2.31505020e-07  4.92588882e-08  3.99773465e-08
    2.02336571e-07  1.22834512e-07]
  [ 3.00000002e+00  3.00000027e+00  3.00000091e+00  3.00000005e+00
    3.00000002e+00  3.00000102e+00  3.00000000e+00  3.00000011e+00
    3.00000012e+00  3.00000006e+00]
  [-5.12882279e+00 -1.04028411e+01 -1.04028849e+01 -1.04029017e+01
   -2.75193355e+00 -2.75193356e+00 -3.72430033e+00 -1.04028500e+01
   -1.04029336e+01 -1.04029280e+01]]

 [[ 6.43228852e-08  7.19869369e-07  2.66346326e-07  4.80225735e-08
    1.93270519e-08  1.12496875e-06  2.17915925e-07  3.52172079e-08
    1.79401032e-06  1.50662466e-06]
  [ 3.00000002e+00  3.00000056e+00  3.00000049e+00  3.00000000e+00
    3.00000042e+00  3.00001888e+00  3.00000083e+00  3.00000000e+00
    3.00001395e+00  3.00000043e+00]
  [-3.72429954e+00 -1.04028443e+01 -1.04029368e+01 -1.04028942e+01
   -3.72429161e+00 -3.72430023e+00 -2.76589719e+00 -1.04029256e+01
   -2.76589731e+00 -1.04028947e+01]]

 [[ 5.17337826e-07  1.58127662e-08  7.15486800e-08  1.03921155e-06
    5.50026453e-07  2.73968562e-07  3.27872854e-07  3.04468879e-07
    1.84411520e-06  3.90360370e-11]
  [ 3.00000121e+00  3.00000000e+00  3.00000953e+00  3.00000638e+00
    3.00000001e+00  3.00000225e+00  3.00000000e+00  3.00000000e+00
    3.00000000e+00  3.00000003e+00]
  [-1.04029278e+01 -1.04028515e+01 -3.72429709e+00 -1.04028568e+01
   -1.04029209e+01 -3.72430034e+00 -1.04029000e+01 -2.75193344e+00
   -1.04029180e+01 -1.04028583e+01]]

 [[ 8.51124498e-08  6.81682299e-07  8.09208188e-07  3.56757659e-07
    5.23444536e-08  6.80502509e-07  1.27400012e-07  1.83564138e-06
    5.67463049e-07  3.20146637e-09]
  [ 3.00000014e+00  3.00000575e+00  3.00000009e+00  3.00000025e+00
    3.00000151e+00  3.00000003e+00  3.00000020e+00  3.00000626e+00
    3.00000023e+00  3.00000001e+00]
  [-2.75193355e+00 -2.75193356e+00 -5.08767159e+00 -5.12882126e+00
   -2.75193332e+00 -2.75193356e+00 -5.12882263e+00 -5.08767167e+00
   -1.04028315e+01 -1.04028800e+01]]

 [[ 5.96695242e-13  2.83296528e-11  1.80573260e-12  6.28922791e-13
    9.48154045e-12  2.79218352e-12  8.18402826e-12  3.95534969e-13
    1.38635094e-11  8.57871920e-13]
  [ 3.00000000e+00  3.00000000e+00  3.00000000e+00  3.00000000e+00
    3.00000000e+00  3.00000000e+00  3.00000000e+00  3.00000000e+00
    3.00000000e+00  3.00000000e+00]
  [-3.72430035e+00 -1.04028438e+01 -2.76589733e+00 -1.04028008e+01
   -2.76589733e+00 -3.72430035e+00 -1.04028549e+01 -2.76589733e+00
   -1.04028309e+01 -1.04028242e+01]]

 [[ 3.05116672e-12  1.13995508e-13  1.14668550e-12  3.57563427e-12
    2.87912194e-13  8.53746762e-13  7.94789333e-14  5.87045304e-13
    1.53207079e-12  3.54491438e-13]
  [ 3.00000000e+00  3.00000000e+00  3.00000000e+00  3.00000000e+00
    3.00000000e+00  3.00000000e+00  3.00000000e+00  3.00000000e+00
    3.00000000e+00  3.00000000e+00]
  [-2.75193356e+00 -1.04028207e+01 -1.04028447e+01 -2.75193356e+00
   -5.12882280e+00 -3.72430035e+00 -2.76589733e+00 -1.04028510e+01
   -1.04028979e+01 -5.12882280e+00]]

 [[ 2.46419195e-12  1.00237408e-12  6.69547491e-12  7.39453426e-14
    2.08452267e-13  3.45053948e-12  7.35608071e-14  3.90683382e-13
    4.11845710e-12  4.11876126e-12]
  [ 3.00000000e+00  3.00000000e+00  3.00000000e+00  3.00000000e+00
    3.00000000e+00  3.00000000e+00  3.00000000e+00  3.00000000e+00
    3.00000000e+00  3.00000000e+00]
  [-5.12882280e+00 -1.04028060e+01 -1.04028773e+01 -5.12882280e+00
   -3.72430035e+00 -1.04028641e+01 -3.72430035e+00 -3.72430035e+00
   -5.12882280e+00 -2.76589733e+00]]

 [[ 1.28024304e-09  1.18981750e-09  1.06141659e-09  7.55742276e-10
    2.16712967e-09  3.10254784e-09  3.04580806e-10  1.62646686e-09
    1.33972867e-09  7.07599155e-10]
  [ 3.00000000e+00  3.00000000e+00  3.00000000e+00  3.00000000e+00
    3.00000000e+00  3.00000000e+00  3.00000000e+00  3.00000000e+00
    3.00000000e+00  3.00000000e+00]
  [-1.04028076e+01 -2.76589733e+00 -1.04028057e+01 -1.04029347e+01
   -1.04028097e+01 -1.04028020e+01 -2.76589733e+00 -2.75193356e+00
   -2.76589733e+00 -1.04028769e+01]]

 [[ 8.65114758e-09  9.50062657e-09  6.80990205e-09  2.34123499e-09
    1.95036530e-10  1.66412709e-10  3.34645096e-10  6.59423399e-10
    4.79727418e-09  3.02585054e-09]
  [ 3.00000000e+00  3.00000000e+00  3.00000000e+00  3.00000000e+00
    3.00000000e+00  3.00000000e+00  3.00000002e+00  3.00000000e+00
    3.00000000e+00  3.00000000e+00]
  [-3.72430035e+00 -1.04028674e+01 -1.04028675e+01 -1.04028666e+01
   -1.04028114e+01 -2.76589733e+00 -2.76589733e+00 -3.72430035e+00
   -1.04028694e+01 -2.76589733e+00]]

 [[ 2.74558361e-11  6.66409269e-10  1.05092145e-10  1.50007566e-12
    1.50046096e-08  1.79178579e-09  1.80926458e-09  4.20459858e-09
    2.08220875e-10  5.53050892e-10]
  [ 3.00000000e+00  3.00000002e+00  3.00000000e+00  3.00000000e+00
    3.00000000e+00  3.00000000e+00  3.00000000e+00  3.00000000e+00
    3.00000000e+00  3.00000000e+00]
  [-5.12882280e+00 -1.04029204e+01 -2.76589733e+00 -2.76589733e+00
   -1.04028475e+01 -3.72430035e+00 -2.76589733e+00 -1.04028332e+01
   -2.76589733e+00 -2.75193356e+00]]

 [[ 1.61906087e-09  7.48619177e-09  7.21131734e-09  3.10854386e-09
    2.67189061e-09  2.85565305e-08  9.90533314e-09  2.69037593e-08
    5.82185462e-09  4.23049506e-09]
  [ 3.00000000e+00  3.00000000e+00  3.00000000e+00  3.00000000e+00
    3.00000000e+00  3.00000001e+00  3.00000000e+00  3.00000000e+00
    3.00000049e+00  3.00000000e+00]
  [-1.04028164e+01 -1.04028979e+01 -1.04029056e+01 -1.04028382e+01
   -5.12882280e+00 -1.04028422e+01 -1.04028365e+01 -1.04028029e+01
   -1.04028187e+01 -1.04029294e+01]]

 [[ 9.40060240e-09  5.06594161e-08  9.80010664e-09  1.46339781e-09
    2.47680301e-09  2.20227700e-08  1.36140439e-08  4.40957430e-09
    5.01085114e-09  1.42261188e-09]
  [ 3.00000000e+00  3.00000000e+00  3.00000000e+00  3.00000000e+00
    3.00000000e+00  3.00000000e+00  3.00000000e+00  3.00000000e+00
    3.00000000e+00  3.00000001e+00]
  [-5.08767182e+00 -1.04028456e+01 -2.76589733e+00 -2.76589732e+00
   -1.04028852e+01 -2.76589733e+00 -3.72430035e+00 -1.04028246e+01
   -1.04028234e+01 -1.04029273e+01]]

 [[ 1.44415448e-09  4.71607583e-09  4.26718142e-09  9.86043191e-10
    3.01422494e-10  1.75474099e-08  1.46237306e-09  2.21269514e-08
    6.45816506e-09  1.41773898e-09]
  [ 3.00000001e+00  3.00000000e+00  3.00000000e+00  3.00000000e+00
    3.00000000e+00  3.00000006e+00  3.00000000e+00  3.00000000e+00
    3.00000001e+00  3.00000001e+00]
  [-1.04028373e+01 -1.04029280e+01 -1.04028332e+01 -1.04029159e+01
   -5.08767183e+00 -1.04028980e+01 -1.04028258e+01 -2.76589733e+00
   -5.12882280e+00 -1.04028698e+01]]

 [[ 5.76693776e-08  2.25103895e-08  1.16005501e-08  5.79626919e-09
    1.57969329e-08  1.17305091e-09  1.43695879e-08  6.50567139e-09
    4.74022347e-09  5.23951960e-08]
  [ 3.00000000e+00  3.00000000e+00  3.00000000e+00  3.00000003e+00
    3.00000000e+00  3.00000000e+00  3.00000000e+00  3.00000000e+00
    3.00000000e+00  3.00000000e+00]
  [-1.04028059e+01 -1.04028961e+01 -3.72430033e+00 -1.04029190e+01
   -5.12882279e+00 -1.04028435e+01 -1.04028141e+01 -1.04029259e+01
   -1.04028406e+01 -1.04028196e+01]]

 [[ 6.54648806e-09  1.28262773e-08  3.65998037e-08  1.06839717e-08
    8.22933782e-10  2.80151617e-09  1.45976214e-09  4.56466099e-08
    5.39919096e-10  3.72305978e-09]
  [ 3.00000000e+00  3.00000000e+00  3.00000000e+00  3.00000000e+00
    3.00000000e+00  3.00000000e+00  3.00000000e+00  3.00000001e+00
    3.00000000e+00  3.00000000e+00]
  [-5.12882278e+00 -3.72430012e+00 -1.04028351e+01 -1.04028902e+01
   -1.04029014e+01 -1.04028024e+01 -1.04028413e+01 -3.72430034e+00
   -1.04028001e+01 -1.04028863e+01]]

 [[ 4.76348337e-09  1.17356225e-08  4.70142062e-10  1.28724122e-08
    1.14762012e-08  1.10273929e-08  8.58630660e-09  9.99103098e-10
    4.52287145e-08  1.46611720e-08]
  [ 3.00000004e+00  3.00000000e+00  3.00000001e+00  3.00000000e+00
    3.00000001e+00  3.00000009e+00  3.00000000e+00  3.00000009e+00
    3.00000000e+00  3.00000000e+00]
  [-1.04029352e+01 -1.04028822e+01 -1.04028059e+01 -5.08767183e+00
   -1.04028740e+01 -1.04028134e+01 -1.04028610e+01 -3.72430034e+00
   -5.08767171e+00 -1.04028178e+01]]

 [[ 4.08538556e-08  9.10027008e-09  4.66061503e-08  9.86755985e-08
    6.53003983e-09  7.78155702e-08  2.97269865e-08  4.83415583e-07
    2.61705598e-07  8.13851437e-08]
  [ 3.00000006e+00  3.00000000e+00  3.00000002e+00  3.00000000e+00
    3.00000005e+00  3.00000000e+00  3.00000000e+00  3.00000000e+00
    3.00000000e+00  3.00000036e+00]
  [-1.04028645e+01 -3.72430032e+00 -1.04028732e+01 -1.04029310e+01
   -1.04029286e+01 -1.04028797e+01 -1.83759297e+00 -1.04028394e+01
   -5.12882279e+00 -3.72430034e+00]]

 [[ 1.01307819e-06  3.08033010e-08  3.22409328e-09  4.21328890e-08
    4.82567484e-10  4.81959446e-08  1.12260735e-07  3.08668935e-09
    2.26170361e-07  1.23583001e-07]
  [ 3.00000008e+00  3.00000000e+00  3.00000041e+00  3.00000005e+00
    3.00000000e+00  3.00000078e+00  3.00000000e+00  3.00000000e+00
    3.00000000e+00  3.00000000e+00]
  [-1.04028637e+01 -1.04028585e+01 -1.04028112e+01 -1.04029340e+01
   -1.04029243e+01 -1.04028030e+01 -1.04029375e+01 -5.12882259e+00
   -1.04028644e+01 -1.04028823e+01]]

 [[ 1.23274402e-08  5.36333961e-08  8.67872588e-08  4.33647788e-10
    5.06494879e-07  8.66527551e-07  1.20457827e-07  8.98210601e-08
    8.77383046e-08  1.00106303e-07]
  [ 3.00000016e+00  3.00000000e+00  3.00000001e+00  3.00000000e+00
    3.00000000e+00  3.00000000e+00  3.00000000e+00  3.00000000e+00
    3.00000000e+00  3.00000001e+00]
  [-1.04028760e+01 -5.12882280e+00 -1.04028799e+01 -5.08767174e+00
   -2.75193345e+00 -1.04029277e+01 -1.04028861e+01 -1.04028639e+01
   -1.04028950e+01 -1.04028380e+01]]

 [[ 3.72291432e-07  9.21346665e-07  3.06894643e-06  2.39778116e-06
    1.42009160e-07  1.23584740e-07  3.15155752e-07  4.46624530e-07
    1.16778590e-06  1.16416926e-06]
  [ 3.00000045e+00  3.00000002e+00  3.00000395e+00  3.00000000e+00
    3.00000031e+00  3.00000000e+00  3.00000221e+00  3.00000173e+00
    3.00000000e+00  3.00000000e+00]
  [-3.72430029e+00 -1.04028278e+01 -1.04028266e+01 -1.04028281e+01
   -3.72430034e+00 -1.04029242e+01 -2.75193355e+00 -1.04028861e+01
   -1.04028885e+01 -5.12881953e+00]]

 [[ 3.43275221e-06  1.44234506e-08  4.38804846e-08  2.42201572e-07
    4.69274041e-07  9.98340797e-08  2.29527014e-06  6.19902112e-09
    3.10240566e-07  1.70518744e-06]
  [ 3.00000007e+00  3.00000000e+00  3.00000247e+00  3.00000000e+00
    3.00000000e+00  3.00000000e+00  3.00000000e+00  3.00000000e+00
    3.00000081e+00  3.00000178e+00]
  [-1.04028476e+01 -5.08767183e+00 -2.75193334e+00 -1.04028639e+01
   -1.04028344e+01 -2.76589729e+00 -1.04028906e+01 -1.04029343e+01
   -3.72430035e+00 -1.04028400e+01]]

 [[ 1.10632079e-07  2.41995659e-07  4.08594088e-07  8.16701372e-07
    1.16505719e-06  2.01693878e-06  5.01533755e-08  3.86177903e-08
    4.99813039e-08  1.22173421e-06]
  [ 3.00000005e+00  3.00001306e+00  3.00000000e+00  3.00000000e+00
    3.00000000e+00  3.00000000e+00  3.00000059e+00  3.00000000e+00
    3.00000001e+00  3.00000000e+00]
  [-2.75193354e+00 -1.04028853e+01 -3.72319758e+00 -3.72430034e+00
   -1.04028407e+01 -5.12882280e+00 -1.04029359e+01 -1.04029194e+01
   -1.04028550e+01 -2.75193356e+00]]

 [[ 3.50807290e-13  5.57140104e-13  1.22933489e-12  1.43048195e-12
    1.52310009e-11  9.80044401e-12  4.89383266e-13  8.37352814e-13
    1.99960774e-12  9.55101809e-12]
  [ 3.00000174e+00  3.00000018e+00  3.00000015e+00  3.00000060e+00
    3.00000033e+00  3.00000006e+00  3.00000024e+00  3.00000007e+00
    3.00000002e+00  3.00000005e+00]
  [-1.04028250e+01 -2.75193356e+00 -2.76589733e+00 -2.76589733e+00
   -2.76589733e+00 -3.72430035e+00 -2.76589733e+00 -5.08767183e+00
   -1.04028533e+01 -3.72430035e+00]]

 [[ 5.05751183e-12  1.87010408e-11  3.78093414e-12  8.14145584e-13
    3.48857887e-11  1.39693127e-11  2.93768694e-12  3.05488440e-12
    1.42041267e-12  2.12368489e-12]
  [ 3.00000013e+00  3.00000023e+00  3.00000011e+00  3.00000177e+00
    3.00000016e+00  3.00000018e+00  3.00000018e+00  3.00000082e+00
    3.00000008e+00  3.00000029e+00]
  [-3.72430035e+00 -2.76589733e+00 -1.04028123e+01 -1.04028358e+01
   -1.04028642e+01 -5.08767183e+00 -2.76589733e+00 -1.04028465e+01
   -5.08767183e+00 -1.04028838e+01]]

 [[ 8.23795685e-14  2.19705613e-12  5.70762937e-13  9.77255535e-12
    8.66901755e-13  5.95985973e-12  7.68591163e-12  2.82611203e-12
    1.33104230e-12  8.64806358e-13]
  [ 3.00000000e+01  3.00000136e+00  3.00000050e+00  3.00000100e+00
    3.00000049e+00  3.00000041e+00  3.00000000e+00  3.00000022e+00
    3.00000048e+00  3.00000038e+00]
  [-1.04028585e+01 -1.04028032e+01 -2.75193356e+00 -1.04028181e+01
   -3.72430035e+00 -2.76589733e+00 -3.72430035e+00 -1.04028670e+01
   -2.75193356e+00 -3.72430035e+00]]

 [[ 2.60100564e-09  2.29812058e-09  1.90290586e-10  1.21582787e-09
    1.66391076e-10  3.86205945e-09  1.71808468e-09  2.81467608e-09
    2.73495086e-09  9.84855198e-10]
  [ 3.00003678e+00  3.00068362e+00  3.00010725e+00  3.00020534e+00
    3.00011698e+00  3.00014982e+00  3.00032647e+00  3.00004229e+00
    3.00011962e+00  3.00059163e+00]
  [-2.75193356e+00 -1.04028003e+01 -1.04028266e+01 -2.75193356e+00
   -2.75193356e+00 -2.75193356e+00 -1.04028129e+01 -1.04029254e+01
   -1.04028833e+01 -2.75193356e+00]]

 [[ 1.07882445e-09  2.09119091e-09  1.10207150e-08  3.08287620e-10
    3.46147412e-09  1.21977351e-10  2.24572102e-09  3.72064272e-09
    1.89303126e-09  7.95658531e-09]
  [ 3.00011686e+00  3.00016313e+00  3.00001048e+00  3.00008646e+00
    3.00019997e+00  3.00003150e+00  3.00018495e+00  3.00061610e+00
    3.00004098e+00  3.00043434e+00]
  [-1.04028012e+01 -2.75193354e+00 -1.04028696e+01 -1.04028040e+01
   -2.76589733e+00 -1.04028585e+01 -1.04028354e+01 -5.08767183e+00
   -1.04028093e+01 -5.08767182e+00]]

 [[ 1.48205292e-09  1.89678256e-09  2.95217569e-09  1.30546194e-09
    4.89295550e-10  6.98375759e-10  1.42864025e-09  7.67666277e-10
    1.74980696e-09  2.84202320e-09]
  [ 3.00039420e+00  3.00008032e+00  3.00026070e+00  3.00008350e+00
    3.00022413e+00  3.00006872e+00  3.00036396e+00  3.00013763e+00
    3.00003922e+00  3.00040733e+00]
  [-1.04028165e+01 -1.04028881e+01 -1.04029100e+01 -1.04028595e+01
   -1.04028084e+01 -1.04028038e+01 -2.75193356e+00 -1.04028043e+01
   -1.04028340e+01 -2.76589733e+00]]

 [[ 1.44203260e-08  7.33645434e-09  3.10566618e-09  4.29810706e-08
    8.90596999e-09  7.02842240e-10  6.26569119e-08  3.53890544e-08
    1.66016270e-08  2.45816403e-08]
  [ 3.00151250e+00  3.00039693e+00  3.00048505e+00  3.00115008e+00
    3.00046660e+00  3.00005804e+00  3.00008763e+00  3.00078323e+00
    3.00118777e+00  3.00037333e+00]
  [-1.04028207e+01 -1.04028577e+01 -1.04028112e+01 -1.04028650e+01
   -1.04029202e+01 -1.04028024e+01 -1.04028649e+01 -1.04028982e+01
   -1.04029283e+01 -2.76589733e+00]]

 [[ 1.25144589e-08  1.58419370e-08  2.47342399e-08  2.90686043e-09
    4.05070977e-09  8.59937867e-09  2.87274833e-09  1.46392193e-09
    7.19470293e-09  8.01270959e-08]
  [ 3.00101193e+00  3.00299712e+00  3.00003413e+00  3.00034464e+00
    3.00086724e+00  3.00012406e+00  3.00003851e+00  3.00065725e+00
    3.00018198e+00  3.00037048e+00]
  [-1.04028189e+01 -2.76589733e+00 -1.04028228e+01 -1.04028583e+01
   -1.04028938e+01 -1.04029185e+01 -1.04028883e+01 -1.04028919e+01
   -1.04028611e+01 -1.04028405e+01]]

 [[ 2.84503399e-09  3.31122436e-08  1.02551959e-10  8.93611833e-10
    6.95230227e-09  5.59584567e-09  5.74959349e-09  7.75291663e-09
    1.84833157e-09  1.49608533e-09]
  [ 3.00072697e+00  3.00014238e+00  3.00157996e+00  3.00119840e+00
    3.00240565e+00  3.00039362e+00  3.00340855e+00  3.00209287e+00
    3.00022815e+00  3.00053902e+00]
  [-2.76589733e+00 -1.04028561e+01 -1.04028293e+01 -2.76589727e+00
   -1.04028534e+01 -1.04028769e+01 -5.08767182e+00 -1.04028590e+01
   -5.12882279e+00 -1.04028582e+01]]

 [[ 1.62361646e-09  9.76718427e-09  1.08257369e-07  4.09538720e-07
    1.49426495e-09  1.64380574e-08  7.32167407e-08  6.55577112e-08
    5.66638081e-10  5.70193197e-08]
  [ 3.00143848e+00  3.00088941e+00  3.00205231e+00  3.00067976e+00
    3.00488267e+00  3.00258961e+00  3.00062947e+00  3.00079162e+00
    3.00312209e+00  3.00010081e+00]
  [-1.04028630e+01 -1.04028443e+01 -1.04028172e+01 -1.04028237e+01
   -1.04029078e+01 -1.04028263e+01 -1.04028371e+01 -1.04029140e+01
   -1.04028797e+01 -1.04028528e+01]]

 [[ 7.75321320e-09  3.11696107e-08  4.38060453e-09  2.00787947e-12
    3.52918817e-09  2.35731270e-08  4.74671707e-08  3.44265643e-11
    1.11075405e-09  9.19080904e-08]
  [ 3.00285300e+00  3.00196531e+00  3.00196893e+00  3.01023410e+00
    3.00097002e+00  3.00143015e+00  3.00402153e+00  3.00188098e+00
    3.00054253e+00  3.00237357e+00]
  [-1.04028998e+01 -1.04029084e+01 -5.08767156e+00 -1.04029373e+01
   -1.04028428e+01 -5.12882204e+00 -1.04029174e+01 -1.04028233e+01
   -1.04028368e+01 -5.12882252e+00]]

 [[ 2.68025608e-08  1.81329227e-08  6.66066982e-08  6.03348922e-08
    1.32246171e-08  1.89863247e-07  2.47470908e-08  3.32242870e-10
    8.38588060e-09  1.94382311e-07]
  [ 3.00014101e+00  3.00033316e+00  3.00179541e+00  3.00044930e+00
    3.00367143e+00  3.01052352e+00  3.00454603e+00  3.00949442e+00
    3.00336274e+00  3.00169818e+00]
  [-1.04028616e+01 -1.04028728e+01 -1.04028575e+01 -1.04028593e+01
   -1.04029030e+01 -1.04028238e+01 -1.04029001e+01 -1.04028738e+01
   -1.04028789e+01 -1.04028246e+01]]

 [[ 1.23170170e-07  2.81082569e-09  2.90535631e-07  1.74705127e-08
    1.17580164e-07  1.33506216e-07  1.56715286e-07  1.42593404e-07
    3.11066033e-08  2.04338913e-07]
  [ 3.00300869e+00  3.00255612e+00  3.00329018e+00  3.00146114e+00
    3.00275044e+00  3.00182605e+00  3.01181800e+00  3.02259021e+00
    3.01072106e+00  3.00233869e+00]
  [-1.04028535e+01 -1.04029331e+01 -1.04028880e+01 -1.04028381e+01
   -5.08767175e+00 -5.08767166e+00 -1.04028094e+01 -1.04028713e+01
   -1.04029203e+01 -1.04028464e+01]]

 [[ 2.54027894e-07  5.96927237e-07  2.01032492e-07  7.25583435e-07
    1.81449861e-07  2.23013009e-07  8.09867907e-07  6.48624790e-09
    5.84684618e-08  1.88868893e-08]
  [ 3.03404916e+00  3.01412845e+00  3.05135047e+00  3.00923375e+00
    3.01818065e+00  3.00430721e+00  3.01185879e+00  3.01959309e+00
    3.01584707e+00  3.00736912e+00]
  [-3.72430027e+00 -1.04028733e+01 -1.04028214e+01 -1.04028088e+01
   -1.04028635e+01 -3.72430021e+00 -5.08767182e+00 -1.04028962e+01
   -1.04028973e+01 -1.04029116e+01]]

 [[ 1.11819079e-06  7.58831965e-07  6.57177861e-07  2.74807249e-07
    1.54585626e-08  4.77260536e-07  3.31238615e-07  3.44843735e-08
    8.24168704e-07  8.05449296e-08]
  [ 3.04879372e+00  3.00017381e+00  3.01310395e+00  3.00407645e+00
    3.01355237e+00  3.01303264e+00  3.00112294e+00  3.03864661e+00
    3.01516926e+00  3.00327437e+00]
  [-1.04028144e+01 -1.04028558e+01 -1.04028541e+01 -1.04028993e+01
   -3.72430006e+00 -1.04028105e+01 -1.04028025e+01 -1.04028245e+01
   -1.04028471e+01 -5.08767159e+00]]

 [[ 2.59845530e-06  3.38685272e-07  2.04734956e-06  3.21408107e-06
    3.22883848e-07  1.04197440e-06  6.71398586e-07  1.74146507e-07
    9.48325718e-07  1.84306666e-07]
  [ 3.12385140e+00  3.07460864e+00  3.03889928e+00  3.18009437e+00
    3.06903266e+00  3.01924720e+00  3.07188476e+00  3.09619877e+00
    3.01377611e+00  3.02533411e+00]
  [-5.12882251e+00 -1.04029292e+01 -3.72429927e+00 -1.04029168e+01
   -1.04028712e+01 -3.72430032e+00 -1.04028132e+01 -1.04028158e+01
   -1.04028077e+01 -3.72430020e+00]]

 [[ 4.24621632e-07  6.09912698e-06  1.81248630e-07  1.54835698e-06
    6.77054077e-07  2.42791253e-06  2.15145240e-07  5.00470445e-08
    1.37316312e-06  3.29932954e-07]
  [ 3.34518806e+00  3.09963710e+00  3.00278111e+00  3.03842257e+00
    3.22951349e+00  3.02050855e+00  3.08159511e+00  3.06268036e+00
    3.09988615e+00  3.43201525e+00]
  [-1.04029380e+01 -1.04028553e+01 -2.76589733e+00 -3.72429039e+00
   -1.04028402e+01 -1.04028540e+01 -3.72429911e+00 -1.04028167e+01
   -2.75192858e+00 -1.04028668e+01]]

 [[ 1.19010196e-06  1.18383760e-06  2.45306299e-07  4.54792162e-07
    7.07509999e-09  6.08562358e-07  6.71927794e-07  9.05802119e-09
    1.69097019e-06  1.63639931e-06]
  [ 3.02995160e+00  3.09448624e+00  3.11799705e+00  3.16550135e+00
    3.00819833e+00  3.00413980e+00  3.05489385e+00  3.04451596e+00
    3.00417587e+00  3.06414067e+00]
  [-1.04028115e+01 -1.04029111e+01 -2.76589577e+00 -3.72430034e+00
   -3.72429915e+00 -3.72429986e+00 -3.72429959e+00 -5.08767181e+00
   -5.08765265e+00 -3.72376739e+00]]

 [[ 5.22773744e-12  2.94395872e-12  5.01705403e-12  1.79778439e-12
    1.96848171e-11  4.39138498e-12  2.34022908e-11  1.05953744e-11
    1.22564866e-11  6.60785120e-12]
  [ 3.00000019e+00  3.00000059e+00  3.00000010e+00  3.00000085e+00
    3.00000010e+00  3.00000036e+00  3.00000001e+00  3.00000072e+00
    3.00000003e+00  3.00000008e+00]
  [-1.04028323e+01 -1.04028350e+01 -5.08767183e+00 -5.12882280e+00
   -2.75193356e+00 -1.04028406e+01 -1.04028083e+01 -2.75193356e+00
   -1.04028004e+01 -2.76589733e+00]]

 [[ 2.41884663e-12  2.77280130e-12  1.31800291e-12  6.27612298e-11
    7.51785017e-13  1.91977632e-12  1.29972628e-11  1.43823017e-12
    2.29667612e-12  1.30284152e-11]
  [ 3.00000009e+00  3.00000024e+00  3.00000016e+00  3.00000009e+00
    3.00000002e+00  3.00000022e+00  3.00000020e+00  3.00000023e+00
    3.00000004e+00  3.00000032e+00]
  [-1.04028570e+01 -2.76589733e+00 -2.76589733e+00 -1.04028436e+01
   -1.04028246e+01 -3.72430035e+00 -1.04028997e+01 -1.04029010e+01
   -5.12882280e+00 -1.83759297e+00]]]