[[[ 5.53396194e-12  8.42243500e-12  1.47508599e-10  9.15147404e-11
    4.95040098e-12  1.79636441e-12  4.09914997e-10  1.30929520e-10
    1.60106130e-11  1.05712853e-10]
  [ 3.00000000e+00  3.00000000e+00  3.00000000e+00  3.00000000e+00
    3.00000000e+00  3.00000000e+00  3.00000000e+00  3.00000000e+00
    3.00000000e+00  3.00000000e+00]
  [-2.76589733e+00 -2.76589733e+00 -2.75193356e+00 -2.75193356e+00
   -1.04028022e+01 -5.12882280e+00 -1.04028020e+01 -3.72430035e+00
   -3.72430035e+00 -3.72430035e+00]]

 [[ 2.29132598e-11  3.71575169e-13  2.97427533e-12  8.26927627e-11
    2.55897833e-11  1.66966086e-11  1.08411411e-11  1.31882116e-12
    1.89706326e-11  5.63023639e-14]
  [ 3.00000000e+00  3.00000000e+00  3.00000000e+00  3.00000000e+00
    3.00000000e+00  3.00000000e+00  3.00000000e+00  3.00000000e+00
    3.00000000e+00  3.00000000e+00]
  [-1.04029074e+01 -1.04029170e+01 -1.04028256e+01 -1.04028403e+01
   -5.12882280e+00 -2.76589733e+00 -1.04028050e+01 -2.75193356e+00
   -2.75193356e+00 -3.72430035e+00]]

 [[ 6.05464329e-11  1.85458228e-11  1.35440544e-12  3.26041673e-11
    1.24750453e-10  1.11645818e-10  4.31166890e-12  3.35392174e-10
    9.72048238e-11  7.63107062e-11]
  [ 3.00000000e+00  3.00000000e+01  3.00000000e+00  3.00000000e+00
    3.00000000e+00  3.00000000e+00  3.00000000e+00  3.00000000e+00
    3.00000000e+00  3.00000000e+00]
  [-1.04028468e+01 -3.72430035e+00 -2.76589733e+00 -1.04028470e+01
   -5.08767183e+00 -2.75193356e+00 -1.04028159e+01 -2.75193356e+00
   -3.72430035e+00 -2.76589733e+00]]

 [[ 2.32900872e-08  1.28985507e-08  2.66973816e-09  4.34969469e-08
    3.88566105e-09  1.80341478e-09  3.83035734e-09  7.25416583e-09
    7.77197624e-09  3.37064465e-09]
  [ 3.00000010e+00  3.00000000e+00  3.00000032e+00  3.00000000e+00
    3.00000000e+00  3.00000007e+00  3.00000010e+00  3.00000056e+00
    3.00000000e+00  3.00000004e+00]
  [-1.04029395e+01 -1.04028819e+01 -1.04028495e+01 -1.04028290e+01
   -2.76589731e+00 -1.04029325e+01 -2.75193356e+00 -5.08767182e+00
   -2.75193355e+00 -3.72430034e+00]]

 [[ 1.59427395e-09  2.59122631e-08  4.37395033e-10  1.12650735e-07
    2.76679359e-09  6.64401823e-08  2.91271532e-08  2.10875909e-08
    9.16767658e-10  6.38121011e-08]
  [ 3.00000024e+00  3.00000026e+00  3.00000044e+00  3.00000001e+00
    3.00000005e+00  3.00000078e+00  3.00000000e+00  3.00000007e+00
    3.00000049e+00  3.00000031e+00]
  [-1.04029257e+01 -1.04029141e+01 -2.75193354e+00 -1.04028418e+01
   -2.75193356e+00 -1.04028899e+01 -2.75193356e+00 -2.75193356e+00
   -1.04029327e+01 -1.04028311e+01]]

 [[ 8.22918263e-09  6.85108275e-09  1.03811312e-07  6.51763954e-08
    2.32069917e-09  1.27382484e-07  7.68972484e-09  3.09077116e-08
    1.01663635e-10  3.28030363e-08]
  [ 3.00000001e+00  3.00000006e+00  3.00000017e+00  3.00000003e+00
    3.00000069e+00  3.00000011e+00  3.00000015e+00  3.00000037e+00
    3.00000002e+00  3.00000040e+00]
  [-2.75193356e+00 -2.75193356e+00 -1.04028955e+01 -2.76589732e+00
   -1.04029175e+01 -2.75193356e+00 -1.04029030e+01 -5.12882280e+00
   -2.76589732e+00 -1.83759297e+00]]

 [[ 4.00947653e-08  1.78409913e-10  4.12132225e-09  8.54211080e-08
    3.67081208e-08  5.69930218e-09  4.41168668e-07  3.99540201e-07
    3.36028848e-08  5.84147183e-09]
  [ 3.00000167e+00  3.00000015e+00  3.00000077e+00  3.00000000e+00
    3.00000082e+00  3.00000000e+00  3.00000268e+00  3.00000022e+00
    3.00000065e+00  3.00000001e+00]
  [-1.04028214e+01 -1.04029278e+01 -1.04028372e+01 -1.04029074e+01
   -1.04029117e+01 -2.75193356e+00 -1.04029253e+01 -2.75193321e+00
   -1.04028993e+01 -2.76589733e+00]]

 [[ 2.72337480e-07  1.75405310e-09  5.99424344e-09  4.96201034e-08
    2.18752834e-08  1.03515882e-09  9.59811104e-08  9.07408463e-10
    2.71022416e-08  7.30493969e-09]
  [ 3.00000011e+00  3.00000045e+00  3.00000093e+00  3.00000242e+00
    3.00000105e+00  3.00000255e+00  3.00000009e+00  3.00000059e+00
    3.00000091e+00  3.00000078e+00]
  [-1.04029340e+01 -2.76589725e+00 -1.04028439e+01 -1.04028112e+01
   -2.75193356e+00 -5.12882279e+00 -1.04029378e+01 -1.04029252e+01
   -1.04029159e+01 -1.04028435e+01]]

 [[ 2.78374901e-10  1.59512827e-07  4.78887147e-09  1.45530708e-09
    4.29516938e-09  2.18884997e-08  4.02848491e-08  8.65680637e-08
    7.10577876e-08  7.94029950e-08]
  [ 3.00000213e+00  3.00000008e+00  3.00000011e+00  3.00000021e+00
    3.00000004e+00  3.00000221e+00  3.00000018e+00  3.00000081e+00
    3.00000032e+00  3.00000020e+00]
  [-3.72430020e+00 -1.04028289e+01 -1.04029238e+01 -5.12882280e+00
   -1.04029349e+01 -5.08767183e+00 -1.04028196e+01 -1.04028606e+01
   -1.04029314e+01 -1.04028319e+01]]

 [[ 1.71199945e-06  1.86462259e-07  5.87454457e-07  7.29702153e-08
    1.28968368e-06  9.10420624e-08  2.10557977e-07  1.12142171e-09
    4.16233035e-07  7.45587543e-08]
  [ 3.00000000e+00  3.00000000e+00  3.00000019e+00  3.00000001e+00
    3.00000100e+00  3.00000951e+00  3.00000059e+00  3.00002086e+00
    3.00000001e+00  3.00000141e+00]
  [-3.72430034e+00 -2.75193327e+00 -1.04028883e+01 -2.75193355e+00
   -2.76589694e+00 -2.75193352e+00 -3.72429960e+00 -1.04028932e+01
   -2.75193356e+00 -2.76589730e+00]]

 [[ 3.47042696e-08  3.93679812e-08  1.04641064e-07  5.06149427e-07
    1.53100953e-07  6.30286754e-08  3.08610608e-07  5.72940359e-08
    1.04448105e-08  1.99337298e-09]
  [ 3.00000170e+00  3.00000793e+00  3.00000104e+00  3.00000097e+00
    3.00000000e+00  3.00000349e+00  3.00000000e+00  3.00000117e+00
    3.00000272e+00  3.00000298e+00]
  [-1.04028974e+01 -5.12882213e+00 -3.72430034e+00 -2.75193355e+00
   -2.75193355e+00 -1.04028417e+01 -1.04029214e+01 -5.12882280e+00
   -2.75193356e+00 -3.72430018e+00]]

 [[ 2.47308603e-07  3.45650339e-09  2.04706483e-10  4.19527761e-08
    1.23019651e-06  2.54088667e-07  1.84490097e-08  1.35415946e-07
    3.02859849e-09  5.56957823e-08]
  [ 3.00000001e+00  3.00000035e+00  3.00000241e+00  3.00000078e+00
    3.00000155e+00  3.00000126e+00  3.00000324e+00  3.00000000e+00
    3.00000095e+00  3.00000001e+00]
  [-1.04028344e+01 -2.75193338e+00 -2.75193356e+00 -5.08767181e+00
   -1.04029391e+01 -3.72430033e+00 -2.75193316e+00 -5.08767173e+00
   -3.72430025e+00 -1.04028943e+01]]

 [[ 1.37821378e-05  1.32307543e-06  6.81477465e-06  7.33608382e-07
    8.13019265e-07  1.04661037e-05  5.69522894e-07  3.29447422e-07
    6.26314181e-13  4.53342430e-06]
  [ 3.00000031e+00  3.00000083e+00  3.00000371e+00  3.00000381e+00
    3.00000092e+00  3.00000000e+00  3.00000000e+00  3.00000131e+00
    3.00000626e+00  3.00000064e+00]
  [-3.72430034e+00 -2.76589690e+00 -2.76589729e+00 -1.04029333e+01
   -1.04028040e+01 -1.04028564e+01 -1.04028861e+01 -5.08767160e+00
   -1.04029344e+01 -3.72429946e+00]]

 [[ 2.26758539e-06  1.77607992e-06  1.37674709e-08  6.74537182e-07
    2.44486757e-06  9.72041502e-08  3.61293976e-07  5.55615107e-06
    4.45131080e-07  2.97303280e-08]
  [ 3.00012410e+00  3.00000039e+00  3.00000121e+00  3.00000156e+00
    3.00000117e+00  3.00001161e+00  3.00000027e+00  3.00004273e+00
    3.00000199e+00  3.00000050e+00]
  [-1.04028569e+01 -1.04028428e+01 -2.75193310e+00 -1.04029190e+01
   -3.72430028e+00 -1.04029226e+01 -5.08767182e+00 -1.04029341e+01
   -1.04028541e+01 -1.04028290e+01]]

 [[ 7.43923524e-07  7.96676656e-07  8.76685608e-07  3.81465160e-06
    1.05447553e-07  4.27366478e-06  6.01408816e-07  3.18579911e-06
    3.04857829e-07  4.11197806e-07]
  [ 3.00000377e+00  3.00000000e+00  3.00000000e+00  3.00000000e+00
    3.00002276e+00  3.00000035e+00  3.00000000e+00  3.00000460e+00
    3.00000104e+00  3.00000235e+00]
  [-2.75193356e+00 -2.75193347e+00 -5.12882272e+00 -1.04029205e+01
   -5.08767153e+00 -1.04029346e+01 -2.75193356e+00 -1.83759266e+00
   -1.04029214e+01 -1.04028434e+01]]

 [[ 1.50461269e-05  1.81869687e-05  8.56507307e-06  2.90719636e-07
    4.63732841e-05  4.71825324e-06  5.70424582e-06  7.01971607e-06
    2.08725478e-07  6.89012068e-05]
  [ 3.00004947e+00  3.00000882e+00  3.00000727e+00  3.00221536e+00
    3.00013147e+00  3.00000000e+00  3.00003972e+00  3.00007207e+00
    3.00030208e+00  3.00000000e+00]
  [-1.04029114e+01 -1.04029265e+01 -1.04028190e+01 -1.04028531e+01
   -1.04029246e+01 -3.72429999e+00 -2.75193267e+00 -1.04028530e+01
   -3.72429923e+00 -2.76587512e+00]]

 [[ 1.24419763e-07  2.73113662e-05  8.36835165e-07  2.36972374e-05
    9.08161418e-08  2.98453625e-07  9.05548215e-06  2.02336300e-06
    2.01867120e-07  4.48563460e-05]
  [ 3.00004023e+00  3.00001577e+00  3.00000524e+00  3.00001400e+00
    3.00000422e+00  3.00015289e+00  3.00001796e+00  3.00000468e+00
    3.00002407e+00  3.00007359e+00]
  [-2.75192435e+00 -1.04028976e+01 -2.75192116e+00 -2.76589728e+00
   -1.04028447e+01 -1.04028105e+01 -1.04028293e+01 -1.04027687e+01
   -2.76589715e+00 -2.75193346e+00]]

 [[ 2.21292287e-05  4.78951674e-06  7.68642297e-06  7.19860387e-05
    5.73520681e-06  2.94519315e-06  7.56538677e-07  1.48864752e-05
    4.75335373e-06  3.29811641e-07]
  [ 3.00000000e+00  3.00014460e+00  3.00000063e+00  3.00000708e+00
    3.00005552e+00  3.00009762e+00  3.00001576e+00  3.00000001e+00
    3.00000538e+01  3.00000000e+00]
  [-2.76589720e+00 -2.76587526e+00 -1.04029087e+01 -5.08767153e+00
   -1.04029357e+01 -5.12882091e+00 -1.04028905e+01 -1.04028392e+01
   -3.72430024e+00 -5.12882262e+00]]

 [[ 1.07391548e-10  1.15347504e-10  1.94664260e-12  2.45912898e-12
    2.23991817e-11  4.65257934e-11  5.59736742e-13  2.03223822e-11
    2.01250450e-11  3.47060934e-11]
  [ 3.00000000e+00  3.00000000e+00  3.00000000e+00  3.00000000e+00
    3.00000000e+00  3.00000000e+00  3.00000000e+00  3.00000000e+00
    3.00000000e+00  3.00000000e+00]
  [-1.04028513e+01 -1.04029348e+01 -2.76589733e+00 -1.04028003e+01
   -5.08767183e+00 -1.04028207e+01 -1.04028509e+01 -2.75193356e+00
   -1.04028371e+01 -3.72430035e+00]]

 [[ 1.25375085e-11  1.93115792e-12  4.31830793e-11  2.78965129e-12
    1.85296547e-11  1.43929201e-11  1.84420916e-12  5.85725940e-12
    6.71925138e-13  7.34961012e-12]
  [ 3.00000000e+00  3.00000000e+00  3.00000000e+00  3.00000000e+00
    3.00000000e+00  3.00000000e+00  3.00000000e+00  3.00000000e+00
    3.00000000e+00  3.00000000e+00]
  [-5.12882280e+00 -5.08767183e+00 -1.04028637e+01 -1.04028997e+01
   -1.04028448e+01 -2.75193356e+00 -3.72430035e+00 -1.04028116e+01
   -1.04028027e+01 -1.04028915e+01]]

 [[ 3.82006044e-11  2.95732921e-11  2.04177947e-11  3.06769253e-11
    3.56311593e-12  7.91351879e-11  9.86595221e-12  6.44392012e-12
    3.74158217e-12  6.82773711e-11]
  [ 3.00000000e+00  3.00000000e+00  3.00000000e+00  3.00000000e+00
    3.00000000e+00  3.00000000e+00  3.00000000e+00  3.00000000e+00
    3.00000000e+00  3.00000000e+00]
  [-1.04028862e+01 -3.72430035e+00 -2.75193356e+00 -1.04028471e+01
   -1.04029049e+01 -2.75193356e+00 -2.75193356e+00 -2.76589733e+00
   -1.04029247e+01 -1.04029200e+01]]

 [[ 1.17978608e-07  3.96394473e-08  1.14031728e-08  1.76719879e-08
    1.77493600e-08  1.47287067e-09  1.86789017e-08  2.80286775e-08
    1.36714786e-08  1.66742894e-08]
  [ 3.00000022e+00  3.00000000e+00  3.00000003e+00  3.00000005e+00
    3.00000000e+00  3.00000020e+00  3.00000001e+00  3.00000000e+00
    3.00000088e+00  3.00000000e+00]
  [-3.72430034e+00 -1.04029227e+01 -1.04028727e+01 -1.04028386e+01
   -5.12882279e+00 -1.04028380e+01 -2.75193356e+00 -2.76589733e+00
   -1.04029268e+01 -1.04028900e+01]]

 [[ 9.15451312e-09  5.30980737e-08  6.11260064e-11  5.23939907e-10
    1.12155659e-08  3.74701102e-09  2.27882739e-09  1.61917965e-08
    9.51628246e-09  5.96637710e-09]
  [ 3.00000001e+00  3.00000000e+00  3.00000006e+00  3.00000004e+00
    3.00000011e+00  3.00000000e+00  3.00000000e+00  3.00000000e+00
    3.00000000e+00  3.00000000e+00]
  [-1.04028524e+01 -1.04029065e+01 -1.04028055e+01 -1.04029331e+01
   -1.04028207e+01 -1.04028511e+01 -1.04028404e+01 -3.72430034e+00
   -1.04028220e+01 -1.04029403e+01]]

 [[ 4.05852235e-09  9.07942360e-08  7.73709788e-10  1.30133495e-08
    3.77699262e-08  6.18326303e-10  4.33724836e-09  3.43265384e-09
    2.36859817e-08  3.29730127e-09]
  [ 3.00000000e+00  3.00000000e+00  3.00000000e+00  3.00000010e+00
    3.00000000e+00  3.00000000e+00  3.00000003e+00  3.00000000e+00
    3.00000000e+00  3.00000019e+00]
  [-2.76589733e+00 -1.04029150e+01 -2.75193356e+00 -1.04028703e+01
   -1.04028579e+01 -2.76589733e+00 -3.72430027e+00 -2.76589731e+00
   -1.04028737e+01 -1.04028476e+01]]

 [[ 2.71772770e-07  1.47454245e-07  1.20973224e-07  3.94079869e-08
    3.58916788e-08  6.59030835e-09  2.95963418e-09  6.02796281e-08
    1.86211705e-10  1.44760062e-07]
  [ 3.00000000e+00  3.00000066e+00  3.00000027e+00  3.00000000e+00
    3.00000209e+00  3.00000003e+00  3.00000046e+00  3.00000000e+00
    3.00000090e+00  3.00000487e+00]
  [-3.72430028e+00 -1.04028533e+01 -1.04028264e+01 -3.72430034e+00
   -1.04028168e+01 -2.75193354e+00 -1.04029281e+01 -1.04028067e+01
   -1.04028057e+01 -1.04028759e+01]]

 [[ 1.73511513e-07  2.90241337e-08  1.08671269e-08  3.35834272e-08
    2.58720310e-07  3.34188970e-09  4.73167633e-08  3.21315036e-08
    4.36852809e-07  9.13473879e-08]
  [ 3.00000000e+00  3.00000000e+00  3.00000001e+00  3.00000000e+00
    3.00000000e+00  3.00000000e+00  3.00000008e+00  3.00000000e+00
    3.00000000e+00  3.00000000e+00]
  [-1.04028109e+01 -1.04029396e+01 -1.04028617e+01 -1.04028746e+01
   -1.04029058e+01 -1.04029365e+01 -1.04029301e+01 -5.12882269e+00
   -1.04029386e+01 -1.04028313e+01]]

 [[ 6.79134945e-09  4.27049049e-07  7.00546376e-08  1.29524944e-10
    4.79720354e-08  5.50039200e-09  2.50038310e-09  2.47207766e-09
    3.06521193e-07  2.87736332e-08]
  [ 3.00000000e+00  3.00000000e+00  3.00000000e+00  3.00000002e+00
    3.00000005e+00  3.00000000e+00  3.00000000e+00  3.00000000e+00
    3.00000000e+00  3.00000000e+00]
  [-1.04028947e+01 -1.04028067e+01 -5.08767182e+00 -5.08767179e+00
   -1.04028138e+01 -1.04028062e+01 -3.72430032e+00 -1.04029225e+01
   -3.72430033e+00 -2.75193353e+00]]

 [[ 8.25076615e-08  3.27827470e-08  3.40839236e-07  1.22008024e-07
    5.74286061e-07  6.22783708e-08  8.06228797e-08  4.90414241e-07
    8.82270250e-08  1.03213821e-07]
  [ 3.00000000e+00  3.00000074e+00  3.00000000e+00  3.00000005e+00
    3.00000023e+00  3.00000201e+00  3.00000000e+00  3.00000031e+00
    3.00000000e+00  3.00000000e+00]
  [-3.72430022e+00 -2.75193352e+00 -3.72430013e+00 -1.04028015e+01
   -1.04028175e+01 -5.08767182e+00 -1.04028904e+01 -3.72430034e+00
   -5.12882279e+00 -1.04029270e+01]]

 [[ 5.33530161e-08  1.27039843e-08  1.85342593e-08  1.53577144e-06
    5.80405852e-09  2.06041826e-07  6.81358852e-08  2.31376928e-10
    2.92907614e-07  1.61914171e-07]
  [ 3.00000000e+00  3.00000094e+00  3.00000000e+00  3.00000015e+00
    3.00000000e+00  3.00000009e+00  3.00000000e+00  3.00000263e+00
    3.00000000e+00  3.00000002e+00]
  [-2.75193354e+00 -3.72430024e+00 -1.04028939e+01 -1.04029342e+01
   -3.72430007e+00 -3.72430031e+00 -3.72430034e+00 -2.76589733e+00
   -1.04029205e+01 -1.04028591e+01]]

 [[ 2.85551830e-07  5.24182729e-08  1.16189022e-07  1.51452162e-06
    1.53139244e-06  3.45834091e-09  1.83173489e-07  1.07140724e-07
    1.87602465e-06  1.64323039e-07]
  [ 3.00000000e+00  3.00000001e+00  3.00000000e+00  3.00000000e+00
    3.00000005e+00  3.00000000e+00  3.00000001e+00  3.00000002e+00
    3.00000000e+00  3.00000000e+00]
  [-1.04029003e+01 -1.04028726e+01 -1.04028063e+01 -1.04029405e+01
   -2.75193353e+00 -5.12882066e+00 -5.12882280e+00 -2.75193300e+00
   -1.04028330e+01 -2.76589725e+00]]

 [[ 8.49454508e-07  2.87164134e-07  1.01184478e-05  1.79210147e-06
    3.29883773e-07  7.52118537e-07  2.48392168e-08  1.32650404e-06
    9.52565267e-07  9.07595327e-08]
  [ 3.00000002e+00  3.00000000e+00  3.00000000e+00  3.00000005e+00
    3.00000000e+00  3.00000000e+00  3.00000056e+00  3.00004479e+00
    3.00000039e+00  3.00000001e+00]
  [-1.04029284e+01 -1.04028863e+01 -1.04028206e+01 -1.04029338e+01
   -1.04028491e+01 -3.72429959e+00 -1.04028161e+01 -1.04028905e+01
   -2.75193332e+00 -5.12882264e+00]]

 [[ 3.51354658e-08  5.02097891e-07  9.46061631e-08  7.77983475e-07
    2.82086520e-09  5.14370774e-06  1.53047954e-07  2.29183836e-08
    4.05738977e-07  9.43601003e-06]
  [ 3.00000400e+00  3.00000000e+00  3.00000325e+00  3.00001939e+00
    3.00000000e+00  3.00000001e+00  3.00000000e+00  3.00000331e+00
    3.00000000e+00  3.00000000e+00]
  [-1.04029132e+01 -3.72430026e+00 -1.04028416e+01 -1.04029319e+01
   -1.04029027e+01 -1.04028043e+01 -1.04028064e+01 -1.04029348e+01
   -1.04028450e+01 -1.04029326e+01]]

 [[ 3.72859014e-07  1.21813826e-07  2.58698547e-06  2.57683224e-06
    3.34502418e-07  1.62507681e-06  5.07386565e-06  1.17604010e-07
    1.05564986e-07  1.04011441e-10]
  [ 3.00000000e+00  3.00000004e+00  3.00000000e+00  3.00000000e+00
    3.00000686e+00  3.00000166e+00  3.00000002e+00  3.00000000e+00
    3.00000000e+00  3.00000161e+00]
  [-1.04028845e+01 -5.12882206e+00 -1.04029111e+01 -2.76589729e+00
   -2.75192845e+00 -5.12882279e+00 -1.04029220e+01 -3.72430029e+00
   -5.12882268e+00 -3.72430031e+00]]

 [[ 7.06954827e-06  2.52518299e-06  1.89955944e-07  7.81028770e-06
    9.52093046e-07  5.52266626e-06  1.47435945e-05  1.07859718e-06
    3.12081915e-07  1.87012350e-05]
  [ 3.00000029e+00  3.00001165e+00  3.00000173e+00  3.00001098e+00
    3.00000056e+00  3.00000015e+00  3.00000000e+00  3.00000168e+00
    3.00000000e+00  3.00000000e+00]
  [-1.04027820e+01 -1.04029392e+01 -1.04027025e+01 -2.76589629e+00
   -1.83759296e+00 -1.04028135e+01 -5.12882280e+00 -2.76589666e+00
   -3.72429950e+00 -3.72429454e+00]]

 [[ 3.08643821e-06  1.04013359e-05  6.16995784e-06  7.94273387e-06
    4.57878760e-08  2.98588324e-06  1.03086630e-05  2.39974487e-06
    3.03520698e-06  2.01120818e-05]
  [ 3.00000218e+00  3.00000011e+00  3.00002550e+00  3.00000000e+00
    3.00000000e+00  3.00000019e+00  3.00000005e+00  3.00000008e+00
    3.00000000e+00  3.00000323e+00]
  [-1.04028520e+01 -1.04029375e+01 -1.04027573e+01 -2.75193327e+00
   -1.04029292e+01 -1.04029398e+01 -1.83759289e+00 -1.04028872e+01
   -5.12882059e+00 -1.04028763e+01]]

 [[ 5.36448443e-07  1.04035038e-05  1.06144463e-05  2.29886147e-05
    7.88965028e-06  2.50666391e-05  1.32783961e-06  1.47897541e-05
    4.33038289e-06  1.03318792e-06]
  [ 3.00000002e+00  3.00000490e+00  3.00018188e+00  3.00000214e+00
    3.00000605e+00  3.00000000e+00  3.00000000e+00  3.00000000e+00
    3.00005266e+00  3.00000016e+00]
  [-1.04028249e+01 -3.72427925e+00 -1.04028162e+01 -5.12881453e+00
   -3.72430027e+00 -1.04028825e+01 -2.76588896e+00 -1.04027350e+01
   -2.76589251e+00 -5.08767010e+00]]

 [[ 5.05803605e-12  1.30926430e-11  5.31154581e-14  1.77956690e-11
    9.29639605e-13  3.78217578e-11  4.29192055e-11  3.03088675e-11
    2.15340018e-11  5.28475755e-12]
  [ 3.00000000e+00  3.00000000e+00  3.00000000e+00  3.00000000e+00
    3.00000000e+00  3.00000000e+00  3.00000000e+00  3.00000000e+00
    3.00000000e+00  3.00000000e+00]
  [-2.76589733e+00 -2.75193356e+00 -5.08767183e+00 -1.04029173e+01
   -1.04028857e+01 -3.72430035e+00 -1.04029169e+01 -2.75193356e+00
   -3.72430035e+00 -2.75193356e+00]]

 [[ 1.25672198e-12  3.04360580e-12  2.16918826e-12  6.12293621e-12
    1.39416254e-13  2.25060908e-11  1.51156721e-11  1.18948165e-12
    2.05453839e-12  2.57582296e-12]
  [ 3.00000000e+00  3.00000000e+00  3.00000000e+00  3.00000000e+00
    3.00000000e+00  3.00000000e+00  3.00000000e+00  3.00000000e+00
    3.00000000e+00  3.00000000e+00]
  [-1.04028300e+01 -1.04028800e+01 -2.75193356e+00 -1.04028463e+01
   -2.76589733e+00 -1.04029058e+01 -1.04028022e+01 -1.04029248e+01
   -2.75193356e+00 -2.75193356e+00]]

 [[ 9.92181004e-12  3.27209891e-12  4.50897556e-12  5.07741478e-11
    4.17523971e-11  4.51245612e-13  3.27374379e-11  4.98258454e-13
    2.65778256e-11  5.67385465e-13]
  [ 3.00000000e+00  3.00000000e+00  3.00000000e+00  3.00000000e+00
    3.00000000e+00  3.00000000e+00  3.00000000e+00  3.00000000e+00
    3.00000000e+00  3.00000000e+00]
  [-2.76589733e+00 -2.75193356e+00 -1.04028012e+01 -1.04028045e+01
   -5.12882280e+00 -1.04029225e+01 -2.75193356e+00 -2.75193356e+00
   -5.08767183e+00 -1.04028272e+01]]

 [[ 1.13740193e-08  3.81178469e-10  3.31003712e-08  1.35590216e-09
    1.15808127e-08  5.30762431e-09  1.71856283e-10  9.43958216e-10
    1.89906557e-09  5.91570869e-09]
  [ 3.00000000e+00  3.00000007e+00  3.00000004e+00  3.00000001e+00
    3.00000001e+00  3.00000003e+00  3.00000002e+00  3.00000000e+00
    3.00000000e+00  3.00000000e+00]
  [-2.76589733e+00 -5.12882280e+00 -1.04028597e+01 -1.04028310e+01
   -2.76589733e+00 -1.04028850e+01 -2.75193356e+00 -1.04028084e+01
   -1.04028691e+01 -2.76589733e+00]]

 [[ 2.58475802e-08  1.40492069e-09  5.18484835e-11  2.40856104e-08
    4.39669608e-09  6.78135341e-09  2.19932006e-08  2.66980082e-09
    8.01358732e-10  4.37694035e-10]
  [ 3.00000000e+00  3.00000010e+00  3.00000001e+00  3.00000004e+00
    3.00000040e+00  3.00000003e+00  3.00000001e+00  3.00000004e+00
    3.00000000e+00  3.00000003e+00]
  [-1.04029139e+01 -1.04029211e+01 -1.04028049e+01 -2.76589733e+00
   -1.04028720e+01 -1.04028213e+01 -1.04029288e+01 -2.75193356e+00
   -2.76589733e+00 -2.75193356e+00]]

 [[ 6.20747688e-09  3.43065993e-10  2.94313561e-10  3.21985488e-09
    2.89921269e-08  6.19344777e-09  2.46982362e-09  1.49011866e-11
    4.49958229e-09  8.76506718e-09]
  [ 3.00000033e+00  3.00000000e+00  3.00000011e+00  3.00000006e+00
    3.00000012e+00  3.00000000e+00  3.00000001e+00  3.00000000e+00
    3.00000000e+00  3.00000003e+00]
  [-3.72430035e+00 -2.75193356e+00 -5.08767182e+00 -2.75193354e+00
   -1.04028888e+01 -3.72430035e+00 -2.76589733e+00 -1.04029380e+01
   -2.76589733e+00 -2.76589733e+00]]

 [[ 8.62612658e-09  1.64056850e-08  6.76474903e-10  8.58606884e-09
    1.68505123e-07  1.35256524e-07  3.43950199e-09  7.85750621e-09
    2.76848877e-08  6.75757927e-09]
  [ 3.00000039e+00  3.00000010e+00  3.00000000e+00  3.00000007e+00
    3.00000000e+00  3.00000019e+00  3.00000007e+00  3.00000001e+00
    3.00000095e+00  3.00000013e+00]
  [-5.08767181e+00 -2.76589695e+00 -1.04028444e+01 -1.04028024e+01
   -2.76589733e+00 -1.04028047e+01 -2.75193356e+00 -2.76589731e+00
   -1.04029243e+01 -2.76589733e+00]]

 [[ 2.45049092e-09  4.54159646e-08  6.00714885e-08  1.59290342e-07
    2.50637891e-09  4.43670824e-10  4.39082163e-09  4.70307204e-07
    4.05324872e-08  3.08673884e-08]
  [ 3.00000017e+00  3.00000024e+00  3.00000023e+00  3.00000000e+00
    3.00000064e+00  3.00000065e+00  3.00000083e+00  3.00000014e+00
    3.00000002e+00  3.00000007e+00]
  [-1.04029344e+01 -1.04028190e+01 -2.75193356e+00 -1.04029296e+01
   -2.76589731e+00 -2.76589733e+00 -1.04029340e+01 -1.04029352e+01
   -1.04028890e+01 -1.04029295e+01]]

 [[ 3.82053311e-07  2.61516188e-09  4.00213131e-08  3.12611583e-09
    7.20369508e-08  7.76283110e-09  2.85762529e-09  4.65916092e-11
    1.85755682e-07  2.06969541e-09]
  [ 3.00000028e+00  3.00000004e+00  3.00000111e+00  3.00000033e+00
    3.00000000e+00  3.00000194e+00  3.00000001e+00  3.00000000e+00
    3.00000114e+00  3.00000003e+00]
  [-3.72430035e+00 -1.04029339e+01 -1.04028855e+01 -2.76589733e+00
   -2.76589733e+00 -3.72430033e+00 -1.04028003e+01 -1.04028308e+01
   -5.12882280e+00 -2.75193356e+00]]

 [[ 5.76371089e-09  5.45323520e-08  4.03987956e-08  1.20263126e-09
    1.13700426e-08  1.00648830e-07  1.64232497e-09  6.28893643e-08
    3.75211518e-11  4.60630889e-18]
  [ 3.00000011e+00  3.00000010e+00  3.00000003e+00  3.00000010e+00
    3.00000059e+00  3.00000058e+00  3.00000003e+00  3.00000071e+00
    3.00000004e+00  3.00000055e+00]
  [-1.04028246e+01 -3.72430025e+00 -2.75193351e+00 -1.04029288e+01
   -1.04029380e+01 -1.04028352e+01 -2.76589733e+00 -5.12882280e+00
   -1.04028241e+01 -1.04028628e+01]]

 [[ 1.74306689e-07  2.26590957e-07  5.27239718e-08  6.56695017e-08
    2.67540731e-09  2.29873877e-07  1.03987462e-07  7.34508652e-10
    1.88174766e-08  2.23027776e-11]
  [ 3.00000047e+00  3.00000014e+00  3.00000027e+00  3.00000066e+00
    3.00000013e+00  3.00000000e+00  3.00000003e+00  3.00000018e+00
    3.00000030e+00  3.00000070e+00]
  [-2.76589732e+00 -1.04028461e+01 -3.72430026e+00 -1.04028253e+01
   -1.04029340e+01 -1.04028503e+01 -1.04029018e+01 -1.04028339e+01
   -1.04029257e+01 -1.04028660e+01]]

 [[ 1.72525445e-08  2.43454012e-08  1.58896095e-07  2.04071012e-08
    3.34170592e-09  1.33529932e-09  4.57076357e-08  2.47678272e-08
    6.90034052e-08  5.87911530e-08]
  [ 3.00000035e+00  3.00000000e+00  3.00000001e+00  3.00000000e+00
    3.00000047e+00  3.00000003e+00  3.00000003e+00  3.00000102e+00
    3.00000026e+00  3.00000015e+00]
  [-2.75193355e+00 -2.75193356e+00 -3.72430031e+00 -2.75193356e+00
   -5.12882279e+00 -1.83759276e+00 -1.04029141e+01 -3.72430033e+00
   -5.08767182e+00 -1.04029233e+01]]

 [[ 6.75032476e-07  9.18568025e-08  2.80622540e-07  9.02734725e-08
    2.67820615e-06  1.36848544e-06  1.39916210e-06  1.51866792e-07
    4.56178674e-07  5.95254988e-07]
  [ 3.00000005e+00  3.00000180e+00  3.00000420e+00  3.00000000e+00
    3.00000025e+00  3.00000000e+00  3.00000313e+00  3.00000000e+00
    3.00000166e+00  3.00000223e+00]
  [-1.04028526e+01 -1.04028804e+01 -2.75193356e+00 -2.75193356e+00
   -1.04028640e+01 -1.04028690e+01 -1.04028340e+01 -1.04029330e+01
   -2.75193257e+00 -1.04029091e+01]]

 [[ 6.39818584e-07  1.28291510e-09  2.35426901e-07  2.95672186e-08
    2.77314446e-08  1.10768535e-07  1.37303154e-06  3.64593795e-09
    3.43798588e-13  1.60117582e-07]
  [ 3.00001105e+00  3.00000556e+00  3.00000050e+00  3.00000198e+00
    3.00000013e+00  3.00000056e+00  3.00000000e+00  3.00000274e+00
    3.00002565e+00  3.00000322e+00]
  [-1.04029329e+01 -2.75193356e+00 -2.75193353e+00 -1.04029405e+01
   -3.72430022e+00 -1.04028097e+01 -3.72430033e+00 -1.04028648e+01
   -1.04028764e+01 -1.04028320e+01]]

 [[ 5.52501578e-07  1.08916119e-06  1.38011423e-06  8.62048397e-07
    2.07490957e-07  3.21015617e-06  6.31525342e-08  2.03913087e-07
    5.27068577e-08  5.49848602e-08]
  [ 3.00000180e+00  3.00000103e+00  3.00000003e+00  3.00000195e+00
    3.00000039e+00  3.00000003e+00  3.00000025e+00  3.00000147e+00
    3.00000099e+00  3.00000024e+00]
  [-1.04028665e+01 -2.75193342e+00 -2.75193335e+00 -2.76589732e+00
   -3.72430034e+00 -1.04029331e+01 -1.04029376e+01 -3.72430032e+00
   -2.75193353e+00 -2.76589732e+00]]

 [[ 1.03663660e-06  4.75665833e-07  8.62177471e-07  2.26728012e-05
    8.31772853e-09  1.31190177e-06  8.46739285e-07  4.36402864e-06
    6.22404766e-07  1.58314877e-06]
  [ 3.00000000e+00  3.00000730e+00  3.00000218e+00  3.00000000e+00
    3.00001614e+00  3.00001404e+00  3.00002066e+00  3.00002351e+00
    3.00002929e+00  3.00000368e+00]
  [-2.75193350e+00 -1.04028254e+01 -1.04028854e+01 -5.08767168e+00
   -3.72430031e+00 -1.04028675e+01 -1.04028770e+01 -1.04029116e+01
   -1.04029342e+01 -1.83759272e+00]]

 [[ 6.13173410e-09  2.71356653e-05  2.53177215e-06  3.65186560e-07
    3.09053268e-07  2.35702063e-06  1.73711827e-06  6.27632325e-07
    1.50784473e-06  2.79355855e-08]
  [ 3.00000060e+00  3.00002089e+00  3.00003328e+00  3.00000440e+00
    3.00000958e+00  3.00001039e+00  3.00000602e+00  3.00000712e+00
    3.00001339e+00  3.00000905e+00]
  [-2.76589707e+00 -1.04028109e+01 -1.04028163e+01 -1.04029398e+01
   -1.04029068e+01 -3.72429912e+00 -2.76589725e+00 -1.04029301e+01
   -1.04028491e+01 -3.72429956e+00]]

 [[ 6.66137649e-09  1.45808906e-06  8.80977988e-07  5.14426347e-07
    6.98601288e-06  4.12874163e-07  7.71741315e-06  4.81194614e-06
    1.24882908e-06  6.54838248e-07]
  [ 3.00000052e+00  3.00000851e+00  3.00000002e+00  3.00000000e+00
    3.00000002e+00  3.00000164e+00  3.00006559e+00  3.00001359e+00
    3.00000000e+00  3.00000000e+00]
  [-2.75193215e+00 -2.75193257e+00 -2.75193356e+00 -1.04028747e+01
   -1.04028453e+01 -2.75193313e+00 -1.83759273e+00 -2.75193320e+00
   -2.75193353e+00 -2.76589718e+00]]

 [[ 4.34028499e-12  1.88545251e-11  1.14660249e-11  5.14523809e-12
    2.11216545e-11  1.71926510e-11  8.12915082e-13  9.65461634e-12
    7.71740391e-13  4.99597342e-12]
  [ 3.00000000e+00  3.00000000e+00  3.00000000e+00  3.00000000e+00
    3.00000000e+00  3.00000000e+00  3.00000000e+00  3.00000000e+00
    3.00000000e+00  3.00000000e+00]
  [-2.76589733e+00 -2.76589733e+00 -3.72430035e+00 -3.72430035e+00
   -1.04028507e+01 -1.04028380e+01 -1.04028120e+01 -1.04028009e+01
   -1.04028034e+01 -1.04028249e+01]]

 [[ 8.23734019e-12  2.52476690e-11  3.71527550e-13  1.86024073e-12
    4.14147131e-13  3.68850802e-11  1.46973526e-11  5.21791549e-11
    2.29086535e-11  6.81649119e-12]
  [ 3.00000000e+00  3.00000000e+00  3.00000000e+00  3.00000000e+00
    3.00000000e+00  3.00000000e+00  3.00000000e+00  3.00000000e+00
    3.00000000e+00  3.00000000e+00]
  [-1.04028550e+01 -3.72430035e+00 -1.04028271e+01 -1.04028510e+01
   -1.04028688e+01 -1.04028294e+01 -3.72430035e+00 -2.76589733e+00
   -2.75193356e+00 -1.04028491e+01]]

 [[ 1.40315622e-11  7.15422163e-12  1.18775205e-11  1.09109549e-12
    1.50505304e-10  1.74754976e-12  2.55553776e-11  2.32852148e-15
    1.31205888e-11  3.45528476e-11]
  [ 3.00000000e+00  3.00000000e+00  3.00000000e+00  3.00000000e+00
    3.00000000e+00  3.00000000e+00  3.00000000e+00  3.00000000e+00
    3.00000000e+00  3.00000000e+00]
  [-2.75193356e+00 -1.04028136e+01 -1.04029319e+01 -3.72430035e+00
   -5.08767183e+00 -1.04028053e+01 -5.08767183e+00 -5.12882280e+00
   -2.75193356e+00 -2.76589733e+00]]

 [[ 1.57479379e-08  5.84978657e-08  5.28665643e-09  5.98704981e-08
    1.15069196e-08  4.62360224e-09  3.70213847e-09  2.11811908e-08
    2.29684112e-09  3.44545520e-13]
  [ 3.00000000e+00  3.00000001e+00  3.00000000e+00  3.00000000e+00
    3.00000004e+00  3.00000000e+00  3.00000000e+00  3.00000000e+00
    3.00000001e+00  3.00000000e+00]
  [-1.04029222e+01 -2.76589732e+00 -1.04028163e+01 -5.12882280e+00
   -1.04028211e+01 -1.04028259e+01 -1.04028952e+01 -3.72430035e+00
   -2.75193356e+00 -2.75193356e+00]]

 [[ 1.65872464e-08  4.82396311e-10  4.86031558e-09  1.34255242e-09
    3.64594661e-08  3.03283215e-09  1.08796634e-09  1.89308778e-09
    1.26955050e-09  3.45402565e-09]
  [ 3.00000052e+00  3.00000000e+00  3.00000000e+00  3.00000000e+00
    3.00000000e+00  3.00000000e+00  3.00000000e+00  3.00000000e+00
    3.00000012e+00  3.00000007e+00]
  [-3.72430034e+00 -3.72430035e+00 -3.72430034e+00 -1.04029041e+01
   -1.04029304e+01 -1.04029045e+01 -2.75193355e+00 -5.12882277e+00
   -1.04028520e+01 -5.12882280e+00]]

 [[ 1.88964310e-09  7.55846844e-10  1.39717716e-09  2.45173240e-09
    1.44657709e-08  2.79632850e-09  6.09427446e-09  3.85912154e-09
    2.07667991e-09  7.22272394e-09]
  [ 3.00000000e+00  3.00000000e+00  3.00000000e+00  3.00000000e+00
    3.00000000e+00  3.00000000e+00  3.00000003e+00  3.00000000e+00
    3.00000025e+00  3.00000014e+00]
  [-2.76589733e+00 -5.08767173e+00 -3.72430035e+00 -1.04029236e+01
   -1.04028707e+01 -1.04028715e+01 -3.72430035e+00 -1.04029201e+01
   -3.72430035e+00 -2.76589733e+00]]

 [[ 1.16742234e-08  2.25922607e-07  1.76103575e-08  1.79044652e-08
    3.10798051e-08  2.38944579e-08  2.76100121e-07  1.00534973e-07
    1.12492192e-08  4.07520986e-08]
  [ 3.00000000e+00  3.00000000e+00  3.00000001e+00  3.00000000e+00
    3.00000000e+00  3.00000000e+00  3.00000158e+00  3.00000002e+00
    3.00000000e+00  3.00000032e+00]
  [-1.04028456e+01 -1.04028804e+01 -5.08767182e+00 -1.04028535e+01
   -2.75193354e+00 -2.76589732e+00 -1.04029066e+01 -2.75193356e+00
   -2.75193354e+00 -1.04029319e+01]]

 [[ 2.65629810e-08  1.11819014e-08  6.42348087e-09  9.29442616e-10
    7.36968824e-09  1.80083653e-08  1.10198688e-09  3.35478000e-08
    1.97700820e-08  1.20270731e-07]
  [ 3.00000061e+00  3.00000006e+00  3.00000002e+00  3.00000003e+00
    3.00000004e+00  3.00000000e+00  3.00000001e+00  3.00000000e+00
    3.00000000e+00  3.00000000e+00]
  [-1.04028405e+01 -2.75193356e+00 -2.76589732e+00 -1.04029292e+01
   -1.04029310e+01 -1.04029279e+01 -2.75193356e+00 -2.76589733e+00
   -1.04029247e+01 -1.04029019e+01]]

 [[ 7.62217931e-09  3.28894593e-09  3.63314464e-10  3.25206768e-08
    1.96612543e-09  3.80426088e-09  4.40907353e-08  3.44653446e-08
    6.72625479e-08  2.75975717e-08]
  [ 3.00000030e+00  3.00000000e+00  3.00000017e+00  3.00000000e+00
    3.00000000e+00  3.00000001e+00  3.00000000e+00  3.00000069e+00
    3.00000000e+00  3.00000006e+00]
  [-3.72430034e+00 -1.04029085e+01 -1.04028135e+01 -1.04028276e+01
   -1.04028010e+01 -2.75193356e+00 -5.12882280e+00 -3.72430034e+00
   -1.04028653e+01 -3.72430035e+00]]

 [[ 2.50144921e-07  3.23745815e-07  1.44731136e-07  8.12231016e-08
    2.95643979e-09  6.99686494e-08  5.17760184e-08  5.13504631e-08
    1.57840986e-07  4.16071317e-09]
  [ 3.00000001e+00  3.00000000e+00  3.00000000e+00  3.00000000e+00
    3.00000000e+00  3.00000000e+00  3.00000014e+00  3.00000000e+00
    3.00000076e+00  3.00000000e+00]
  [-1.04028484e+01 -1.04029153e+01 -1.04028819e+01 -2.75193350e+00
   -1.04028079e+01 -3.72430034e+00 -5.12882275e+00 -2.76589703e+00
   -1.04029030e+01 -1.04028300e+01]]

 [[ 1.74239315e-08  2.99754600e-08  7.38168347e-08  2.08554383e-07
    4.05082778e-07  2.47810888e-08  3.41150283e-09  6.43475798e-10
    1.10742805e-08  3.59339010e-08]
  [ 3.00000016e+00  3.00000001e+00  3.00000003e+00  3.00000144e+00
    3.00000000e+00  3.00000000e+00  3.00000000e+00  3.00000077e+00
    3.00000279e+00  3.00000000e+00]
  [-1.04028115e+01 -1.04028412e+01 -1.04029215e+01 -3.72430018e+00
   -3.72430035e+00 -5.12882279e+00 -1.04028160e+01 -2.75193356e+00
   -1.04028343e+01 -3.72430035e+00]]

 [[ 1.01521160e-07  5.67932945e-09  6.62280890e-10  3.53334947e-07
    2.27529926e-08  2.88302122e-08  9.46635468e-09  4.36164122e-08
    1.32384146e-08  3.35640233e-08]
  [ 3.00000015e+00  3.00000000e+00  3.00000000e+00  3.00000007e+00
    3.00000020e+00  3.00000000e+00  3.00000028e+00  3.00000075e+00
    3.00000229e+00  3.00000001e+00]
  [-2.75193356e+00 -2.75193344e+00 -2.75193356e+00 -1.04028868e+01
   -2.76589704e+00 -1.04029219e+01 -1.04029065e+01 -2.75193356e+00
   -1.04028967e+01 -1.04029115e+01]]

 [[ 4.10093927e-07  1.00226201e-07  2.88797725e-08  1.68910575e-07
    1.73883019e-06  8.52106506e-08  4.99599459e-08  1.48632634e-07
    1.84216017e-07  4.76822998e-07]
  [ 3.00000000e+00  3.00000126e+00  3.00000000e+00  3.00000000e+00
    3.00000000e+00  3.00000150e+00  3.00000000e+00  3.00000001e+00
    3.00000001e+00  3.00000000e+00]
  [-5.08766960e+00 -1.04028350e+01 -2.75193353e+00 -1.04028728e+01
   -3.72429996e+00 -1.04028983e+01 -3.72429984e+00 -1.04029230e+01
   -1.04028287e+01 -1.04029055e+01]]

 [[ 1.08428264e-07  3.53337584e-08  4.92064190e-07  6.03102567e-08
    2.09070715e-07  1.46700634e-06  1.50714652e-06  6.70941750e-07
    2.97035392e-07  1.25506029e-07]
  [ 3.00000181e+00  3.00000022e+00  3.00000000e+00  3.00000000e+00
    3.00000144e+00  3.00000000e+00  3.00000000e+00  3.00000001e+00
    3.00000000e+00  3.00000035e+00]
  [-1.04029031e+01 -1.04029117e+01 -2.76589691e+00 -1.04028220e+01
   -5.08767182e+00 -5.08767178e+00 -2.76589729e+00 -1.04028387e+01
   -1.04028494e+01 -2.76589572e+00]]

 [[ 6.91060447e-09  5.70617122e-08  1.05747282e-08  1.86787508e-06
    1.13768674e-06  4.73681479e-08  3.04321869e-07  2.51103916e-07
    1.17481733e-07  5.54684918e-08]
  [ 3.00000008e+00  3.00000000e+00  3.00000066e+00  3.00000000e+00
    3.00001155e+00  3.00000221e+00  3.00000235e+00  3.00000041e+00
    3.00000000e+00  3.00000000e+00]
  [-1.04028507e+01 -1.04028602e+01 -2.75193356e+00 -1.04028302e+01
   -2.76589733e+00 -2.76589681e+00 -1.04028089e+01 -5.08767178e+00
   -5.08767182e+00 -1.04028375e+01]]

 [[ 5.20215358e-06  3.56631958e-19  9.79527540e-06  4.72775731e-06
    1.76151908e-06  6.00678730e-06  2.57812145e-06  3.27356048e-06
    1.51343237e-06  1.67444159e-06]
  [ 3.00001670e+00  3.00000000e+00  3.00000000e+00  3.00000000e+00
    3.00000000e+00  3.00000000e+00  3.00000406e+00  3.00002407e+00
    3.00001282e+00  3.00000000e+00]
  [-1.04028021e+01 -3.72429792e+00 -1.04028508e+01 -1.04028650e+01
   -1.04028823e+01 -1.04029270e+01 -2.76589720e+00 -2.76589497e+00
   -2.76589732e+00 -2.75193232e+00]]

 [[ 7.01902082e-06  8.06764579e-07  6.28144256e-07  6.03129361e-06
    1.17557337e-06  1.93954957e-06  5.70340930e-06  2.00887519e-06
    3.10520503e-06  7.34202767e-07]
  [ 3.00000000e+00  3.00000000e+00  3.00000000e+00  3.00000000e+00
    3.00000000e+00  3.00000000e+00  3.00000000e+00  3.00001391e+00
    3.00000000e+00  3.00000005e+00]
  [-1.04029403e+01 -1.04028791e+01 -1.04029264e+01 -5.08767182e+00
   -1.04028425e+01 -1.04028024e+01 -2.75193355e+00 -1.04028275e+01
   -1.04028762e+01 -1.04028979e+01]]

 [[ 2.51678700e-06  8.28188615e-08  1.71100176e-06  3.00048570e-06
    1.26469552e-06  2.29988786e-06  1.66555394e-06  1.55612651e-07
    8.90119528e-06  6.37738432e-06]
  [ 3.00000000e+00  3.00000000e+00  3.00000000e+00  3.00000000e+00
    3.00000000e+00  3.00000000e+00  3.00000000e+00  3.00000000e+00
    3.00000035e+00  3.00000000e+00]
  [-1.04028413e+01 -2.75193306e+00 -5.08767182e+00 -1.04028214e+01
   -2.76589614e+00 -5.08767173e+00 -2.75193356e+00 -2.75193355e+00
   -2.76589719e+00 -2.75193355e+00]]

 [[ 8.85629045e-13  1.50034904e-11  8.59701593e-13  1.39239885e-11
    1.85565238e-11  6.80413036e-12  9.49406629e-12  3.49012365e-13
    2.76534506e-11  4.26149264e-11]
  [ 3.00000000e+00  3.00000000e+00  3.00000000e+00  3.00000000e+00
    3.00000000e+00  3.00000000e+00  3.00000000e+00  3.00000000e+00
    3.00000000e+00  3.00000000e+00]
  [-1.04028792e+01 -1.04028499e+01 -5.12882280e+00 -1.04028517e+01
   -2.76589733e+00 -1.04028049e+01 -1.04028997e+01 -1.04028005e+01
   -3.72430035e+00 -5.08767183e+00]]

 [[ 1.34774375e-12  1.49464584e-11  5.03299552e-12  5.25797352e-11
    6.35198175e-12  1.10282526e-10  1.32216204e-15  3.01760327e-12
    1.22710453e-11  6.96861875e-12]
  [ 3.00000000e+00  3.00000000e+00  3.00000000e+00  3.00000000e+00
    3.00000000e+00  3.00000000e+00  3.00000000e+00  3.00000000e+00
    3.00000000e+00  3.00000000e+00]
  [-1.04028988e+01 -2.76589733e+00 -3.72430035e+00 -1.04028851e+01
   -2.76589733e+00 -1.04028408e+01 -1.04028273e+01 -3.72430035e+00
   -5.12882280e+00 -1.83759297e+00]]

 [[ 3.20619832e-11  3.06444282e-14  4.27017360e-14  3.42983947e-12
    1.28546639e-11  6.60982969e-12  1.88024350e-12  4.70540222e-13
    1.22859151e-11  4.98057586e-12]
  [ 3.00000000e+00  3.00000000e+00  3.00000000e+00  3.00000000e+00
    3.00000000e+00  3.00000000e+00  3.00000000e+00  3.00000000e+00
    3.00000000e+00  3.00000000e+00]
  [-3.72430035e+00 -1.04028087e+01 -2.75193356e+00 -2.76589733e+00
   -5.12882280e+00 -2.75193356e+00 -3.72430035e+00 -1.83759297e+00
   -2.76589733e+00 -3.72430035e+00]]

 [[ 6.86873326e-10  3.14021840e-09  1.08700528e-08  8.17381909e-09
    8.59053065e-09  6.17819686e-11  1.18008324e-09  8.05838531e-09
    9.19417736e-09  3.21257932e-08]
  [ 3.00000014e+00  3.00000002e+00  3.00000005e+00  3.00000003e+00
    3.00000000e+00  3.00000009e+00  3.00000002e+00  3.00000000e+00
    3.00000000e+00  3.00000010e+00]
  [-1.04029283e+01 -1.04028613e+01 -1.04029393e+01 -3.72430034e+00
   -1.04029076e+01 -1.04029261e+01 -2.75193356e+00 -2.76589733e+00
   -1.04028121e+01 -2.76589733e+00]]

 [[ 3.12839739e-08  1.87334429e-09  4.72114428e-09  4.76653898e-09
    8.69381259e-09  1.44623226e-10  4.57599085e-09  4.76320392e-09
    6.39810525e-09  2.64288944e-08]
  [ 3.00000002e+00  3.00000002e+00  3.00000011e+00  3.00000001e+00
    3.00000005e+00  3.00000011e+00  3.00000002e+00  3.00000000e+00
    3.00000005e+00  3.00000002e+00]
  [-2.76589733e+00 -2.75193356e+00 -5.12882279e+00 -1.04028088e+01
   -1.04028912e+01 -3.72430034e+00 -1.04028897e+01 -3.72430035e+00
   -1.04028732e+01 -1.04028569e+01]]

 [[ 8.00596676e-09  2.99943190e-11  6.30334209e-11  5.87085544e-08
    2.75715571e-10  6.15149054e-11  3.12341909e-09  8.78344844e-09
    1.11706588e-08  2.15565160e-09]
  [ 3.00000000e+00  3.00000026e+00  3.00000001e+00  3.00000002e+00
    3.00000001e+00  3.00000001e+00  3.00000002e+00  3.00000002e+00
    3.00000004e+00  3.00000000e+00]
  [-1.83759297e+00 -2.75193355e+00 -1.04028539e+01 -2.75193355e+00
   -3.72430033e+00 -2.76589733e+00 -1.04028140e+01 -2.76589732e+00
   -2.75193356e+00 -1.04028562e+01]]

 [[ 1.76079423e-08  1.55360144e-08  1.41504247e-11  1.95323797e-07
    2.20890076e-08  1.58494661e-08  4.83699159e-08  4.81539556e-10
    1.78023215e-08  5.13788491e-08]
  [ 3.00000003e+00  3.00000000e+00  3.00000048e+00  3.00000000e+00
    3.00000004e+00  3.00000025e+00  3.00000003e+00  3.00000039e+00
    3.00000017e+00  3.00000000e+00]
  [-1.04028988e+01 -2.75193356e+00 -2.75193356e+00 -1.04028703e+01
   -2.75193356e+00 -2.76589732e+00 -2.76589733e+00 -2.75193356e+00
   -2.76589729e+00 -2.76589732e+00]]

 [[ 1.62165706e-09  2.34876621e-09  2.54194070e-13  2.63965696e-09
    9.90552940e-09  4.52544123e-09  6.16528805e-08  2.57132481e-08
    4.62251615e-09  2.68245474e-08]
  [ 3.00000002e+00  3.00000001e+00  3.00000005e+00  3.00000000e+00
    3.00000010e+00  3.00000000e+00  3.00000005e+00  3.00000004e+00
    3.00000007e+00  3.00000000e+00]
  [-1.04029317e+01 -5.12882279e+00 -1.04028125e+01 -1.04028565e+01
   -2.75193356e+00 -5.08767183e+00 -1.04029406e+01 -1.04028340e+01
   -1.04028170e+01 -2.76589733e+00]]

 [[ 3.17371933e-09  4.12052710e-09  9.48477678e-08  1.01172066e-08
    3.63464466e-09  2.35531633e-09  1.03773359e-07  9.81972211e-09
    2.42341278e-07  2.24399136e-09]
  [ 3.00000006e+00  3.00000025e+00  3.00000000e+00  3.00000017e+00
    3.00000012e+00  3.00000030e+00  3.00000051e+00  3.00000000e+00
    3.00000028e+00  3.00000000e+00]
  [-1.04028674e+01 -1.04028514e+01 -1.04028948e+01 -2.76589730e+00
   -2.75193356e+00 -3.72430034e+00 -1.04028590e+01 -1.04028818e+01
   -2.75193355e+00 -1.04029054e+01]]

 [[ 6.65160888e-08  1.53494627e-07  3.36958984e-08  8.89383210e-09
    6.17671995e-08  8.13680969e-08  8.84475207e-08  3.06781767e-09
    2.06112845e-07  7.86868368e-08]
  [ 3.00000232e+00  3.00000020e+00  3.00000201e+00  3.00000007e+00
    3.00000041e+00  3.00000010e+00  3.00000002e+00  3.00000018e+00
    3.00000000e+00  3.00000000e+00]
  [-1.04028308e+01 -2.75193356e+00 -1.04029243e+01 -2.75193356e+00
   -1.04029120e+01 -3.72430031e+00 -5.08767182e+00 -2.76589731e+00
   -1.04028779e+01 -1.04028090e+01]]

 [[ 1.82422652e-07  1.08857022e-08  4.89737891e-08  8.38351662e-09
    4.81988672e-08  4.45211387e-08  1.63293195e-07  4.15799372e-08
    3.67659210e-08  5.96619644e-08]
  [ 3.00000001e+00  3.00000000e+00  3.00000003e+00  3.00000000e+00
    3.00000007e+00  3.00000014e+00  3.00000010e+00  3.00000006e+00
    3.00000089e+00  3.00000400e+00]
  [-3.72430027e+00 -2.76589733e+00 -1.04028909e+01 -1.04028537e+01
   -1.04028584e+01 -1.04028248e+01 -1.04029353e+01 -1.04029389e+01
   -3.72430035e+00 -2.75193356e+00]]

 [[ 5.64188254e-08  2.72457228e-08  5.35244005e-08  1.09731545e-07
    2.25806642e-08  1.94187399e-07  2.72717875e-10  3.25918412e-10
    7.82286989e-09  1.34584141e-07]
  [ 3.00000000e+00  3.00000016e+00  3.00000000e+00  3.00000021e+00
    3.00000000e+00  3.00000050e+00  3.00000019e+00  3.00000283e+00
    3.00000013e+00  3.00000007e+00]
  [-2.75193355e+00 -2.75193356e+00 -2.75193356e+00 -3.72430015e+00
   -1.04029047e+01 -1.04029209e+01 -1.04029049e+01 -5.12882278e+00
   -2.75193354e+00 -3.72430034e+00]]

 [[ 4.95221306e-07  1.33000474e-06  4.06333543e-08  5.40485848e-07
    2.13416103e-09  2.69065669e-07  6.43105762e-09  2.04313884e-07
    1.75982620e-06  8.48864775e-08]
  [ 3.00000125e+00  3.00000108e+00  3.00000004e+00  3.00000014e+00
    3.00000390e+00  3.00000763e+00  3.00000013e+00  3.00000028e+00
    3.00000122e+00  3.00000000e+00]
  [-5.12882229e+00 -1.04028254e+01 -1.04028223e+01 -1.04028345e+01
   -2.76589729e+00 -1.04028545e+01 -1.04028575e+01 -3.72430032e+00
   -5.08767066e+00 -5.12882279e+00]]

 [[ 1.63440690e-07  3.61801496e-07  7.27951065e-07  8.48904428e-08
    1.34108671e-07  3.18330113e-07  1.80206390e-07  2.80101703e-07
    4.04637494e-08  1.22099205e-08]
  [ 3.00000427e+00  3.00000104e+00  3.00000359e+00  3.00000000e+00
    3.00000005e+00  3.00000103e+00  3.00000130e+00  3.00000010e+00
    3.00000008e+00  3.00000794e+00]
  [-2.76589709e+00 -3.72430031e+00 -2.75193355e+00 -3.72430028e+00
   -1.04029244e+01 -2.75193334e+00 -1.04028903e+01 -1.04028044e+01
   -1.04028588e+01 -2.76589722e+00]]

 [[ 4.23518729e-08  2.02109079e-07  6.53372310e-08  5.89692859e-07
    6.04800956e-08  2.93932442e-07  2.00267302e-07  3.55653573e-07
    1.36158817e-06  1.37613698e-08]
  [ 3.00000000e+00  3.00000542e+00  3.00000006e+00  3.00000036e+00
    3.00000428e+00  3.00001187e+00  3.00000000e+00  3.00000265e+00
    3.00000002e+00  3.00000021e+00]
  [-2.75193355e+00 -1.04029366e+01 -3.72429998e+00 -2.76589730e+00
   -2.75193356e+00 -1.04028696e+01 -1.04028167e+01 -1.04028005e+01
   -1.04028077e+01 -2.76589728e+00]]

 [[ 3.04210865e-06  8.48078006e-07  1.88782848e-07  3.39640296e-07
    1.97378424e-06  1.06971811e-06  2.13867161e-06  3.30813528e-07
    9.22218418e-11  6.70226201e-07]
  [ 3.00000213e+00  3.00000259e+00  3.00010657e+00  3.00000018e+00
    3.00000000e+00  3.00000000e+00  3.00000606e+00  3.00000026e+00
    3.00002388e+00  3.00000513e+00]
  [-3.72430008e+00 -2.75193356e+00 -1.04028989e+01 -2.75193121e+00
   -1.04029041e+01 -5.12882268e+00 -1.83759296e+00 -1.04028873e+01
   -5.08767181e+00 -1.04029148e+01]]

 [[ 3.38234863e-06  2.31285469e-06  6.08607521e-09  9.08625194e-06
    1.04172373e-07  4.14938631e-06  1.54201316e-06  8.05660148e-07
    2.34351522e-06  2.54858045e-06]
  [ 3.00000000e+00  3.00002217e+00  3.00001592e+00  3.00000000e+00
    3.00000000e+00  3.00001085e+00  3.00001262e+00  3.00004937e+00
    3.00013511e+00  3.00005495e+00]
  [-3.72429961e+00 -2.75193334e+00 -1.04028746e+01 -1.04028054e+01
   -3.72430032e+00 -3.72430013e+00 -2.76589015e+00 -3.72429730e+00
   -2.75193353e+00 -5.12882278e+00]]

 [[ 4.15650461e-07  3.75977423e-06  1.17859672e-07  1.33398575e-06
    1.27207138e-09  2.30469953e-07  1.29943936e-06  5.74233842e-08
    7.70840578e-07  4.06532255e-06]
  [ 3.00001490e+00  3.00000719e+00  3.00000498e+00  3.00000078e+00
    3.00000000e+00  3.00000206e+00  3.00001232e+00  3.00000020e+00
    3.00000570e+00  3.00005597e+00]
  [-3.72430012e+00 -1.04028285e+01 -2.75193147e+00 -2.75193342e+00
   -1.04029281e+01 -2.75193127e+00 -5.12879840e+00 -3.72430032e+00
   -2.76589733e+00 -1.04029302e+01]]

 [[ 1.92364339e-11  6.23184632e-11  3.72020862e-12  1.07042464e-12
    1.21389118e-11  8.27426122e-13  1.55582252e-11  2.34014793e-13
    6.40026997e-13  1.10087541e-11]
  [ 3.00000000e+00  3.00000000e+00  3.00000000e+00  3.00000000e+00
    3.00000000e+00  3.00000000e+00  3.00000000e+00  3.00000000e+00
    3.00000000e+00  3.00000000e+00]
  [-1.04028436e+01 -1.04028150e+01 -5.08767183e+00 -1.04028212e+01
   -5.12882280e+00 -5.12882280e+00 -1.04028005e+01 -1.04028152e+01
   -2.75193356e+00 -2.75193356e+00]]

 [[ 7.13902223e-14  4.67403570e-12  6.27782902e-12  1.08313874e-12
    1.76498804e-11  4.43287852e-11  3.59839106e-13  9.46838624e-12
    5.92038167e-13  5.22123958e-12]
  [ 3.00000000e+00  3.00000000e+00  3.00000000e+00  3.00000000e+00
    3.00000000e+00  3.00000000e+00  3.00000000e+00  3.00000000e+00
    3.00000000e+00  3.00000000e+00]
  [-5.12882280e+00 -1.04028161e+01 -1.04028354e+01 -5.12882280e+00
   -2.75193356e+00 -1.04028062e+01 -3.72430035e+00 -5.08767183e+00
   -2.75193356e+00 -1.04029044e+01]]

 [[ 3.62883282e-11  4.52248535e-12  5.33221040e-12  7.60666762e-12
    6.48112010e-11  6.56154521e-12  3.93366403e-12  8.53621181e-13
    2.35912447e-11  8.69534187e-13]
  [ 3.00000000e+00  3.00000000e+00  3.00000000e+00  3.00000000e+00
    3.00000000e+00  3.00000000e+00  3.00000000e+00  3.00000000e+00
    3.00000000e+00  3.00000000e+00]
  [-1.04028119e+01 -2.75193356e+00 -1.04028150e+01 -5.12882280e+00
   -2.76589733e+00 -2.76589733e+00 -2.75193356e+00 -3.72430035e+00
   -5.08767183e+00 -1.04028068e+01]]

 [[ 9.78278553e-10  1.05460261e-08  5.57526480e-09  8.41266257e-09
    4.04399045e-09  1.51941704e-08  6.13345686e-11  1.22340776e-11
    1.63699855e-09  9.50432459e-09]
  [ 3.00000001e+00  3.00000000e+00  3.00000000e+00  3.00000000e+00
    3.00000000e+00  3.00000000e+00  3.00000015e+00  3.00000000e+00
    3.00000007e+00  3.00000000e+00]
  [-3.72430035e+00 -1.04028772e+01 -1.04028047e+01 -1.04028324e+01
   -2.76589732e+00 -3.72430034e+00 -1.04028470e+01 -3.72430035e+00
   -1.04029085e+01 -3.72430035e+00]]

 [[ 5.26639444e-09  2.71093842e-09  1.57335573e-08  4.72017464e-09
    3.88148471e-09  1.48409146e-10  1.67179470e-09  4.66690051e-10
    1.33000294e-09  3.04274049e-09]
  [ 3.00000000e+00  3.00000000e+00  3.00000000e+00  3.00000000e+00
    3.00000000e+00  3.00000055e+00  3.00000001e+00  3.00000000e+00
    3.00000010e+00  3.00000000e+00]
  [-1.04029321e+01 -2.75193356e+00 -2.75193356e+00 -2.75193356e+00
   -5.12882278e+00 -1.04028819e+01 -1.04029171e+01 -2.75193356e+00
   -1.04028092e+01 -1.04029400e+01]]

 [[ 5.49515924e-10  2.41132591e-09  1.04487768e-10  1.35508912e-08
    6.30559526e-09  4.69064080e-09  3.06667670e-09  1.59698362e-09
    1.04108387e-09  8.02329873e-09]
  [ 3.00000000e+00  3.00000004e+00  3.00000000e+00  3.00000000e+00
    3.00000000e+00  3.00000001e+00  3.00000006e+00  3.00000013e+00
    3.00000000e+00  3.00000008e+00]
  [-1.04028601e+01 -1.04028101e+01 -2.76589733e+00 -2.76589733e+00
   -1.83759297e+00 -2.75193356e+00 -1.04028521e+01 -1.04028691e+01
   -1.04029153e+01 -1.04028052e+01]]

 [[ 2.29858094e-08  6.17370201e-08  6.92995421e-08  2.92974056e-08
    3.51705609e-08  2.23328341e-07  3.36628930e-08  4.79018961e-08
    2.92996418e-08  2.72926356e-09]
  [ 3.00000006e+00  3.00000000e+00  3.00000000e+00  3.00000301e+00
    3.00000001e+00  3.00000036e+00  3.00000006e+00  3.00000004e+00
    3.00000010e+00  3.00000010e+00]
  [-1.04028912e+01 -3.72430034e+00 -1.04029349e+01 -1.04029137e+01
   -1.04028067e+01 -1.04028242e+01 -1.04029255e+01 -2.75193356e+00
   -2.76589732e+00 -3.72430034e+00]]

 [[ 1.20399532e-07  2.93141510e-08  1.76888939e-07  7.72452564e-09
    2.70246571e-08  6.14309439e-09  3.59891084e-08  7.07891929e-08
    1.09036781e-07  1.68619149e-08]
  [ 3.00000000e+00  3.00000000e+00  3.00000000e+00  3.00000000e+00
    3.00000000e+00  3.00000000e+00  3.00000001e+00  3.00000000e+00
    3.00000115e+00  3.00000174e+00]
  [-1.04029169e+01 -3.72430031e+00 -2.75193356e+00 -5.12882280e+00
   -2.76589733e+00 -1.83759297e+00 -1.04028488e+01 -1.04028718e+01
   -3.72430026e+00 -1.04028203e+01]]

 [[ 5.54447190e-09  1.77006343e-07  6.37077936e-08  5.85832076e-10
    7.25945407e-08  3.70484946e-08  1.42404592e-07  3.21354625e-08
    6.51828318e-09  1.50511695e-08]
  [ 3.00000004e+00  3.00000000e+00  3.00000000e+00  3.00000000e+00
    3.00000000e+00  3.00000000e+00  3.00000012e+00  3.00000000e+00
    3.00000035e+00  3.00000000e+00]
  [-5.08767182e+00 -1.04029368e+01 -3.72430033e+00 -3.72430035e+00
   -2.76589728e+00 -2.76589731e+00 -1.04028825e+01 -1.04029302e+01
   -2.76589733e+00 -1.04028771e+01]]

 [[ 6.35919548e-08  3.75700723e-09  7.81379732e-08  8.24350005e-10
    7.68402959e-09  8.26203672e-08  1.50999468e-08  3.57126257e-09
    1.37339272e-07  1.05342211e-07]
  [ 3.00000015e+00  3.00000002e+00  3.00000008e+00  3.00000003e+00
    3.00000000e+00  3.00000019e+00  3.00000000e+00  3.00000014e+00
    3.00000000e+00  3.00000078e+00]
  [-1.04028776e+01 -1.04028788e+01 -1.04028854e+01 -1.04028444e+01
   -5.12882278e+00 -2.76589733e+00 -1.04028069e+01 -1.04029298e+01
   -1.04028459e+01 -5.08767183e+00]]]