[[[3.35e-08 1.02e-07 3.23e-10 3.93e-08 2.26e-08 2.41e-08 4.55e-08
   2.84e-08 2.69e-08 6.88e-08]
  [3.00e+00 3.00e+00 3.00e+00 3.00e+00 3.00e+00 3.00e+00 3.00e+00
   3.00e+00 3.00e+00 3.00e+00]
  [-1.04e+01 -1.04e+01 -1.04e+01 -3.72e+00 -2.77e+00 -1.04e+01 -1.04e+01
   -1.04e+01 -1.04e+01 -1.04e+01]]

 [[8.87e-10 2.98e-08 1.26e-07 8.55e-09 2.49e-07 5.89e-08 5.42e-08
   1.64e-07 1.29e-07 2.89e-08]
  [3.00e+00 3.00e+00 3.00e+00 3.00e+00 3.00e+00 3.00e+00 3.00e+00
   3.00e+00 3.00e+00 3.00e+00]
  [-1.04e+01 -5.09e+00 -1.04e+01 -1.04e+01 -2.77e+00 -2.77e+00 -2.77e+00
   -2.75e+00 -2.75e+00 -5.09e+00]]

 [[3.01e-07 5.80e-07 1.15e-06 3.86e-07 8.27e-07 2.41e-07 4.87e-08
   7.57e-08 1.61e-07 1.26e-06]
  [3.00e+00 3.00e+00 3.00e+00 3.00e+00 3.00e+00 3.00e+00 3.00e+00
   3.00e+00 3.00e+00 3.00e+00]
  [-2.77e+00 -1.04e+01 -1.04e+01 -1.04e+01 -1.04e+01 -1.04e+01 -2.77e+00
   -2.77e+00 -1.04e+01 -1.04e+01]]

 [[4.75e-07 3.01e-07 3.18e-07 6.25e-08 1.11e-07 2.81e-08 3.27e-07
   2.42e-07 4.81e-08 3.08e-07]
  [3.00e+00 3.00e+00 3.00e+00 3.00e+00 3.00e+00 3.00e+00 3.00e+00
   3.00e+00 3.00e+00 3.00e+00]
  [-1.04e+01 -1.04e+01 -2.75e+00 -1.04e+01 -1.04e+01 -1.84e+00 -3.72e+00
   -2.77e+00 -1.04e+01 -2.77e+00]]

 [[6.19e-07 2.00e-06 2.29e-07 1.22e-07 5.78e-08 9.28e-09 2.36e-07
   8.82e-09 1.26e-07 6.68e-07]
  [3.00e+00 3.00e+00 3.00e+00 3.00e+00 3.00e+00 3.00e+00 3.00e+00
   3.00e+00 3.00e+00 3.00e+00]
  [-1.04e+01 -1.04e+01 -5.09e+00 -1.04e+01 -1.04e+01 -2.77e+00 -2.77e+00
   -1.04e+01 -2.77e+00 -1.04e+01]]

 [[3.21e-06 1.42e-06 3.68e-06 7.62e-07 8.58e-07 1.37e-05 4.36e-06
   4.36e-09 1.24e-06 8.14e-06]
  [3.00e+00 3.00e+00 3.00e+00 3.00e+00 3.00e+00 3.00e+00 3.00e+00
   3.00e+00 3.00e+00 3.00e+00]
  [-3.72e+00 -1.04e+01 -2.75e+00 -1.04e+01 -1.04e+01 -1.04e+01 -3.72e+00
   -1.04e+01 -2.77e+00 -1.04e+01]]

 [[1.20e-06 1.31e-06 1.44e-06 2.21e-07 2.65e-06 3.33e-06 6.02e-06
   2.56e-06 2.05e-06 2.43e-06]
  [3.00e+00 3.00e+00 3.00e+00 3.00e+00 3.00e+00 3.00e+00 3.00e+00
   3.00e+00 3.00e+00 3.00e+00]
  [-2.75e+00 -1.04e+01 -2.75e+00 -1.04e+01 -1.04e+01 -1.04e+01 -2.75e+00
   -1.04e+01 -1.04e+01 -1.04e+01]]

 [[1.13e-06 7.28e-07 4.02e-06 2.25e-08 1.23e-06 1.25e-06 1.71e-07
   1.42e-07 7.17e-07 3.96e-08]
  [3.00e+00 3.00e+00 3.00e+00 3.00e+00 3.00e+00 3.00e+00 3.00e+00
   3.00e+00 3.00e+00 3.00e+00]
  [-1.04e+01 -1.04e+01 -1.04e+01 -3.72e+00 -1.04e+01 -2.77e+00 -3.72e+00
   -1.04e+01 -5.09e+00 -2.75e+00]]

 [[1.87e-12 4.56e-12 4.13e-13 2.53e-13 1.00e-12 1.46e-12 5.39e-12
   4.02e-12 2.87e-13 4.14e-13]
  [3.00e+00 3.00e+00 3.00e+00 3.00e+00 3.00e+00 3.00e+00 3.00e+00
   3.00e+00 3.00e+00 3.00e+00]
  [-2.77e+00 -2.77e+00 -1.04e+01 -1.04e+01 -1.04e+01 -1.04e+01 -5.13e+00
   -1.04e+01 -2.75e+00 -2.75e+00]]

 [[1.43e-12 2.34e-12 4.33e-12 1.75e-11 5.94e-14 5.71e-13 1.85e-12
   9.83e-14 6.48e-15 4.69e-12]
  [3.00e+00 3.00e+00 3.00e+00 3.00e+00 3.00e+00 3.00e+00 3.00e+00
   3.00e+00 3.00e+00 3.00e+00]
  [-2.77e+00 -1.04e+01 -2.77e+00 -2.75e+00 -1.04e+01 -3.72e+00 -1.04e+01
   -1.04e+01 -1.04e+01 -1.04e+01]]

 [[1.44e-12 6.02e-15 1.86e-13 2.88e-12 6.85e-12 4.43e-12 7.34e-13
   8.26e-14 5.37e-12 1.78e-12]
  [3.00e+00 3.00e+00 3.00e+00 3.00e+00 3.00e+00 3.00e+00 3.00e+00
   3.00e+00 3.00e+00 3.00e+00]
  [-2.75e+00 -2.77e+00 -3.72e+00 -1.04e+01 -2.75e+00 -2.77e+00 -1.04e+01
   -1.04e+01 -2.75e+00 -1.04e+01]]

 [[7.99e-10 5.61e-10 1.35e-09 4.14e-10 8.67e-12 1.49e-10 2.76e-10
   7.02e-10 3.61e-10 2.17e-11]
  [3.00e+00 3.00e+00 3.00e+00 3.00e+00 3.00e+00 3.00e+00 3.00e+00
   3.00e+00 3.00e+00 3.00e+00]
  [-1.04e+01 -1.04e+01 -1.04e+01 -2.77e+00 -1.04e+01 -1.04e+01 -2.77e+00
   -2.75e+00 -3.72e+00 -1.04e+01]]

 [[2.04e-09 7.63e-10 1.24e-09 1.11e-11 3.74e-10 2.26e-09 1.55e-08
   3.64e-09 2.24e-09 2.95e-09]
  [3.00e+00 3.00e+00 3.00e+00 3.00e+00 3.00e+00 3.00e+00 3.00e+00
   3.00e+00 3.00e+00 3.00e+00]
  [-1.04e+01 -2.75e+00 -1.04e+01 -1.04e+01 -2.75e+00 -1.04e+01 -1.04e+01
   -2.75e+00 -1.04e+01 -3.72e+00]]

 [[8.14e-09 2.14e-09 5.49e-10 6.11e-09 9.29e-13 2.20e-10 2.62e-09
   3.32e-11 3.02e-10 1.65e-09]
  [3.00e+00 3.00e+00 3.00e+00 3.00e+00 3.00e+00 3.00e+00 3.00e+00
   3.00e+00 3.00e+00 3.00e+00]
  [-1.04e+01 -1.04e+01 -1.04e+01 -1.04e+01 -1.84e+00 -1.04e+01 -2.75e+00
   -5.09e+00 -2.75e+00 -2.77e+00]]

 [[1.15e-09 3.04e-09 1.89e-10 2.43e-08 2.31e-09 1.12e-08 4.63e-09
   3.49e-09 6.01e-09 2.12e-08]
  [3.00e+00 3.00e+00 3.00e+00 3.00e+00 3.00e+00 3.00e+00 3.00e+00
   3.00e+00 3.00e+00 3.00e+00]
  [-1.04e+01 -5.09e+00 -3.72e+00 -1.04e+01 -1.04e+01 -1.04e+01 -2.77e+00
   -1.04e+01 -1.04e+01 -2.75e+00]]

 [[3.22e-08 9.68e-10 2.29e-08 5.08e-09 1.22e-08 2.09e-08 3.16e-08
   9.15e-10 8.27e-09 6.29e-09]
  [3.00e+00 3.00e+00 3.00e+00 3.00e+00 3.00e+00 3.00e+00 3.00e+00
   3.00e+00 3.00e+00 3.00e+00]
  [-1.04e+01 -1.04e+01 -1.04e+01 -1.04e+01 -1.04e+01 -1.04e+01 -2.75e+00
   -2.75e+00 -3.72e+00 -1.04e+01]]

 [[4.36e-10 1.75e-08 7.41e-09 1.91e-08 1.48e-09 4.27e-10 6.50e-09
   8.91e-09 4.12e-09 2.58e-09]
  [3.00e+00 3.00e+00 3.00e+00 3.00e+00 3.00e+00 3.00e+00 3.00e+00
   3.00e+00 3.00e+00 3.00e+00]
  [-5.13e+00 -2.75e+00 -2.75e+00 -5.13e+00 -2.77e+00 -3.72e+00 -1.04e+01
   -2.77e+00 -2.77e+00 -1.04e+01]]

 [[1.25e-08 4.95e-09 7.93e-09 5.61e-10 1.76e-09 9.90e-08 3.57e-08
   1.29e-08 1.55e-08 5.78e-08]
  [3.00e+00 3.00e+00 3.00e+00 3.00e+00 3.00e+00 3.00e+00 3.00e+00
   3.00e+00 3.00e+00 3.00e+00]
  [-2.77e+00 -1.04e+01 -1.04e+01 -3.72e+00 -2.77e+00 -1.04e+01 -2.75e+00
   -1.04e+01 -2.75e+00 -3.72e+00]]

 [[2.23e-09 1.87e-08 5.80e-10 1.03e-07 3.94e-08 1.55e-08 2.50e-10
   9.54e-09 3.41e-08 8.01e-09]
  [3.00e+00 3.00e+00 3.00e+00 3.00e+00 3.00e+00 3.00e+00 3.00e+00
   3.00e+00 3.00e+00 3.00e+00]
  [-1.04e+01 -1.04e+01 -1.04e+01 -2.77e+00 -2.75e+00 -1.04e+01 -5.13e+00
   -1.04e+01 -3.72e+00 -1.04e+01]]

 [[3.58e-08 1.28e-08 6.80e-09 8.30e-09 5.40e-11 1.35e-08 8.02e-10
   1.69e-08 5.13e-10 1.19e-08]
  [3.00e+00 3.00e+00 3.00e+00 3.00e+00 3.00e+00 3.00e+00 3.00e+00
   3.00e+00 3.00e+00 3.00e+00]
  [-1.04e+01 -1.04e+01 -1.04e+01 -1.04e+01 -2.77e+00 -3.72e+00 -1.04e+01
   -1.04e+01 -5.09e+00 -2.77e+00]]

 [[3.27e-08 6.19e-08 1.32e-08 1.28e-06 9.55e-08 2.10e-08 6.56e-08
   1.24e-08 2.04e-07 2.01e-07]
  [3.00e+00 3.00e+00 3.00e+00 3.00e+00 3.00e+00 3.00e+00 3.00e+00
   3.00e+00 3.00e+00 3.00e+00]
  [-3.72e+00 -2.77e+00 -2.75e+00 -2.77e+00 -1.04e+01 -1.04e+01 -2.77e+00
   -1.04e+01 -1.04e+01 -2.77e+00]]

 [[7.46e-08 5.86e-09 3.06e-09 3.06e-07 4.07e-08 5.48e-11 2.60e-09
   3.63e-08 4.55e-09 1.22e-07]
  [3.00e+00 3.00e+00 3.00e+00 3.00e+00 3.00e+00 3.00e+00 3.00e+00
   3.00e+00 3.00e+00 3.00e+00]
  [-1.04e+01 -1.04e+01 -2.75e+00 -2.75e+00 -1.04e+01 -1.04e+01 -1.04e+01
   -3.72e+00 -1.04e+01 -1.04e+01]]

 [[9.98e-09 3.09e-07 3.38e-08 1.13e-09 5.88e-09 1.42e-07 9.91e-08
   2.30e-07 9.29e-09 8.69e-09]
  [3.00e+00 3.00e+00 3.00e+00 3.00e+00 3.00e+00 3.00e+00 3.00e+00
   3.00e+00 3.00e+00 3.00e+00]
  [-1.04e+01 -3.72e+00 -5.13e+00 -3.72e+00 -3.72e+00 -1.04e+01 -1.04e+01
   -1.04e+01 -3.72e+00 -5.13e+00]]

 [[5.70e-08 2.63e-07 6.87e-09 1.06e-06 6.68e-08 1.30e-07 5.68e-08
   1.03e-07 2.73e-07 9.30e-07]
  [3.00e+00 3.00e+00 3.00e+00 3.00e+00 3.00e+00 3.00e+00 3.00e+00
   3.00e+00 3.00e+00 3.00e+00]
  [-2.77e+00 -1.04e+01 -5.13e+00 -2.75e+00 -1.04e+01 -1.04e+01 -1.04e+01
   -1.04e+01 -3.72e+00 -2.77e+00]]

 [[1.21e-06 1.04e-07 2.79e-07 3.25e-07 4.95e-07 2.13e-08 5.88e-07
   1.77e-06 2.73e-07 4.56e-08]
  [3.00e+00 3.00e+00 3.00e+00 3.00e+00 3.00e+00 3.00e+00 3.00e+00
   3.00e+00 3.00e+00 3.00e+00]
  [-3.72e+00 -1.04e+01 -2.77e+00 -3.72e+00 -2.75e+00 -2.75e+00 -3.72e+00
   -1.04e+01 -1.04e+01 -1.04e+01]]

 [[9.19e-08 5.15e-07 5.35e-06 1.18e-07 4.20e-07 1.96e-07 3.67e-07
   4.55e-09 7.28e-07 1.94e-07]
  [3.00e+00 3.00e+00 3.00e+00 3.00e+00 3.00e+00 3.00e+00 3.00e+00
   3.00e+00 3.00e+00 3.00e+00]
  [-2.77e+00 -2.77e+00 -2.75e+00 -2.77e+00 -1.04e+01 -5.13e+00 -2.75e+00
   -2.77e+00 -1.04e+01 -3.72e+00]]

 [[1.93e-12 2.95e-12 6.43e-12 5.01e-12 3.08e-13 2.15e-13 6.87e-14
   2.44e-13 1.34e-12 5.14e-14]
  [3.00e+00 3.00e+00 3.00e+00 3.00e+00 3.00e+00 3.00e+00 3.00e+00
   3.00e+00 3.00e+00 3.00e+00]
  [-1.04e+01 -1.04e+01 -2.75e+00 -3.72e+00 -5.13e+00 -1.04e+01 -1.04e+01
   -1.04e+01 -1.04e+01 -1.84e+00]]

 [[7.92e-12 5.48e-13 7.42e-12 1.20e-11 4.97e-12 6.68e-13 6.98e-12
   5.74e-12 1.30e-11 1.69e-12]
  [3.00e+00 3.00e+00 3.00e+00 3.00e+00 3.00e+00 3.00e+00 3.00e+00
   3.00e+00 3.00e+00 3.00e+00]
  [-2.75e+00 -1.04e+01 -1.04e+01 -1.04e+01 -2.77e+00 -2.75e+00 -2.75e+00
   -5.09e+00 -1.04e+01 -1.04e+01]]

 [[7.89e-12 2.61e-13 3.61e-13 8.82e-12 1.63e-14 1.16e-14 1.05e-12
   3.07e-12 3.17e-12 7.82e-12]
  [3.00e+00 3.00e+00 3.00e+00 3.00e+00 3.00e+00 3.00e+00 3.00e+00
   3.00e+00 3.00e+00 3.00e+00]
  [-2.77e+00 -2.75e+00 -1.04e+01 -1.04e+01 -1.04e+01 -1.04e+01 -5.13e+00
   -2.75e+00 -1.04e+01 -2.75e+00]]

 [[4.83e-09 2.88e-09 3.39e-10 1.95e-09 1.35e-09 2.90e-10 5.26e-09
   2.19e-09 1.18e-09 1.14e-09]
  [3.00e+00 3.00e+00 3.00e+00 3.00e+00 3.00e+00 3.00e+00 3.00e+00
   3.00e+00 3.00e+00 3.00e+00]
  [-1.04e+01 -1.04e+01 -1.04e+01 -1.04e+01 -1.04e+01 -1.04e+01 -5.09e+00
   -1.04e+01 -1.04e+01 -1.04e+01]]

 [[2.88e-11 5.23e-09 3.30e-09 5.98e-09 1.43e-10 5.14e-09 1.42e-10
   4.56e-10 3.71e-10 1.34e-09]
  [3.00e+00 3.00e+00 3.00e+00 3.00e+00 3.00e+00 3.00e+00 3.00e+00
   3.00e+00 3.00e+00 3.00e+00]
  [-2.77e+00 -1.84e+00 -1.04e+01 -1.04e+01 -1.04e+01 -1.04e+01 -1.04e+01
   -1.04e+01 -2.77e+00 -2.77e+00]]

 [[1.14e-09 3.84e-09 9.68e-09 6.65e-12 7.27e-10 3.25e-09 1.73e-09
   2.24e-09 2.07e-11 3.47e-10]
  [3.00e+00 3.00e+00 3.00e+00 3.00e+00 3.00e+00 3.00e+00 3.00e+00
   3.00e+00 3.00e+00 3.00e+00]
  [-1.04e+01 -1.04e+01 -1.04e+01 -5.13e+00 -3.72e+00 -3.72e+00 -5.09e+00
   -1.04e+01 -1.04e+01 -1.04e+01]]

 [[3.90e-09 6.39e-09 8.55e-09 7.06e-09 2.70e-08 5.55e-09 4.43e-09
   1.36e-09 3.41e-09 3.54e-09]
  [3.00e+00 3.00e+00 3.00e+00 3.00e+00 3.00e+00 3.00e+00 3.00e+00
   3.00e+00 3.00e+00 3.00e+00]
  [-1.04e+01 -2.75e+00 -5.09e+00 -1.04e+01 -2.77e+00 -1.04e+01 -1.04e+01
   -1.04e+01 -2.77e+00 -1.04e+01]]

 [[2.80e-09 2.12e-08 9.07e-10 1.51e-08 2.24e-08 8.01e-09 4.37e-09
   4.54e-09 1.08e-09 6.44e-09]
  [3.00e+00 3.00e+00 3.00e+00 3.00e+00 3.00e+00 3.00e+00 3.00e+00
   3.00e+00 3.00e+00 3.00e+00]
  [-1.04e+01 -1.04e+01 -1.04e+01 -1.04e+01 -1.04e+01 -2.77e+00 -5.13e+00
   -1.04e+01 -1.04e+01 -1.04e+01]]

 [[1.34e-09 9.18e-11 5.93e-09 4.90e-10 2.99e-09 6.45e-09 8.52e-10
   2.16e-07 1.22e-08 5.03e-08]
  [3.00e+00 3.00e+00 3.00e+00 3.00e+00 3.00e+00 3.00e+00 3.00e+00
   3.00e+00 3.00e+00 3.00e+00]
  [-2.77e+00 -1.04e+01 -1.04e+01 -1.04e+01 -1.04e+01 -5.13e+00 -1.04e+01
   -1.04e+01 -1.04e+01 -1.04e+01]]

 [[7.78e-09 5.47e-08 3.92e-09 2.55e-09 1.72e-08 8.34e-10 6.00e-09
   5.01e-08 4.66e-13 4.50e-08]
  [3.00e+00 3.00e+00 3.00e+00 3.00e+00 3.00e+00 3.00e+00 3.00e+00
   3.00e+00 3.00e+00 3.00e+00]
  [-1.04e+01 -1.04e+01 -5.13e+00 -1.04e+01 -1.04e+01 -1.04e+01 -3.72e+00
   -1.04e+01 -3.72e+00 -5.13e+00]]

 [[1.96e-07 4.17e-08 1.40e-08 3.01e-08 1.29e-08 1.58e-08 4.03e-08
   1.34e-07 6.05e-08 2.43e-09]
  [3.00e+00 3.00e+00 3.00e+00 3.00e+00 3.00e+00 3.00e+00 3.00e+00
   3.00e+00 3.00e+00 3.00e+00]
  [-5.13e+00 -1.04e+01 -1.04e+01 -1.04e+01 -2.75e+00 -1.04e+01 -1.04e+01
   -1.84e+00 -3.72e+00 -3.72e+00]]

 [[1.20e-08 1.71e-08 3.28e-08 5.52e-10 1.02e-08 4.78e-09 1.96e-08
   2.13e-08 6.12e-09 9.37e-09]
  [3.00e+00 3.00e+00 3.00e+00 3.00e+00 3.00e+00 3.00e+00 3.00e+00
   3.00e+00 3.00e+00 3.00e+00]
  [-5.13e+00 -2.77e+00 -1.04e+01 -1.04e+01 -2.75e+00 -5.09e+00 -1.04e+01
   -1.04e+01 -1.04e+01 -2.77e+00]]

 [[4.78e-08 2.75e-08 5.38e-08 3.77e-09 7.13e-09 3.32e-08 6.89e-08
   1.21e-07 1.07e-09 4.51e-08]
  [3.00e+00 3.00e+00 3.00e+00 3.00e+00 3.00e+00 3.00e+00 3.00e+00
   3.00e+00 3.00e+00 3.00e+00]
  [-1.04e+01 -1.04e+01 -1.04e+01 -2.75e+00 -3.72e+00 -1.04e+01 -2.75e+00
   -1.04e+01 -2.77e+00 -1.04e+01]]

 [[1.44e-08 1.20e-07 1.29e-06 1.08e-06 1.74e-08 7.59e-08 7.95e-09
   4.27e-08 2.95e-07 1.41e-07]
  [3.00e+00 3.00e+00 3.00e+00 3.00e+00 3.00e+00 3.00e+00 3.00e+00
   3.00e+00 3.00e+00 3.00e+00]
  [-5.13e+00 -1.04e+01 -1.04e+01 -1.04e+01 -1.04e+01 -1.04e+01 -1.04e+01
   -1.04e+01 -2.75e+00 -1.04e+01]]

 [[1.98e-07 6.12e-08 2.64e-07 3.30e-08 1.19e-08 7.88e-09 9.57e-08
   4.80e-08 4.74e-09 1.83e-08]
  [3.00e+00 3.00e+00 3.00e+00 3.00e+00 3.00e+00 3.00e+00 3.00e+00
   3.00e+00 3.00e+00 3.00e+00]
  [-1.04e+01 -5.13e+00 -5.09e+00 -3.72e+00 -1.04e+01 -1.04e+01 -1.04e+01
   -2.77e+00 -1.04e+01 -3.72e+00]]

 [[2.48e-07 5.97e-06 5.64e-07 4.27e-10 4.04e-07 2.95e-06 3.71e-07
   5.49e-07 1.17e-07 1.05e-06]
  [3.00e+00 3.00e+00 3.00e+00 3.00e+00 3.00e+00 3.00e+00 3.00e+00
   3.00e+00 3.00e+00 3.00e+00]
  [-1.04e+01 -1.04e+01 -3.72e+00 -1.04e+01 -5.13e+00 -1.04e+01 -1.04e+01
   -2.75e+00 -1.04e+01 -2.77e+00]]

 [[1.76e-06 4.48e-07 8.82e-07 6.97e-07 4.50e-06 3.80e-07 3.81e-07
   3.01e-06 2.79e-08 7.33e-08]
  [3.00e+00 3.00e+00 3.00e+00 3.00e+00 3.00e+00 3.00e+00 3.00e+00
   3.00e+00 3.00e+00 3.00e+00]
  [-1.04e+01 -1.04e+01 -2.75e+00 -1.04e+01 -1.04e+01 -2.77e+00 -1.04e+01
   -1.04e+01 -2.75e+00 -3.72e+00]]

 [[2.86e-07 2.93e-06 2.73e-08 1.90e-06 1.45e-06 6.85e-07 1.75e-07
   3.95e-08 1.22e-08 5.55e-06]
  [3.00e+00 3.00e+00 3.00e+00 3.00e+00 3.00e+00 3.00e+00 3.00e+00
   3.00e+00 3.00e+00 3.00e+00]
  [-2.77e+00 -1.04e+01 -2.77e+00 -1.84e+00 -1.04e+01 -2.77e+00 -5.09e+00
   -1.04e+01 -3.72e+00 -1.04e+01]]

 [[3.16e-12 1.74e-11 4.95e-13 6.27e-13 3.58e-13 4.04e-13 7.42e-13
   6.86e-12 6.87e-12 6.68e-13]
  [3.00e+00 3.00e+00 3.00e+00 3.00e+00 3.00e+00 3.00e+00 3.00e+00
   3.00e+00 3.00e+00 3.00e+00]
  [-1.04e+01 -2.75e+00 -1.04e+01 -1.04e+01 -2.75e+00 -1.04e+01 -2.75e+00
   -5.13e+00 -5.13e+00 -3.72e+00]]

 [[8.64e-14 1.60e-13 1.54e-12 9.78e-13 6.86e-13 5.16e-13 2.49e-13
   7.04e-14 4.49e-13 5.17e-14]
  [3.00e+00 3.00e+00 3.00e+00 3.00e+00 3.00e+00 3.00e+00 3.00e+00
   3.00e+00 3.00e+00 3.00e+00]
  [-1.84e+00 -1.04e+01 -1.04e+01 -1.04e+01 -1.04e+01 -1.04e+01 -1.04e+01
   -2.75e+00 -1.04e+01 -3.72e+00]]

 [[1.03e-12 2.47e-12 7.37e-12 2.04e-13 1.81e-12 1.69e-12 2.11e-12
   1.23e-11 1.97e-13 9.27e-12]
  [3.00e+00 3.00e+00 3.00e+00 3.00e+00 3.00e+00 3.00e+00 3.00e+00
   3.00e+00 3.00e+00 3.00e+00]
  [-1.04e+01 -2.77e+00 -2.75e+00 -5.09e+00 -1.04e+01 -2.77e+00 -2.77e+00
   -2.75e+00 -5.09e+00 -2.77e+00]]

 [[3.75e-10 4.15e-09 1.95e-09 4.29e-10 7.11e-11 1.72e-11 1.25e-08
   2.00e-08 7.42e-10 2.79e-10]
  [3.00e+00 3.00e+00 3.00e+00 3.00e+00 3.00e+00 3.00e+00 3.00e+00
   3.00e+00 3.00e+00 3.00e+00]
  [-1.04e+01 -1.04e+01 -2.75e+00 -1.04e+01 -2.75e+00 -1.04e+01 -1.04e+01
   -1.04e+01 -2.75e+00 -1.04e+01]]

 [[5.75e-10 1.03e-09 7.02e-10 9.34e-09 1.20e-08 1.69e-09 1.07e-09
   2.75e-11 7.87e-11 2.84e-10]
  [3.00e+00 3.00e+00 3.00e+00 3.00e+00 3.00e+00 3.00e+00 3.00e+00
   3.00e+00 3.00e+00 3.00e+00]
  [-2.77e+00 -2.77e+00 -5.09e+00 -1.04e+01 -1.04e+01 -1.04e+01 -1.04e+01
   -1.04e+01 -2.77e+00 -1.04e+01]]

 [[1.10e-08 3.95e-09 2.23e-09 2.87e-09 2.41e-11 3.03e-10 2.97e-11
   3.96e-09 1.16e-10 1.13e-09]
  [3.00e+00 3.00e+00 3.00e+00 3.00e+00 3.00e+00 3.00e+00 3.00e+00
   3.00e+00 3.00e+00 3.00e+00]
  [-2.75e+00 -2.77e+00 -1.04e+01 -1.04e+01 -2.75e+00 -1.04e+01 -5.09e+00
   -3.72e+00 -1.04e+01 -2.77e+00]]

 [[1.19e-08 1.40e-08 2.67e-08 7.88e-09 4.55e-09 4.01e-09 7.26e-09
   1.57e-08 7.27e-10 1.30e-08]
  [3.00e+00 3.00e+00 3.00e+00 3.00e+00 3.00e+00 3.00e+00 3.00e+00
   3.00e+00 3.00e+00 3.00e+00]
  [-1.04e+01 -1.04e+01 -1.04e+01 -1.04e+01 -1.04e+01 -1.04e+01 -5.13e+00
   -1.04e+01 -1.04e+01 -1.04e+01]]

 [[7.72e-10 1.40e-08 3.65e-09 2.58e-09 4.97e-09 8.47e-10 6.47e-09
   1.22e-08 6.27e-10 1.03e-09]
  [3.00e+00 3.00e+00 3.00e+00 3.00e+00 3.00e+00 3.00e+00 3.00e+00
   3.00e+00 3.00e+00 3.00e+00]
  [-1.04e+01 -1.04e+01 -2.77e+00 -2.77e+00 -1.04e+01 -1.04e+01 -5.09e+00
   -3.72e+00 -1.04e+01 -1.04e+01]]

 [[1.79e-08 1.13e-08 8.09e-09 2.20e-09 6.50e-09 1.49e-08 6.98e-08
   3.58e-09 1.20e-08 3.83e-09]
  [3.00e+00 3.00e+00 3.00e+00 3.00e+00 3.00e+00 3.00e+00 3.00e+00
   3.00e+00 3.00e+00 3.00e+00]
  [-1.04e+01 -1.04e+01 -1.04e+01 -1.04e+01 -1.04e+01 -1.04e+01 -1.04e+01
   -1.04e+01 -1.04e+01 -5.09e+00]]

 [[1.05e-08 5.37e-09 9.07e-09 8.79e-08 9.30e-10 2.40e-09 4.96e-09
   2.04e-09 9.35e-09 5.29e-09]
  [3.00e+00 3.00e+00 3.00e+00 3.00e+00 3.00e+00 3.00e+00 3.00e+00
   3.00e+00 3.00e+00 3.00e+00]
  [-1.04e+01 -1.04e+01 -1.04e+01 -5.13e+00 -1.04e+01 -3.72e+00 -1.04e+01
   -1.04e+01 -1.04e+01 -1.04e+01]]

 [[6.88e-09 5.26e-10 4.98e-10 1.60e-08 1.69e-08 6.30e-09 1.27e-08
   1.73e-08 3.02e-08 2.01e-08]
  [3.00e+00 3.00e+00 3.00e+00 3.00e+00 3.00e+00 3.00e+00 3.00e+00
   3.00e+00 3.00e+00 3.00e+00]
  [-1.04e+01 -1.04e+01 -1.04e+01 -1.04e+01 -1.04e+01 -1.04e+01 -1.04e+01
   -5.13e+00 -1.04e+01 -1.04e+01]]

 [[1.91e-08 3.33e-08 3.41e-10 3.13e-09 4.07e-09 4.02e-08 1.31e-09
   7.95e-08 3.40e-09 9.78e-08]
  [3.00e+00 3.00e+00 3.00e+00 3.00e+00 3.00e+00 3.00e+00 3.00e+00
   3.00e+00 3.00e+00 3.00e+00]
  [-1.04e+01 -1.04e+01 -2.75e+00 -1.04e+01 -1.04e+01 -1.04e+01 -3.72e+00
   -3.72e+00 -1.04e+01 -1.04e+01]]

 [[2.88e-07 5.88e-09 9.50e-08 3.22e-08 4.48e-08 1.86e-08 4.61e-09
   2.48e-08 8.13e-08 6.22e-08]
  [3.00e+00 3.00e+00 3.00e+00 3.00e+00 3.00e+00 3.00e+00 3.00e+00
   3.00e+00 3.00e+00 3.00e+00]
  [-1.04e+01 -1.04e+01 -1.04e+01 -3.72e+00 -1.04e+01 -1.04e+01 -1.04e+01
   -1.04e+01 -3.72e+00 -3.72e+00]]

 [[2.08e-07 8.31e-08 1.04e-08 8.95e-08 1.98e-07 3.34e-09 3.34e-08
   5.38e-09 1.30e-07 8.93e-08]
  [3.00e+00 3.00e+00 3.00e+00 3.00e+00 3.00e+00 3.00e+00 3.00e+00
   3.00e+00 3.00e+00 3.00e+00]
  [-2.75e+00 -1.04e+01 -1.04e+01 -1.04e+01 -3.72e+00 -3.72e+00 -1.04e+01
   -3.72e+00 -1.04e+01 -5.13e+00]]

 [[1.26e-08 1.65e-07 2.53e-08 1.14e-07 2.94e-09 2.86e-07 2.38e-08
   1.54e-07 2.87e-09 2.16e-08]
  [3.00e+00 3.00e+00 3.00e+00 3.00e+00 3.00e+00 3.00e+00 3.00e+00
   3.00e+00 3.00e+00 3.00e+00]
  [-2.75e+00 -1.04e+01 -3.72e+00 -2.75e+00 -1.04e+01 -1.04e+01 -3.72e+00
   -3.72e+00 -5.09e+00 -5.09e+00]]

 [[1.20e-07 3.77e-07 1.25e-07 8.78e-07 3.98e-09 2.71e-08 1.94e-07
   2.12e-08 6.45e-08 2.35e-07]
  [3.00e+00 3.00e+00 3.00e+00 3.00e+00 3.00e+00 3.00e+00 3.00e+00
   3.00e+00 3.00e+00 3.00e+00]
  [-3.72e+00 -2.75e+00 -5.13e+00 -1.04e+01 -2.75e+00 -5.13e+00 -1.04e+01
   -1.04e+01 -1.04e+01 -1.04e+01]]

 [[3.40e-07 1.52e-07 3.54e-08 1.54e-10 3.23e-07 1.04e-07 6.35e-07
   2.98e-07 1.58e-06 1.35e-07]
  [3.00e+00 3.00e+00 3.00e+00 3.00e+00 3.00e+00 3.00e+00 3.00e+00
   3.00e+00 3.00e+00 3.00e+00]
  [-2.75e+00 -2.75e+00 -3.72e+00 -3.72e+00 -1.04e+01 -1.04e+01 -3.72e+00
   -2.75e+00 -1.04e+01 -2.77e+00]]

 [[1.26e-07 8.19e-08 1.04e-07 1.27e-06 9.32e-07 3.05e-08 2.20e-06
   7.76e-09 1.01e-07 4.94e-07]
  [3.00e+00 3.00e+00 3.00e+00 3.00e+00 3.00e+00 3.00e+00 3.00e+00
   3.00e+00 3.00e+00 3.00e+00]
  [-2.77e+00 -3.72e+00 -2.77e+00 -1.04e+01 -1.04e+01 -2.75e+00 -1.04e+01
   -2.75e+00 -5.09e+00 -2.77e+00]]

 [[3.66e-13 2.23e-13 7.82e-13 1.65e-12 8.38e-12 2.10e-12 5.60e-13
   3.89e-12 1.14e-12 1.84e-12]
  [3.00e+00 3.00e+00 3.00e+00 3.00e+00 3.00e+00 3.00e+00 3.00e+00
   3.00e+00 3.00e+00 3.00e+00]
  [-1.04e+01 -2.77e+00 -2.77e+00 -1.04e+01 -1.04e+01 -2.75e+00 -1.04e+01
   -1.04e+01 -1.04e+01 -1.04e+01]]

 [[1.07e-11 3.25e-12 2.64e-12 5.13e-12 8.41e-14 1.16e-11 2.06e-13
   3.42e-13 2.61e-13 9.05e-13]
  [3.00e+00 3.00e+00 3.00e+00 3.00e+00 3.00e+00 3.00e+00 3.00e+00
   3.00e+00 3.00e+00 3.00e+00]
  [-1.04e+01 -2.77e+00 -5.09e+00 -1.04e+01 -1.04e+01 -2.77e+00 -3.72e+00
   -5.13e+00 -1.04e+01 -1.04e+01]]

 [[1.61e-11 2.26e-13 9.08e-14 7.41e-14 4.91e-13 1.94e-12 2.59e-12
   1.14e-11 4.41e-12 8.22e-13]
  [3.00e+00 3.00e+00 3.00e+00 3.00e+00 3.00e+00 3.00e+00 3.00e+00
   3.00e+00 3.00e+00 3.00e+00]
  [-2.77e+00 -2.77e+00 -2.75e+00 -1.04e+01 -1.04e+01 -3.72e+00 -5.13e+00
   -1.04e+01 -2.75e+00 -2.75e+00]]

 [[3.17e-09 4.56e-10 9.36e-10 1.70e-10 8.14e-10 1.68e-09 5.67e-10
   4.48e-09 3.38e-10 8.89e-11]
  [3.00e+00 3.00e+00 3.00e+00 3.00e+00 3.00e+00 3.00e+00 3.00e+00
   3.00e+00 3.00e+00 3.00e+00]
  [-1.04e+01 -3.72e+00 -3.72e+00 -2.75e+00 -2.75e+00 -2.77e+00 -2.77e+00
   -1.04e+01 -1.04e+01 -1.04e+01]]

 [[2.00e-09 1.59e-10 8.56e-10 1.07e-10 2.75e-09 1.70e-09 3.03e-09
   1.08e-09 2.98e-09 4.62e-10]
  [3.00e+00 3.00e+00 3.00e+00 3.00e+00 3.00e+00 3.00e+00 3.00e+00
   3.00e+00 3.00e+00 3.00e+00]
  [-2.77e+00 -1.04e+01 -1.04e+01 -3.72e+00 -1.04e+01 -2.75e+00 -1.04e+01
   -2.75e+00 -1.04e+01 -1.04e+01]]

 [[4.78e-10 8.56e-12 2.52e-09 3.23e-09 5.98e-10 3.00e-10 1.89e-09
   2.79e-09 9.24e-10 1.14e-09]
  [3.00e+00 3.00e+00 3.00e+00 3.00e+00 3.00e+00 3.00e+00 3.00e+00
   3.00e+00 3.00e+00 3.00e+00]
  [-3.72e+00 -2.75e+00 -1.04e+01 -1.04e+01 -1.04e+01 -3.72e+00 -3.72e+00
   -5.09e+00 -1.04e+01 -1.04e+01]]

 [[9.36e-10 3.10e-09 1.65e-08 7.81e-11 3.05e-09 2.53e-09 6.56e-09
   8.12e-11 6.61e-09 5.64e-09]
  [3.00e+00 3.00e+00 3.00e+00 3.00e+00 3.00e+00 3.00e+00 3.00e+00
   3.00e+00 3.00e+00 3.00e+00]
  [-1.04e+01 -1.04e+01 -1.04e+01 -1.04e+01 -1.04e+01 -1.04e+01 -1.04e+01
   -1.04e+01 -1.04e+01 -1.04e+01]]

 [[1.17e-09 8.71e-10 5.41e-10 1.62e-08 2.44e-09 5.94e-09 1.32e-09
   4.45e-09 4.65e-09 5.64e-09]
  [3.00e+00 3.00e+00 3.00e+00 3.00e+00 3.00e+00 3.00e+00 3.00e+00
   3.00e+00 3.00e+00 3.00e+00]
  [-2.75e+00 -1.04e+01 -5.13e+00 -1.04e+01 -1.04e+01 -1.04e+01 -1.04e+01
   -1.04e+01 -1.04e+01 -1.04e+01]]

 [[8.38e-09 1.18e-09 7.62e-09 4.43e-09 4.26e-09 2.94e-09 4.70e-09
   9.02e-10 3.31e-08 1.04e-08]
  [3.00e+00 3.00e+00 3.00e+00 3.00e+00 3.00e+00 3.00e+00 3.00e+00
   3.00e+00 3.00e+00 3.00e+00]
  [-3.72e+00 -5.09e+00 -2.75e+00 -1.04e+01 -5.09e+00 -1.04e+01 -1.04e+01
   -1.04e+01 -5.13e+00 -2.75e+00]]

 [[5.87e-09 8.65e-09 5.26e-10 1.46e-08 5.21e-09 6.05e-09 1.41e-08
   1.29e-08 1.27e-08 1.94e-08]
  [3.00e+00 3.00e+00 3.00e+00 3.00e+00 3.00e+00 3.00e+00 3.00e+00
   3.00e+00 3.00e+00 3.00e+00]
  [-1.04e+01 -2.77e+00 -1.04e+01 -1.04e+01 -1.04e+01 -1.04e+01 -5.13e+00
   -1.04e+01 -1.04e+01 -1.04e+01]]

 [[6.01e-09 2.09e-08 6.67e-09 1.19e-08 2.05e-08 5.62e-09 1.08e-07
   5.10e-09 3.98e-08 1.88e-08]
  [3.00e+00 3.00e+00 3.00e+00 3.00e+00 3.00e+00 3.00e+00 3.00e+00
   3.00e+00 3.00e+00 3.00e+00]
  [-1.04e+01 -1.04e+01 -1.04e+01 -1.04e+01 -1.04e+01 -3.72e+00 -5.13e+00
   -1.04e+01 -1.04e+01 -1.04e+01]]

 [[5.37e-08 4.27e-09 7.75e-08 9.40e-09 1.40e-09 7.06e-10 3.76e-08
   1.01e-08 2.44e-08 1.84e-08]
  [3.00e+00 3.00e+00 3.00e+00 3.00e+00 3.00e+00 3.00e+00 3.00e+00
   3.00e+00 3.00e+00 3.00e+00]
  [-1.04e+01 -2.77e+00 -1.04e+01 -5.09e+00 -1.04e+01 -5.09e+00 -3.72e+00
   -5.09e+00 -3.72e+00 -1.04e+01]]

 [[2.11e-07 1.62e-06 2.84e-08 2.20e-07 2.04e-08 3.14e-08 7.86e-08
   4.39e-08 5.46e-07 1.66e-07]
  [3.00e+00 3.00e+00 3.00e+00 3.00e+00 3.00e+00 3.00e+00 3.00e+00
   3.00e+00 3.00e+00 3.00e+00]
  [-1.04e+01 -1.04e+01 -3.72e+00 -1.04e+01 -1.04e+01 -5.09e+00 -3.72e+00
   -1.04e+01 -3.72e+00 -1.04e+01]]

 [[6.28e-08 4.15e-08 9.21e-09 2.68e-09 1.01e-08 4.12e-08 2.83e-08
   2.83e-08 1.86e-08 9.06e-08]
  [3.00e+00 3.00e+00 3.00e+00 3.00e+00 3.00e+00 3.00e+00 3.00e+00
   3.00e+00 3.00e+00 3.00e+00]
  [-3.72e+00 -2.75e+00 -3.72e+00 -3.72e+00 -1.04e+01 -3.72e+00 -3.72e+00
   -3.72e+00 -1.04e+01 -1.04e+01]]

 [[5.79e-08 1.49e-07 1.47e-07 9.61e-10 1.80e-09 2.02e-07 1.64e-08
   2.47e-07 1.15e-07 7.35e-08]
  [3.00e+00 3.00e+00 3.00e+00 3.00e+00 3.00e+00 3.00e+00 3.00e+00
   3.00e+00 3.00e+00 3.00e+00]
  [-1.04e+01 -1.04e+01 -5.13e+00 -2.75e+00 -5.09e+00 -3.72e+00 -1.04e+01
   -1.04e+01 -2.77e+00 -1.04e+01]]

 [[6.79e-08 5.80e-07 1.82e-09 5.42e-07 5.41e-07 6.43e-07 1.83e-06
   3.51e-08 3.73e-08 6.61e-07]
  [3.00e+00 3.00e+00 3.00e+00 3.00e+00 3.00e+00 3.00e+00 3.00e+00
   3.00e+00 3.00e+00 3.00e+00]
  [-1.04e+01 -1.04e+01 -1.04e+01 -1.04e+01 -1.04e+01 -2.77e+00 -1.04e+01
   -1.04e+01 -2.77e+00 -2.77e+00]]

 [[3.09e-07 1.36e-07 3.13e-07 1.61e-06 6.55e-07 1.55e-09 1.50e-06
   1.27e-06 1.42e-06 1.25e-07]
  [3.00e+00 3.00e+00 3.00e+00 3.00e+00 3.00e+00 3.00e+00 3.00e+00
   3.00e+00 3.00e+00 3.00e+00]
  [-1.04e+01 -1.04e+01 -1.04e+01 -1.04e+01 -1.04e+01 -2.77e+00 -2.75e+00
   -1.04e+01 -1.04e+01 -1.04e+01]]

 [[6.25e-07 8.67e-08 6.22e-08 5.92e-07 7.87e-08 4.54e-09 1.04e-06
   3.74e-07 2.17e-07 8.23e-11]
  [3.00e+00 3.00e+00 3.00e+00 3.00e+00 3.00e+00 3.00e+00 3.00e+00
   3.00e+00 3.00e+00 3.00e+00]
  [-2.75e+00 -2.75e+00 -5.09e+00 -1.04e+01 -5.09e+00 -2.75e+00 -2.75e+00
   -1.04e+01 -3.72e+00 -2.77e+00]]

 [[5.58e-14 2.70e-11 9.98e-12 3.51e-12 2.09e-11 5.86e-12 6.96e-12
   4.59e-12 1.81e-11 2.92e-12]
  [3.00e+00 3.00e+00 3.00e+00 3.00e+00 3.00e+00 3.00e+00 3.00e+00
   3.00e+00 3.00e+00 3.00e+00]
  [-1.04e+01 -1.04e+01 -1.04e+01 -1.04e+01 -2.75e+00 -1.04e+01 -2.77e+00
   -2.75e+00 -5.09e+00 -2.75e+00]]

 [[5.91e-12 5.49e-12 1.88e-13 7.47e-12 4.68e-12 9.27e-12 8.71e-12
   2.25e-12 1.54e-12 8.68e-12]
  [3.00e+00 3.00e+00 3.00e+00 3.00e+00 3.00e+00 3.00e+00 3.00e+00
   3.00e+00 3.00e+00 3.00e+00]
  [-1.04e+01 -3.72e+00 -1.04e+01 -1.04e+01 -1.04e+01 -1.04e+01 -1.04e+01
   -2.75e+00 -2.75e+00 -1.04e+01]]

 [[1.09e-11 9.67e-12 1.12e-12 1.02e-13 1.63e-11 8.41e-12 2.41e-13
   3.04e-12 6.71e-15 1.23e-11]
  [3.00e+00 3.00e+00 3.00e+00 3.00e+00 3.00e+00 3.00e+00 3.00e+00
   3.00e+00 3.00e+00 3.00e+00]
  [-3.72e+00 -1.04e+01 -1.04e+01 -1.04e+01 -2.75e+00 -1.04e+01 -5.09e+00
   -3.72e+00 -1.04e+01 -1.04e+01]]

 [[6.79e-09 1.25e-09 1.90e-10 1.36e-10 2.90e-09 6.82e-10 2.29e-08
   1.37e-09 8.68e-11 5.69e-09]
  [3.00e+00 3.00e+00 3.00e+00 3.00e+00 3.00e+00 3.00e+00 3.00e+00
   3.00e+00 3.00e+00 3.00e+00]
  [-1.04e+01 -2.77e+00 -2.77e+00 -1.04e+01 -1.04e+01 -1.04e+01 -1.04e+01
   -2.75e+00 -1.04e+01 -1.04e+01]]

 [[3.26e-09 9.50e-10 1.05e-09 1.80e-10 5.74e-11 3.19e-10 2.92e-09
   8.46e-10 4.64e-13 1.50e-09]
  [3.00e+00 3.00e+00 3.00e+00 3.00e+00 3.00e+00 3.00e+00 3.00e+00
   3.00e+00 3.00e+00 3.00e+00]
  [-1.04e+01 -1.04e+01 -1.04e+01 -1.04e+01 -1.04e+01 -1.04e+01 -2.75e+00
   -5.13e+00 -2.75e+00 -1.04e+01]]

 [[2.00e-10 1.44e-09 3.82e-09 3.64e-09 2.33e-10 2.81e-09 8.16e-10
   2.19e-09 2.42e-12 1.10e-09]
  [3.00e+00 3.00e+00 3.00e+00 3.00e+00 3.00e+00 3.00e+00 3.00e+00
   3.00e+00 3.00e+00 3.00e+00]
  [-1.04e+01 -1.04e+01 -2.75e+00 -2.75e+00 -2.75e+00 -3.72e+00 -5.13e+00
   -2.77e+00 -1.04e+01 -1.04e+01]]

 [[9.02e-12 1.19e-08 4.27e-09 1.14e-08 7.44e-08 1.02e-08 4.28e-09
   6.21e-09 1.10e-08 1.27e-08]
  [3.00e+00 3.00e+00 3.00e+00 3.00e+00 3.00e+00 3.00e+00 3.00e+00
   3.00e+00 3.00e+00 3.00e+00]
  [-1.04e+01 -1.04e+01 -1.04e+01 -1.04e+01 -1.04e+01 -1.04e+01 -1.04e+01
   -1.04e+01 -1.04e+01 -1.04e+01]]

 [[1.61e-08 6.44e-09 3.67e-09 4.90e-08 1.11e-08 2.10e-08 5.76e-08
   1.63e-09 1.44e-10 2.14e-08]
  [3.00e+00 3.00e+00 3.00e+00 3.00e+00 3.00e+00 3.00e+00 3.00e+00
   3.00e+00 3.00e+00 3.00e+00]
  [-1.04e+01 -1.04e+01 -1.04e+01 -1.04e+01 -1.04e+01 -1.04e+01 -1.04e+01
   -1.04e+01 -1.04e+01 -1.04e+01]]

 [[7.87e-09 1.90e-08 1.42e-07 3.66e-10 1.81e-08 1.59e-08 5.32e-09
   2.37e-08 5.80e-09 1.47e-08]
  [3.00e+00 3.00e+00 3.00e+00 3.00e+00 3.00e+00 3.00e+00 3.00e+00
   3.00e+00 3.00e+00 3.00e+00]
  [-1.04e+01 -1.04e+01 -1.04e+01 -1.04e+01 -1.04e+01 -1.04e+01 -1.04e+01
   -1.04e+01 -1.04e+01 -1.04e+01]]

 [[1.10e-07 1.12e-07 7.07e-08 1.33e-08 1.67e-08 6.43e-08 4.05e-08
   3.17e-08 3.27e-07 2.83e-08]
  [3.01e+00 3.00e+00 3.00e+00 3.00e+00 3.00e+00 3.00e+00 3.01e+00
   3.00e+00 3.01e+00 3.00e+00]
  [-1.04e+01 -1.04e+01 -1.04e+01 -1.04e+01 -5.09e+00 -1.04e+01 -1.04e+01
   -1.04e+01 -1.04e+01 -1.04e+01]]

 [[9.20e-08 5.14e-09 1.67e-08 9.26e-09 2.54e-08 1.07e-08 1.39e-08
   1.42e-08 1.58e-08 9.18e-08]
  [3.00e+00 3.00e+00 3.00e+00 3.00e+00 3.00e+00 3.01e+00 3.00e+00
   3.00e+00 3.00e+00 3.00e+00]
  [-1.04e+01 -1.04e+01 -1.04e+01 -5.09e+00 -1.04e+01 -1.04e+01 -1.04e+01
   -1.04e+01 -1.04e+01 -1.04e+01]]

 [[1.39e-08 1.38e-07 1.38e-08 1.13e-08 4.43e-09 1.43e-08 1.02e-08
   7.67e-08 2.94e-08 1.77e-09]
  [3.01e+00 3.00e+00 3.00e+00 3.00e+00 3.00e+00 3.00e+00 3.00e+00
   3.00e+00 3.00e+00 3.01e+00]
  [-1.04e+01 -1.04e+01 -1.04e+01 -1.04e+01 -1.04e+01 -1.04e+01 -1.04e+01
   -1.04e+01 -1.04e+01 -1.04e+01]]

 [[2.30e-07 1.54e-07 1.52e-08 1.73e-07 8.68e-07 3.86e-07 1.41e-07
   8.27e-08 2.53e-09 4.95e-08]
  [3.00e+00 3.03e+00 3.02e+00 3.02e+00 3.01e+00 3.00e+00 3.02e+00
   3.02e+00 3.01e+00 3.00e+00]
  [-1.04e+01 -1.04e+01 -1.04e+01 -5.09e+00 -3.72e+00 -1.04e+01 -1.04e+01
   -1.04e+01 -1.04e+01 -1.04e+01]]

 [[4.52e-08 3.52e-08 2.86e-08 1.37e-07 9.92e-08 5.87e-07 7.05e-08
   2.54e-07 3.11e-07 3.76e-08]
  [3.01e+00 3.01e+00 3.01e+00 3.03e+00 3.06e+00 3.01e+00 3.01e+00
   3.00e+00 3.02e+00 3.00e+00]
  [-1.04e+01 -1.04e+01 -1.04e+01 -1.04e+01 -5.09e+00 -1.04e+01 -1.04e+01
   -5.13e+00 -5.13e+00 -5.09e+00]]

 [[1.36e-07 9.20e-08 1.95e-07 5.24e-07 8.23e-07 1.47e-08 2.76e-07
   6.98e-08 3.17e-08 3.23e-08]
  [3.01e+00 3.02e+00 3.01e+00 3.00e+00 3.01e+00 3.01e+00 3.02e+00
   3.02e+00 3.02e+00 3.01e+00]
  [-1.04e+01 -1.04e+01 -5.13e+00 -5.09e+00 -1.04e+01 -3.72e+00 -5.09e+00
   -5.09e+00 -1.04e+01 -3.72e+00]]

 [[6.05e-07 1.29e-07 7.79e-06 5.58e-07 1.11e-07 5.89e-07 3.87e-07
   8.99e-09 1.04e-07 6.11e-07]
  [3.00e+00 3.18e+00 3.03e+00 3.14e+00 3.07e+00 3.03e+00 3.07e+00
   3.02e+00 3.02e+00 3.23e+00]
  [-1.04e+01 -1.04e+01 -5.09e+00 -5.09e+00 -1.04e+01 -1.04e+01 -3.72e+00
   -2.77e+00 -1.04e+01 -1.04e+01]]

 [[9.11e-08 2.97e-06 1.82e-06 1.70e-08 1.81e-06 6.18e-07 7.51e-07
   3.83e-07 8.37e-09 9.66e-07]
  [3.01e+00 3.03e+00 3.02e+00 3.06e+00 3.06e+00 3.01e+00 3.06e+00
   3.01e+00 3.04e+00 3.06e+00]
  [-1.04e+01 -3.72e+00 -3.72e+00 -1.04e+01 -5.13e+00 -3.72e+00 -1.04e+01
   -2.75e+00 -1.04e+01 -1.04e+01]]

 [[4.95e-06 2.97e-07 3.57e-06 4.87e-06 4.08e-07 1.18e-06 1.70e-06
   5.65e-07 1.45e-06 8.64e-06]
  [3.04e+00 3.32e+00 3.04e+00 3.27e+00 3.03e+00 3.01e+00 3.07e+00
   3.03e+00 3.35e+00 3.06e+00]
  [-3.72e+00 -1.04e+01 -3.72e+00 -2.75e+00 -2.75e+00 -1.04e+01 -3.72e+00
   -2.77e+00 -3.72e+00 -5.09e+00]]

 [[8.48e-12 1.59e-11 2.77e-12 2.76e-12 5.71e-12 3.45e-12 7.97e-12
   1.68e-12 4.37e-12 4.00e-13]
  [3.00e+00 3.00e+00 3.00e+00 3.00e+00 3.00e+00 3.00e+00 3.00e+00
   3.00e+00 3.00e+00 3.00e+00]
  [-1.04e+01 -1.04e+01 -3.72e+00 -1.04e+01 -1.04e+01 -1.04e+01 -1.04e+01
   -2.77e+00 -1.04e+01 -5.13e+00]]

 [[7.66e-13 2.33e-12 7.52e-12 2.66e-12 1.99e-11 3.27e-12 2.42e-12
   2.25e-13 1.10e-11 3.15e-12]
  [3.00e+00 3.00e+00 3.00e+00 3.00e+00 3.00e+00 3.00e+00 3.00e+00
   3.00e+00 3.00e+00 3.00e+00]
  [-1.04e+01 -1.04e+01 -1.04e+01 -1.04e+01 -1.04e+01 -1.04e+01 -3.72e+00
   -5.13e+00 -5.13e+00 -2.75e+00]]]