[[[ 5.84811944e-12  1.60329220e-11  1.84291730e-12  1.65201612e-13
    2.38829876e-11  2.34254893e-12  4.04481192e-13  1.11214065e-11
    2.69505844e-12  4.01287279e-12]
  [ 3.00000025e+00  3.00000005e+00  3.00000013e+00  3.00000034e+00
    3.00000009e+00  3.00000019e+00  3.00000011e+00  3.00000037e+00
    3.00000109e+00  3.00000007e+00]
  [-2.76589733e+00 -2.75193356e+00 -1.04028220e+01 -1.04028028e+01
   -1.04028376e+01 -2.76589733e+00 -5.08767183e+00 -1.04028654e+01
   -1.04028576e+01 -1.04028730e+01]]

 [[ 4.69727122e-09  4.93148661e-10  3.30100945e-09  4.01997280e-09
    2.06687613e-09  2.24446329e-09  6.11739836e-10  1.10872492e-09
    2.35996409e-09  5.70360502e-11]
  [ 3.00004610e+00  3.00017191e+00  3.00008621e+00  3.00035812e+00
    3.00002335e+00  3.00004178e+00  3.00025464e+00  3.00006649e+00
    3.00004882e+00  3.00004207e+00]
  [-1.04028598e+01 -1.04028079e+01 -3.72430035e+00 -1.04028344e+01
   -1.04028045e+01 -1.04028026e+01 -1.04028028e+01 -1.04028422e+01
   -2.76589732e+00 -1.04028253e+01]]

 [[ 7.08892166e-10  1.69181392e-08  9.80470694e-09  2.36087388e-09
    7.84269329e-09  3.70711840e-09  1.39308601e-08  2.69122682e-09
    2.22608657e-08  1.02854618e-09]
  [ 3.00031950e+00  3.00005139e+00  3.00000110e+00  3.00004677e+00
    3.00005426e+00  3.00064762e+00  3.00010473e+00  3.00033940e+00
    3.00006360e+00  3.00004195e+00]
  [-1.04028188e+01 -5.12882280e+00 -1.04028572e+01 -1.04028181e+01
   -1.04028069e+01 -2.75193356e+00 -5.08767182e+00 -2.75193356e+00
   -2.76589731e+00 -5.08767183e+00]]

 [[ 7.59771290e-09  1.25313322e-08  1.52585491e-09  5.98211792e-09
    6.42106364e-09  1.63733601e-10  1.38849437e-09  4.56154520e-09
    6.63202981e-11  7.64839968e-10]
  [ 3.00026771e+00  3.00001372e+00  3.00001464e+00  3.00010482e+00
    3.00005058e+00  3.00009083e+00  3.00013831e+00  3.00034179e+00
    3.00016936e+00  3.00004762e+00]
  [-1.04028082e+01 -1.04028374e+01 -2.75193356e+00 -1.04028246e+01
   -1.04028696e+01 -1.04028163e+01 -1.04028018e+01 -2.75193356e+00
   -2.76589733e+00 -1.04028091e+01]]

 [[ 1.20689894e-08  1.66048528e-08  4.77830234e-08  5.35169149e-09
    7.75853044e-09  3.69097744e-08  2.74547480e-08  3.11157861e-09
    1.67624427e-08  2.71116429e-09]
  [ 3.00140151e+00  3.00127620e+00  3.00028226e+00  3.00163217e+00
    3.00000673e+00  3.00040248e+00  3.00043131e+00  3.00085984e+00
    3.00026719e+00  3.00034852e+00]
  [-1.04028136e+01 -1.04028360e+01 -1.04028993e+01 -2.76589733e+00
   -1.04028223e+01 -1.04028001e+01 -1.04028255e+01 -1.04028075e+01
   -1.04028153e+01 -1.04028010e+01]]

 [[ 2.16309214e-09  3.61125090e-09  9.07176356e-10  1.04632739e-08
    1.23548624e-08  5.37244403e-09  3.63539971e-09  1.00450872e-08
    1.47616051e-08  3.37303962e-09]
  [ 3.00067204e+00  3.00023201e+00  3.00134110e+00  3.00069432e+00
    3.00126755e+00  3.00150931e+00  3.00158296e+00  3.00157109e+00
    3.00094071e+00  3.00210159e+00]
  [-1.04028057e+01 -2.76589733e+00 -1.04028132e+01 -5.12882280e+00
   -1.04028095e+01 -1.04028705e+01 -1.04028056e+01 -1.04028263e+01
   -1.04028892e+01 -5.12882280e+00]]

 [[ 1.52675222e-09  9.23016094e-09  8.05197903e-09  5.13469837e-09
    3.53954937e-09  4.73805367e-08  6.94450445e-11  2.41624986e-08
    1.43828706e-08  3.56072183e-08]
  [ 3.00026333e+00  3.00033773e+00  3.00117131e+00  3.00027555e+00
    3.00010814e+00  3.00272479e+00  3.00229956e+00  3.00030329e+00
    3.00413296e+00  3.00033005e+00]
  [-5.08767182e+00 -1.04028397e+01 -1.04028225e+01 -1.04028548e+01
   -5.12882275e+00 -1.04028704e+01 -2.76589728e+00 -5.08767182e+00
   -1.04028825e+01 -1.04028133e+01]]

 [[ 4.15003547e-08  5.51858117e-09  1.69144761e-07  1.60276055e-07
    3.18239771e-08  3.09067527e-08  7.08185539e-09  1.41812989e-08
    1.28304887e-08  7.12705827e-08]
  [ 3.00393644e+00  3.00296380e+00  3.01025487e+00  3.00257328e+00
    3.00036441e+00  3.00109936e+00  3.00551841e+00  3.00020660e+00
    3.00322473e+00  3.00661652e+00]
  [-1.04028027e+01 -1.04028195e+01 -1.04028078e+01 -1.04028043e+01
   -1.04029129e+01 -1.04028613e+01 -1.04028306e+01 -1.04028149e+01
   -1.04028079e+01 -1.04028536e+01]]

 [[ 1.49874744e-08  2.85207916e-08  3.00606627e-07  2.45162148e-08
    2.64119527e-07  4.17383819e-08  5.88377688e-08  6.54403578e-09
    1.70537844e-08  2.12360053e-08]
  [ 3.00143850e+00  3.00027328e+00  3.00556172e+00  3.00160358e+00
    3.00105630e+00  3.00155629e+00  3.00088792e+00  3.00660292e+00
    3.00244660e+00  3.00283788e+00]
  [-1.04028681e+01 -1.04028291e+01 -1.04029024e+01 -1.04028386e+01
   -1.04028450e+01 -1.04028240e+01 -1.04028304e+01 -1.04028742e+01
   -1.04029097e+01 -5.12882267e+00]]

 [[ 1.09881229e-07  6.67610254e-08  3.89791076e-09  1.59487907e-08
    4.68722242e-08  5.24024254e-08  2.63292062e-09  2.10482201e-08
    4.42641392e-09  2.98004834e-08]
  [ 3.01229981e+00  3.00989478e+00  3.00474383e+00  3.00332465e+00
    3.00075154e+00  3.00474780e+00  3.00160987e+00  3.00114066e+00
    3.00006289e+00  3.00347114e+00]
  [-1.04028049e+01 -1.04028615e+01 -1.04028209e+01 -1.04028351e+01
   -1.04028094e+01 -1.04028237e+01 -1.04028530e+01 -5.08767173e+00
   -5.08767177e+00 -5.08767170e+00]]

 [[ 9.85293707e-08  8.42748951e-08  3.71823576e-07  3.64736400e-07
    1.49077631e-06  4.32924103e-08  7.03297850e-07  2.21362205e-08
    2.95410691e-07  1.34593664e-06]
  [ 3.00934628e+00  3.00066841e+00  3.01490410e+00  3.00664560e+00
    3.05301925e+00  3.00583106e+00  3.00058595e+00  3.01300944e+00
    3.01274580e+00  3.00610598e+00]
  [-1.04028471e+01 -1.04029294e+01 -1.04028239e+01 -1.04028358e+01
   -1.04029108e+01 -1.04028574e+01 -1.04028209e+01 -5.08767130e+00
   -1.04028159e+01 -1.04028013e+01]]

 [[ 1.12546554e-07  2.18336151e-07  7.33524627e-08  7.04436842e-08
    3.13351248e-07  8.32793010e-07  7.12811480e-07  8.11714960e-08
    2.75479874e-08  1.16541252e-06]
  [ 3.01598481e+00  3.05389440e+00  3.03228246e+00  3.00348955e+00
    3.00165981e+00  3.02076716e+00  3.00865733e+00  3.00134387e+00
    3.02974176e+00  3.01074749e+00]
  [-1.04028696e+01 -1.04028404e+01 -1.04028533e+01 -1.04029314e+01
   -1.04028831e+01 -1.04028886e+01 -1.04028472e+01 -1.04028631e+01
   -1.04028027e+01 -1.04028415e+01]]

 [[ 3.28238454e-08  1.32788512e-08  5.91974990e-08  1.36648368e-08
    1.61345728e-06  5.04784554e-08  2.93196413e-07  3.30278422e-07
    2.12104544e-07  6.33762926e-09]
  [ 3.00505653e+00  3.01017158e+00  3.02757917e+00  3.00049656e+00
    3.02331734e+00  3.07833771e+00  3.02083050e+00  3.00596827e+00
    3.06726203e+00  3.01108607e+00]
  [-5.08766230e+00 -1.04029096e+01 -5.08767182e+00 -1.04029273e+01
   -1.04028003e+01 -1.04028210e+01 -1.04029289e+01 -1.04029197e+01
   -1.04028019e+01 -1.04028425e+01]]

 [[ 5.96125252e-07  4.75005835e-06  1.10526885e-07  2.35694632e-06
    2.81030945e-06  8.29531875e-06  5.33289517e-06  2.88432443e-07
    8.91620423e-08  1.47608019e-07]
  [ 3.08533327e+00  3.07314342e+00  3.08011143e+00  3.46409955e+00
    3.19022230e+00  3.05470095e+00  3.26527169e+00  3.14008772e+00
    3.11124576e+00  3.03022967e+00]
  [-1.04028984e+01 -1.04028460e+01 -2.75193346e+00 -1.04028813e+01
   -3.72429878e+00 -2.76589732e+00 -2.75193235e+00 -1.04028925e+01
   -1.04029329e+01 -1.04028705e+01]]

 [[ 1.03746135e-06  7.55712261e-07  2.65921577e-07  3.41503835e-07
    3.00404848e-06  4.17345276e-06  1.52374754e-07  1.42056313e-06
    4.72935336e-06  3.14218299e-07]
  [ 3.08347570e+00  3.19081553e+00  3.06620928e+00  3.01772167e+00
    3.01015479e+00  3.04482065e+00  3.07198152e+00  3.13652660e+00
    3.04855138e+00  3.07668785e+00]
  [-1.04029143e+01 -3.72429849e+00 -1.04029269e+01 -1.04028521e+01
   -1.04028892e+01 -1.04028160e+01 -1.04028390e+01 -1.04028549e+01
   -1.04029174e+01 -1.04028800e+01]]

 [[ 1.26427154e-07  2.57459073e-06  3.45755840e-06  2.87614645e-06
    4.10404764e-07  8.80177157e-07  1.12808190e-06  1.01842600e-07
    8.19952322e-07  1.56671088e-06]
  [ 3.07747907e+00  3.00192968e+00  3.09701811e+00  3.04294082e+00
    3.16351657e+00  3.01386632e+00  3.14076067e+00  3.13129821e+00
    3.02646148e+00  3.11478265e+00]
  [-5.12882274e+00 -3.72430005e+00 -5.08666313e+00 -3.72429996e+00
   -2.75193286e+00 -1.04029357e+01 -1.04029227e+01 -1.04029283e+01
   -2.75193347e+00 -1.04028839e+01]]

 [[ 8.57454498e-09  5.38611410e-08  3.15890541e-08  1.22675650e-08
    3.05490201e-08  4.64072432e-08  3.38953391e-08  1.77699881e-08
    2.73840098e-08  3.38886205e-08]
  [ 3.00000049e+00  3.00000030e+00  3.00000044e+00  3.00000008e+00
    3.00000006e+00  3.00000032e+00  3.00000098e+00  3.00000003e+00
    3.00000011e+00  3.00000002e+00]
  [-1.04028774e+01 -2.76588625e+00 -2.76588915e+00 -1.04027729e+01
   -1.04027132e+01 -2.75192612e+00 -2.75192439e+00 -1.04028366e+01
   -3.72429252e+00 -2.76589508e+00]]

 [[ 3.77328101e-09  9.08652959e-09  3.10902431e-08  7.58710092e-09
    1.71751893e-08  8.02904790e-09  3.54038577e-08  6.00044674e-09
    1.51735695e-08  1.23600441e-08]
  [ 3.00000014e+00  3.00000011e+00  3.00000006e+00  3.00000056e+00
    3.00000017e+00  3.00000015e+00  3.00000010e+00  3.00000063e+00
    3.00000013e+01  3.00000027e+00]
  [-1.04026576e+01 -2.76588552e+00 -2.75192304e+00 -2.76588578e+00
   -2.75192311e+00 -2.76588594e+00 -3.72429462e+00 -3.72428616e+00
   -1.04027742e+01 -5.12879951e+00]]

 [[ 1.67060424e-08  1.78263373e-08  6.33504049e-09  9.85638426e-09
    2.96756682e-08  2.22333597e-08  5.55501697e-09  1.81373348e-08
    1.63130423e-08  1.36477062e-08]
  [ 3.00000005e+00  3.00000009e+00  3.00000058e+00  3.00000093e+00
    3.00000031e+00  3.00000030e+00  3.00000048e+00  3.00000019e+00
    3.00000015e+01  3.00000017e+00]
  [-3.72427002e+00 -1.04027671e+01 -1.04026776e+01 -1.04026549e+01
   -2.76588832e+00 -2.75192549e+00 -2.76589059e+00 -2.75192408e+00
   -2.76588447e+00 -2.75192271e+00]]

 [[ 1.55992608e-05  5.55645626e-06  1.44901338e-05  1.66296696e-05
    4.17804636e-06  1.59582109e-05  1.12670120e-05  1.39107492e-05
    3.07059734e-06  2.36263332e-05]
  [ 3.00042838e+00  3.00027167e+00  3.00007011e+00  3.00014651e+00
    3.00005678e+00  3.00058983e+00  3.00045289e+00  3.00005159e+00
    3.00130219e+00  3.00005492e+00]
  [-2.76408650e+00 -2.75021128e+00 -1.03353124e+01 -2.75233673e+00
   -2.76198533e+00 -1.03025147e+01 -1.03159186e+01 -1.03340510e+01
   -1.03159232e+01 -1.03708077e+01]]

 [[ 5.81087910e-06  1.98914360e-05  7.72656545e-06  5.63854557e-06
    3.33643688e-06  8.10239099e-06  6.00125028e-06  2.08011034e-05
    5.83558884e-06  6.04960556e-06]
  [ 3.00053523e+00  3.00000523e+00  3.00006987e+00  3.00010759e+00
    3.00001211e+00  3.00042256e+00  3.00012807e+00  3.00004077e+00
    3.00004538e+00  3.00006648e+00]
  [-1.03243363e+01 -1.02906596e+01 -2.76277645e+00 -1.02678872e+01
   -1.03571117e+01 -1.03265641e+01 -2.74854735e+00 -2.74528922e+00
   -1.03228992e+01 -1.03078397e+01]]

 [[ 1.39983023e-05  4.13744596e-06  1.92632770e-06  9.86452131e-06
    6.59442556e-06  4.93086615e-06  3.35880276e-06  7.83880149e-06
    6.23734845e-06  3.10347173e-06]
  [ 3.00003954e+00  3.00003479e+00  3.00011936e+00  3.00060241e+00
    3.00002485e+00  3.00002940e+00  3.00020214e+00  3.00015097e+00
    3.00007773e+00  3.00018003e+00]
  [-2.74772097e+00 -5.07443824e+00 -1.83578662e+00 -1.02531481e+01
   -2.74992082e+00 -2.74981278e+00 -2.74948396e+00 -2.75877699e+00
   -1.02596167e+01 -1.03850327e+01]]

 [[ 1.95139912e-05  1.28206468e-04  8.96037737e-05  1.64280359e-04
    7.41678330e-05  6.57997842e-05  8.38012773e-05  2.27568240e-05
    4.93237161e-05  8.26546280e-05]
  [ 3.00129473e+00  3.00304035e+00  3.00062027e+00  3.00189160e+00
    3.00007638e+00  3.00037011e+00  3.00184988e+00  3.00362702e+00
    3.00118878e+00  3.00071875e+00]
  [-4.96257375e+00 -1.02942307e+01 -1.02032062e+01 -1.02354701e+01
   -1.01781746e+01 -1.03358589e+01 -1.01708864e+01 -1.00290102e+01
   -9.98658874e+00 -1.01315089e+01]]

 [[ 3.15640453e-05  4.24946033e-05  3.78054393e-05  2.89325584e-05
    4.72836928e-05  6.58915924e-05  3.69618183e-05  8.25897103e-05
    6.18362348e-05  3.23418353e-05]
  [ 3.00124057e+00  3.00026631e+00  3.00160073e+00  3.00012936e+00
    3.00336821e+00  3.00673623e+00  3.00085787e+00  3.00158064e+00
    3.00046551e+00  3.00005872e+00]
  [-1.00181380e+01 -1.02646654e+01 -1.01583105e+01 -1.01805895e+01
   -1.00558048e+01 -9.90707335e+00 -9.81235177e+00 -9.77894758e+00
   -1.01857035e+01 -1.00265234e+01]]

 [[ 5.31000614e-05  1.40443050e-05  1.63757229e-05  1.50898447e-05
    2.28239749e-05  2.84572854e-05  1.17330151e-05  6.39296804e-06
    1.65727869e-05  1.27821723e-04]
  [ 3.00004136e+00  3.00127914e+00  3.00063458e+00  3.00178753e+00
    3.00183712e+00  3.00022146e+00  3.00122252e+00  3.00167229e+00
    3.00035449e+00  3.00128763e+00]
  [-5.02567308e+00 -1.01059526e+01 -1.01318182e+01 -1.00199885e+01
   -9.96384090e+00 -1.00936357e+01 -1.02757104e+01 -9.91532606e+00
   -9.76494107e+00 -9.84945273e+00]]

 [[ 1.28859142e-04  2.10971920e-04  4.76822932e-04  1.02539119e-04
    1.25787242e-04  2.34648380e-04  1.22003174e-04  2.58125029e-04
    7.44081785e-05  2.61161047e-04]
  [ 3.00647356e+00  3.00119865e+00  3.00603417e+00  3.00557398e+00
    3.00054666e+00  3.00513798e+00  3.00031667e+00  3.00312773e+00
    3.00473391e+00  3.00045002e+00]
  [-9.36288508e+00 -9.74558503e+00 -8.79638513e+00 -1.02907792e+01
   -1.02101481e+01 -9.18893446e+00 -9.71853131e+00 -9.78231235e+00
   -1.00025015e+01 -4.66982421e+00]]

 [[ 1.31010755e-04  1.06711563e-04  9.64435575e-05  9.39728554e-05
    8.12819513e-05  1.33548209e-04  2.29667336e-04  2.01799205e-04
    1.23205951e-04  6.56591153e-05]
  [ 3.00313133e+00  3.00244363e+00  3.00233705e+00  3.00412556e+00
    3.00100458e+00  3.00482422e+00  3.00044795e+00  3.00007049e+00
    3.00295164e+00  3.00018215e+00]
  [-9.80406213e+00 -1.01306419e+01 -9.20605511e+00 -9.04001245e+00
   -9.65943473e+00 -9.58213592e+00 -9.99770410e+00 -9.09526251e+00
   -9.70109671e+00 -8.34637417e+00]]

 [[ 5.72644670e-05  8.16810858e-05  1.00436195e-04  1.05195704e-04
    5.82288754e-05  1.97258911e-04  1.02834054e-04  1.21502950e-04
    7.54897647e-05  1.77336537e-04]
  [ 3.00008354e+00  3.00022187e+00  3.00312262e+00  3.00253200e+00
    3.01142794e+00  3.00679268e+00  3.00069210e+00  3.00341981e+00
    3.00000364e+00  3.00154327e+00]
  [-1.00861219e+01 -9.59056803e+00 -1.02007486e+01 -5.00875183e+00
   -4.99661115e+00 -9.35921791e+00 -4.72616829e+00 -7.70241935e+00
   -9.38656246e+00 -9.27286791e+00]]

 [[ 6.16900061e-04  3.38195336e-04  7.31569550e-04  1.10821595e-03
    3.13091961e-04  5.07971184e-04  3.23898633e-04  3.69745416e-04
    6.01004673e-04  1.94428179e-03]
  [ 3.02175588e+00  3.02577212e+00  3.00783040e+00  3.04050999e+00
    3.01492744e+00  3.01117380e+00  3.00399645e+00  3.01889932e+00
    3.01469526e+00  3.01493923e+00]
  [-5.86001109e+00 -5.97297609e+00 -8.36375064e+00 -9.07501453e+00
   -3.89964039e+00 -8.13667706e+00 -6.09203138e+00 -5.92645030e+00
   -4.28475382e+00 -4.63261919e+00]]

 [[ 9.66435625e-04  1.40836764e-03  9.18294018e-04  1.05913359e-03
    5.24959367e-04  3.22151141e-04  4.10942215e-04  6.87383828e-04
    7.97675615e-04  3.59308610e-04]
  [ 3.00396988e+00  3.01077974e+00  3.05476503e+00  3.00794418e+00
    3.00202812e+00  3.00294058e+00  3.02714155e+00  3.00083932e+00
    3.00754306e+00  3.02369429e+00]
  [-6.92272180e+00 -5.03595229e+00 -6.18427728e+00 -8.82615557e+00
   -4.49125138e+00 -4.25520477e+00 -5.82485155e+00 -4.21744443e+00
   -5.20252915e+00 -6.48831521e+00]]

 [[ 6.18923549e-04  3.83357158e-04  1.01214382e-03  1.79541096e-04
    1.67712438e-04  3.29747131e-04  1.11863023e-03  6.84036624e-04
    6.36457762e-04  5.56048978e-04]
  [ 3.00770731e+00  3.01346259e+00  3.00152210e+00  3.02071335e+00
    3.02565368e+00  3.00817091e+00  3.01702788e+00  3.01341600e+00
    3.00382420e+00  3.00494918e+00]
  [-5.90734284e+00 -7.42060715e+00 -5.67926487e+00 -6.73996411e+00
   -5.26976859e+00 -7.83931290e+00 -8.77578326e+00 -5.38596324e+00
   -4.07267816e+00 -6.61482712e+00]]

 [[ 5.71781346e-03  3.68937259e-03  5.04757342e-03  5.33558401e-03
    8.02885594e-03  1.11810061e-02  1.55945941e-03  6.84803254e-03
    4.53815485e-03  2.54441089e-03]
  [ 3.04701592e+00  3.12236924e+00  3.06597576e+00  3.04507472e+00
    3.00891051e+00  3.02385018e+00  3.06863082e+00  3.04042180e+00
    3.01387760e+00  3.10509443e+00]
  [-3.04654524e+00 -4.11419696e+00 -4.30769784e+00 -3.12758209e+00
   -3.05877135e+00 -2.55473369e+00 -3.09538019e+00 -5.25555511e+00
   -2.72967085e+00 -3.18307931e+00]]

 [[ 3.51020539e-03  1.69929433e-03  9.55255390e-03  5.06848470e-03
    2.00714971e-03  2.36717338e-03  8.65113829e-04  1.96841377e-03
    2.20789099e-03  1.75635689e-03]
  [ 3.06724190e+00  3.02475592e+00  3.05213856e+00  3.09547813e+00
    3.10234049e+00  3.03645503e+00  3.05015936e+00  3.15005013e+00
    3.00885702e+00  3.02694972e+00]
  [-2.79703518e+00 -3.86011166e+00 -5.50491235e+00 -3.00628097e+00
   -3.75228038e+00 -3.75249062e+00 -2.28966313e+00 -2.64990530e+00
   -2.84655498e+00 -2.20072196e+00]]

 [[ 2.10875619e-03  3.35843480e-03  1.15194810e-03  1.29735958e-03
    2.86462361e-03  3.73911046e-03  1.55174110e-03  5.03039466e-03
    7.88615900e-04  2.44791234e-03]
  [ 3.04502898e+00  3.02281963e+00  3.02223299e+00  3.06073441e+00
    3.05889252e+00  3.19390400e+00  3.08587140e+00  3.17437406e+00
    3.02607813e+00  3.01107704e+00]
  [-3.67458781e+00 -2.26249818e+00 -2.18136491e+00 -2.13672054e+00
   -4.24373768e+00 -3.45803779e+00 -3.40595357e+00 -2.81223013e+00
   -2.90629068e+00 -2.68854377e+00]]

 [[ 4.01453862e-08  4.08886440e-08  6.10237633e-08  5.36007974e-08
    2.84866255e-08  4.32791330e-08  2.43840504e-08  4.42057644e-08
    1.54858513e-08  2.03791666e-08]
  [ 3.00000109e+00  3.00000000e+00  3.00000039e+00  3.00000007e+00
    3.00000033e+00  3.00000036e+00  3.00000019e+00  3.00000030e+00
    3.00000009e+00  3.00000006e+00]
  [-1.04027586e+01 -1.04027612e+01 -2.75192154e+00 -1.04027219e+01
   -2.76588754e+00 -2.75192285e+00 -1.04027554e+01 -1.04028736e+01
   -5.12878492e+00 -1.04029339e+01]]

 [[ 1.04138388e-08  2.72846280e-08  2.27511869e-08  3.00232694e-08
    5.49535051e-08  2.92633989e-08  3.19716629e-08  5.90757298e-08
    6.81732644e-09  1.09876150e-08]
  [ 3.00000045e+00  3.00000039e+00  3.00000019e+00  3.00000053e+00
    3.00000009e+00  3.00000075e+00  3.00000065e+00  3.00000009e+00
    3.00000017e+00  3.00000004e+00]
  [-1.04028538e+01 -2.76588214e+00 -2.76588840e+00 -1.04028019e+01
   -1.04027760e+01 -3.72429053e+00 -1.04028220e+01 -1.04028345e+01
   -2.75192648e+00 -2.75192458e+00]]

 [[ 8.53499068e-09  2.13730785e-08  1.84558746e-08  1.12332181e-08
    1.11261647e-08  9.55420141e-09  3.01764842e-08  1.47618148e-08
    2.34566702e-08  2.45765595e-08]
  [ 3.00000011e+00  3.00000017e+00  3.00000033e+00  3.00000004e+00
    3.00000020e+00  3.00000005e+00  3.00000030e+00  3.00000009e+00
    3.00000053e+00  3.00000008e+00]
  [-2.76588549e+00 -1.04028653e+01 -1.04028106e+01 -5.12879080e+00
   -5.08761509e+00 -1.04027569e+01 -1.04028223e+01 -2.75192759e+00
   -1.04028036e+01 -1.04028312e+01]]

 [[ 3.62527404e-05  2.56315237e-05  2.17015718e-05  1.05992525e-05
    2.70235202e-05  2.35237745e-05  3.67154601e-05  1.22785483e-05
    1.49333643e-05  2.32980804e-05]
  [ 3.00014903e+00  3.00004498e+00  3.00008136e+00  3.00003602e+00
    3.00007834e+00  3.00003468e+00  3.00001764e+00  3.00007264e+00
    3.00023406e+00  3.00001881e+00]
  [-1.03672960e+01 -1.02788878e+01 -1.03470867e+01 -1.02486784e+01
   -1.03338152e+01 -1.03622715e+01 -1.02977791e+01 -1.03770447e+01
   -1.02475408e+01 -1.03868486e+01]]

 [[ 1.70465114e-05  9.66690419e-06  1.31124656e-05  1.46099819e-05
    1.01741804e-05  6.55449544e-06  1.65587622e-05  1.68123524e-05
    1.56842510e-05  4.35159630e-06]
  [ 3.00018862e+00  3.00022091e+00  3.00002435e+00  3.00020493e+00
    3.00009864e+00  3.00063610e+00  3.00071448e+00  3.00006904e+00
    3.00109842e+00  3.00022243e+00]
  [-1.03352324e+01 -2.75874056e+00 -2.74760682e+00 -1.03600210e+01
   -1.03328595e+01 -5.06917486e+00 -1.03362317e+01 -5.09505565e+00
   -1.03260316e+01 -1.03768086e+01]]

 [[ 1.19518201e-05  9.52872094e-06  4.54065234e-06  1.07537245e-05
    1.99724655e-06  2.72569814e-06  3.25006210e-06  5.02432092e-06
    5.32653126e-06  6.68632931e-06]
  [ 3.00023957e+00  3.00015986e+00  3.00004653e+00  3.00023209e+00
    3.00003679e+00  3.00058005e+00  3.00001051e+00  3.00009062e+00
    3.00003642e+00  3.00014274e+00]
  [-1.03484872e+01 -1.02703897e+01 -1.02865938e+01 -5.08973211e+00
   -5.09785282e+00 -2.74473932e+00 -1.02254070e+01 -1.02725194e+01
   -1.03625800e+01 -1.03583543e+01]]

 [[ 1.35939095e-04  4.60079959e-05  5.14192032e-05  1.62974074e-04
    7.11532788e-05  7.46235474e-05  1.32794243e-04  9.83883376e-05
    1.29675194e-04  7.17244581e-05]
  [ 3.00073986e+00  3.00088731e+00  3.00134407e+00  3.00120664e+00
    3.00101494e+00  3.00243321e+00  3.00032799e+00  3.00013621e+00
    3.00186827e+00  3.00022310e+00]
  [-1.01023133e+01 -9.67086136e+00 -9.88043460e+00 -9.71819983e+00
   -9.93476140e+00 -1.01538956e+01 -1.01546418e+01 -1.01845624e+01
   -5.09094415e+00 -9.76614027e+00]]

 [[ 5.78691511e-05  4.18483259e-05  5.70759818e-05  4.42057510e-05
    4.08953395e-05  6.95028319e-05  5.16492418e-05  5.78005875e-05
    4.71621553e-05  4.97211026e-05]
  [ 3.00245096e+00  3.00181785e+00  3.00035703e+00  3.00004548e+00
    3.00264578e+00  3.00048757e+00  3.00034620e+00  3.00053081e+00
    3.00001997e+00  3.00015212e+00]
  [-9.91165007e+00 -1.01277031e+01 -1.00781328e+01 -9.96702214e+00
   -9.95842878e+00 -9.88913300e+00 -1.00586216e+01 -9.90851816e+00
   -9.99754574e+00 -9.65741713e+00]]

 [[ 1.38823950e-05  8.70434671e-05  1.92841358e-05  4.78654186e-05
    4.25553918e-05  2.99005390e-05  3.93296024e-05  3.00975846e-05
    3.37111505e-05  7.08161522e-05]
  [ 3.00014525e+00  3.00180469e+00  3.00010115e+00  3.00054554e+00
    3.00124642e+00  3.00165764e+00  3.00150991e+00  3.00031027e+00
    3.00071795e+00  3.00000907e+00]
  [-1.01832734e+01 -5.00057429e+00 -1.02944156e+01 -9.90408365e+00
   -1.03376133e+01 -9.85910242e+00 -9.80805297e+00 -9.94448277e+00
   -9.69768760e+00 -1.01052335e+01]]

 [[ 6.39478326e-04  3.69570832e-04  7.78110627e-05  1.93536642e-04
    1.85320048e-04  1.13486115e-04  1.60754758e-04  2.22684824e-04
    2.67222428e-04  2.69884295e-04]
  [ 3.00432378e+00  3.00841331e+00  3.00212094e+00  3.00193063e+00
    3.00330813e+00  3.00087513e+00  3.00044717e+00  3.01112986e+00
    3.00013463e+00  3.00058464e+00]
  [-9.39775722e+00 -4.92721307e+00 -4.79817538e+00 -1.02930709e+01
   -8.40702781e+00 -9.90101144e+00 -8.98092181e+00 -1.01885013e+01
   -9.10716413e+00 -9.77628184e+00]]

 [[ 3.53226768e-04  5.39306190e-05  1.23280301e-04  1.16737530e-04
    5.31989558e-04  2.62505464e-04  2.47430299e-04  3.00510767e-04
    6.43745042e-05  3.94663677e-04]
  [ 3.00045343e+00  3.00003124e+00  3.00219669e+00  3.00030292e+00
    3.00084839e+00  3.00593480e+00  3.00050168e+00  3.00093460e+00
    3.00197383e+00  3.00845629e+00]
  [-4.85875159e+00 -9.72279386e+00 -9.66336956e+00 -9.78405907e+00
   -9.84175423e+00 -9.84835744e+00 -8.87330674e+00 -4.97560739e+00
   -8.98735516e+00 -1.01792788e+01]]

 [[ 1.38519234e-04  2.63524839e-04  1.20149268e-04  1.43666698e-04
    5.90221570e-05  1.50520395e-04  1.01040085e-04  9.59093298e-05
    1.12564328e-04  1.93153084e-05]
  [ 3.00065134e+00  3.00280438e+00  3.00203315e+00  3.00108008e+00
    3.00220376e+00  3.00135509e+00  3.00384265e+00  3.00017156e+00
    3.00417256e+00  3.00158215e+00]
  [-9.95279754e+00 -9.97357773e+00 -9.44742009e+00 -9.42517014e+00
   -9.90610549e+00 -9.51991356e+00 -9.72875914e+00 -4.87795243e+00
   -9.56137058e+00 -9.41224446e+00]]

 [[ 1.27702130e-03  3.84743813e-03  3.07604233e-03  6.29507759e-04
    1.09295890e-03  1.27576322e-03  8.86306392e-04  2.30838067e-03
    2.86790972e-03  9.09640089e-04]
  [ 3.01411029e+00  3.02105279e+00  3.01653097e+00  3.03567496e+00
    3.00232565e+00  3.00684885e+00  3.00088938e+00  3.00154986e+00
    3.00018878e+00  3.01297146e+00]
  [-4.79294286e+00 -7.92672333e+00 -9.83285040e+00 -5.98579110e+00
   -6.17449839e+00 -7.10168525e+00 -4.54317795e+00 -9.30360986e+00
   -7.08829547e+00 -6.11757683e+00]]

 [[ 4.69144847e-04  1.09978440e-03  2.22015754e-03  4.10448755e-04
    4.78883219e-04  8.40124389e-04  2.82543237e-04  8.04110414e-04
    2.90245793e-04  9.26498080e-04]
  [ 3.00206574e+00  3.00109955e+00  3.00940479e+00  3.01704739e+00
    3.02413363e+00  3.01192945e+00  3.00854745e+00  3.05375736e+00
    3.01088546e+00  3.01078830e+00]
  [-7.47145073e+00 -5.27983901e+00 -8.35731275e+00 -6.72441937e+00
   -8.30874153e+00 -5.98282399e+00 -5.17464258e+00 -4.35602027e+00
   -6.78934450e+00 -6.17193953e+00]]

 [[ 8.00549564e-04  5.92635528e-04  2.20039020e-04  9.87021289e-04
    4.49682426e-04  4.38141777e-04  2.22974063e-04  7.52889200e-05
    4.05574342e-04  6.23521388e-04]
  [ 3.00963060e+00  3.00788240e+00  3.03890453e+00  3.00000901e+00
    3.00051849e+00  3.03180309e+00  3.00785172e+00  3.02132139e+00
    3.03809126e+00  3.01636590e+00]
  [-6.24575490e+00 -4.29813066e+00 -6.09769959e+00 -6.50495148e+00
   -5.13294048e+00 -6.09214444e+00 -8.84106781e+00 -6.64844594e+00
   -4.43878219e+00 -8.86570011e+00]]

 [[ 9.18491816e-03  1.86268647e-03  2.13772858e-02  7.36903720e-03
    9.56037016e-03  5.30854717e-03  6.69030033e-03  1.25785147e-02
    4.13279570e-03  5.89004097e-03]
  [ 3.02379444e+00  3.05712480e+00  3.02681216e+00  3.14933770e+00
    3.00206620e+00  3.02894090e+00  3.32831634e+00  3.10867953e+00
    3.02281490e+00  3.07134856e+00]
  [-4.65154135e+00 -2.76133296e+00 -2.86344302e+00 -4.11539768e+00
   -2.29079473e+00 -2.94212104e+00 -3.53408345e+00 -3.52978090e+00
   -2.50736601e+00 -3.68677777e+00]]

 [[ 5.32483879e-03  6.81877597e-03  5.16938171e-03  8.36282487e-03
    6.71486286e-03  9.99439906e-03  5.83227396e-03  2.02736145e-03
    6.04884325e-03  3.19567510e-03]
  [ 3.00592190e+00  3.11740400e+00  3.04904070e+00  3.02051444e+00
    3.42034303e+00  3.05736067e+00  3.01765391e+00  3.07477650e+00
    3.32663862e+00  3.01702991e+00]
  [-2.37449438e+00 -2.65076957e+00 -2.16403117e+00 -2.25213334e+00
   -4.34634274e+00 -2.62735767e+00 -4.22459531e+00 -1.92022726e+00
   -2.54664996e+00 -2.02095230e+00]]

 [[ 1.77858342e-03  3.91320491e-03  1.94819522e-03  3.79627582e-03
    5.48685040e-03  6.51918940e-03  3.23718126e-03  6.80906898e-03
    3.33196651e-03  3.84879686e-03]
  [ 3.00995764e+00  3.01486071e+00  3.02855803e+00  3.15698916e+00
    3.09535908e+00  3.00932177e+00  3.03267047e+00  3.21336492e+00
    3.05238877e+00  3.00939182e+00]
  [-2.40477869e+00 -2.44676112e+00 -7.43219432e+00 -2.39449028e+00
   -4.56025645e+00 -2.38688263e+00 -3.81095106e+00 -3.04756850e+00
   -3.66364637e+00 -2.53940385e+00]]

 [[ 1.63944118e-04  2.16976195e-04  1.60071256e-04  1.65050762e-04
    2.50732826e-04  1.89999758e-04  1.29007526e-04  1.95812215e-04
    2.10817142e-04  2.19726628e-04]
  [ 3.00000066e+00  3.00000027e+00  3.00000068e+00  3.00000030e+00
    3.00000021e+00  3.00000033e+00  3.00000030e+00  3.00000000e+00
    3.00000018e+00  3.00000045e+00]
  [-2.76589321e+00 -3.72429067e+00 -1.04027610e+01 -1.04028850e+01
   -1.04028326e+01 -5.12880638e+00 -2.75192678e+00 -2.76589441e+00
   -1.04029093e+01 -5.12878921e+00]]

 [[ 2.42740541e-04  1.70445096e-04  1.43311647e-04  2.19662917e-04
    1.27456024e-04  1.94980632e-04  1.97608426e-04  2.21452214e-04
    1.93593539e-04  2.49703831e-04]
  [ 3.00000043e+00  3.00000073e+00  3.00000189e+00  3.00000023e+00
    3.00000012e+00  3.00000115e+00  3.00000011e+00  3.00000156e+00
    3.00000006e+00  3.00000014e+00]
  [-3.72429030e+00 -3.72428988e+00 -5.12877451e+00 -1.04027222e+01
   -3.72428490e+00 -1.04027365e+01 -3.72428451e+00 -3.72429575e+00
   -2.76589559e+00 -1.04025189e+01]]

 [[ 1.34566201e-04  1.14724540e-04  2.56368661e-04  1.93020168e-04
    2.19991266e-04  1.28086798e-04  1.51812941e-04  1.28288127e-04
    1.35357867e-04  1.96470910e-04]
  [ 3.00000030e+00  3.00000014e+00  3.00000004e+01  3.00000009e+00
    3.00000069e+00  3.00000057e+00  3.00000072e+00  3.00000005e+00
    3.00000014e+01  3.00000007e+00]
  [-2.76588447e+00 -2.76588850e+00 -2.76588927e+00 -1.04027410e+01
   -2.76588581e+00 -1.04028307e+01 -5.12879392e+00 -1.83758637e+00
   -2.75192877e+00 -1.04028272e+01]]

 [[ 1.17971087e-01  7.34122786e-02  1.26367384e-01  7.31281169e-02
    1.16912276e-01  1.02349996e-01  1.07465951e-01  1.19689461e-01
    1.07430425e-01  8.24939651e-02]
  [ 3.00005446e+00  3.00014516e+00  3.00039092e+00  3.00055315e+00
    3.00024161e+00  3.00002342e+00  3.00038244e+00  3.00055176e+00
    3.00000168e+00  3.00011959e+00]
  [-1.03732771e+01 -1.02255747e+01 -1.03921863e+01 -1.02953687e+01
   -1.02040962e+01 -1.03371534e+01 -1.03469836e+01 -1.02693197e+01
   -2.76006570e+00 -2.74609886e+00]]

 [[ 1.70767932e-01  1.11079462e-01  1.07224826e-01  1.04261292e-01
    1.06859299e-01  1.05454783e-01  1.24861369e-01  1.16240800e-01
    7.27118043e-02  1.02873192e-01]
  [ 3.00016810e+00  3.00030652e+00  3.00010431e+00  3.00021846e+00
    3.00020196e+00  3.00085596e+00  3.00006462e+00  3.00006728e+00
    3.00003290e+00  3.00028337e+00]
  [-2.74936120e+00 -2.76396341e+00 -2.75590572e+00 -1.03320862e+01
   -1.03451963e+01 -2.74502881e+00 -1.03413843e+01 -1.03127280e+01
   -1.03485833e+01 -1.02749445e+01]]

 [[ 1.13309246e-01  1.59302812e-01  7.22046575e-02  1.07557523e-01
    1.14033753e-01  8.11463459e-02  9.96670142e-02  6.93809632e-02
    1.25525658e-01  1.20593042e-01]
  [ 3.00015888e+00  3.00038824e+00  3.00051174e+00  3.00012444e+00
    3.00001413e+00  3.00013669e+00  3.00007054e+00  3.00052051e+00
    3.00005297e+00  3.00005031e+00]
  [-2.76201791e+00 -1.03484241e+01 -1.03294981e+01 -2.76226696e+00
   -2.76016779e+00 -1.03069019e+01 -1.03780917e+01 -1.03742860e+01
   -2.74658856e+00 -1.03464078e+01]]

 [[ 6.43343637e-01  5.59699021e-01  2.71914866e-01  4.08515678e-01
    4.54615568e-01  2.43032244e-01  5.84178906e-01  7.37828489e-01
    5.98066888e-01  5.16018016e-01]
  [ 3.00131683e+00  3.00192556e+00  3.00098164e+00  3.00103359e+00
    3.00029393e+00  3.00040604e+00  3.00027403e+00  3.00029661e+00
    3.00025540e+00  3.00304659e+00]
  [-1.00009141e+01 -1.02893862e+01 -1.01237132e+01 -9.73622062e+00
   -9.83290399e+00 -9.87369782e+00 -1.02531433e+01 -9.61208549e+00
   -1.01273015e+01 -1.03082321e+01]]

 [[ 6.46556912e-01  5.66859013e-01  4.45411673e-01  4.41325104e-01
    5.88290375e-01  5.85641619e-01  5.20252286e-01  5.69747742e-01
    2.89576952e-01  2.86217565e-01]
  [ 3.00137118e+00  3.00123353e+00  3.00007456e+00  3.00281079e+00
    3.00020325e+00  3.00115759e+00  3.00022102e+00  3.00043927e+00
    3.00131499e+00  3.00071062e+00]
  [-4.94445885e+00 -1.00372359e+01 -1.01800064e+01 -1.01706103e+01
   -1.01259900e+01 -1.01913525e+01 -9.94334906e+00 -1.00873852e+01
   -1.02983576e+01 -9.89258366e+00]]

 [[ 5.84238009e-01  5.13902222e-01  5.49125703e-01  3.98347655e-01
    5.14306030e-01  6.32252618e-01  3.91557103e-01  6.86723344e-01
    5.06945998e-01  3.53019046e-01]
  [ 3.00125392e+00  3.00024454e+00  3.00122391e+00  3.00008071e+00
    3.00020508e+00  3.00345139e+00  3.00028845e+00  3.00114148e+00
    3.00178418e+00  3.00180698e+00]
  [-9.83035490e+00 -1.00001388e+01 -1.01005571e+01 -1.00528576e+01
   -1.02723336e+01 -1.01954909e+01 -9.88500178e+00 -5.02147269e+00
   -9.73188379e+00 -5.05312700e+00]]

 [[ 1.12834211e+00  9.39528399e-01  1.72274650e+00  1.49629956e+00
    1.67917050e+00  1.39486197e+00  1.33839422e+00  1.45923547e+00
    1.44999088e+00  1.61111412e+00]
  [ 3.00074229e+00  3.00440580e+00  3.00524508e+00  3.00095658e+00
    3.00298620e+00  3.00050678e+00  3.00091798e+00  3.00112674e+00
    3.00668451e+00  3.00308923e+00]
  [-9.82657627e+00 -4.84173167e+00 -5.02307404e+00 -8.98255403e+00
   -9.63345341e+00 -8.99089697e+00 -9.55180885e+00 -9.71034517e+00
   -9.83874928e+00 -9.87785907e+00]]

 [[ 1.87735487e+00  1.72382561e+00  1.46584860e+00  1.23191045e+00
    1.56795355e+00  1.49077168e+00  1.22768796e+00  1.58144451e+00
    1.31732603e+00  1.27047413e+00]
  [ 3.00754534e+00  3.00060782e+00  3.00158301e+00  3.00002751e+00
    3.00045208e+00  3.00024277e+00  3.00091914e+00  3.00008646e+00
    3.00537427e+00  3.00587739e+00]
  [-9.62574008e+00 -4.69736053e+00 -4.90778787e+00 -9.59289654e+00
   -8.98396465e+00 -8.39481045e+00 -9.19389026e+00 -1.02537109e+01
   -9.07412707e+00 -4.81746399e+00]]

 [[ 1.44779022e+00  1.94843153e+00  1.46981790e+00  1.61327492e+00
    9.98739768e-01  1.48668816e+00  2.08317597e+00  6.39519120e-01
    1.62433728e+00  1.62674110e+00]
  [ 3.00345157e+00  3.01329082e+00  3.00117570e+00  3.01394376e+00
    3.00250833e+00  3.00049422e+00  3.00671146e+00  3.00685840e+00
    3.00015686e+00  3.00241508e+00]
  [-9.71080358e+00 -8.74240850e+00 -9.88177494e+00 -9.70895116e+00
   -9.13522866e+00 -9.14556445e+00 -1.00343468e+01 -9.29331327e+00
   -8.53664015e+00 -9.12490464e+00]]

 [[ 6.40597904e+00  7.89542874e+00  7.05598617e+00  3.83770223e+00
    4.20587131e+00  7.55950311e+00  7.21145946e+00  8.02606349e+00
    8.03992859e+00  7.28965856e+00]
  [ 3.00273685e+00  3.00126639e+00  3.00314301e+00  3.00839445e+00
    3.00298193e+00  3.00177360e+00  3.02108001e+00  3.01952433e+00
    3.02508434e+00  3.00417664e+00]
  [-6.24813500e+00 -6.63974489e+00 -5.42800828e+00 -5.65112356e+00
   -6.67563583e+00 -6.03406653e+00 -6.05916398e+00 -4.79715538e+00
   -5.34624162e+00 -4.13742435e+00]]

 [[ 6.96724367e+00  5.94212915e+00  4.83292769e+00  4.97099244e+00
    5.61914123e+00  6.38543086e+00  8.70372924e+00  5.27219949e+00
    5.58807666e+00  8.10530735e+00]
  [ 3.00382840e+00  3.01489993e+00  3.01162808e+00  3.01605122e+00
    3.01052790e+00  3.00116340e+00  3.00069396e+00  3.02906510e+00
    3.00105579e+00  3.00227129e+00]
  [-4.82809579e+00 -4.29561918e+00 -6.89104771e+00 -6.35139905e+00
   -8.98903246e+00 -7.00882501e+00 -7.14269059e+00 -7.47899306e+00
   -7.94125880e+00 -4.37534457e+00]]

 [[ 6.55635813e+00  6.35644058e+00  6.41309322e+00  7.18561870e+00
    5.03157213e+00  8.20698343e+00  5.70844911e+00  6.44693361e+00
    6.05719378e+00  8.57505903e+00]
  [ 3.01062125e+00  3.01459960e+00  3.00098134e+00  3.00634877e+00
    3.01428282e+00  3.00457562e+00  3.00879724e+00  3.00857297e+00
    3.02301919e+00  3.00844262e+00]
  [-6.14904899e+00 -4.03279834e+00 -6.56370285e+00 -7.13287008e+00
   -4.38126562e+00 -5.56851996e+00 -4.66037711e+00 -4.47165934e+00
   -7.24429417e+00 -6.28655670e+00]]

 [[ 4.96445094e+01  4.76425250e+01  6.10119508e+01  3.62638248e+01
    4.61693483e+01  4.79478151e+01  4.96452663e+01  4.27968088e+01
    3.30665702e+01  4.92752720e+01]
  [ 3.18249764e+00  3.04937243e+00  3.07163264e+00  3.12169415e+00
    3.08430169e+00  3.07412110e+00  3.00567993e+00  3.10732950e+00
    3.02685656e+00  3.00702786e+00]
  [-3.16713729e+00 -3.45427287e+00 -2.91586143e+00 -4.16828121e+00
   -3.31373397e+00 -2.72438299e+00 -3.88964931e+00 -2.46074839e+00
   -2.41458887e+00 -3.06888417e+00]]

 [[ 4.58298268e+01  4.67125311e+01  5.27581233e+01  5.69872631e+01
    5.96627267e+01  4.25655823e+01  4.93848089e+01  5.91931632e+01
    4.64490962e+01  1.56302813e+01]
  [ 3.00046229e+00  3.03875962e+00  3.07449657e+00  3.02026436e+00
    3.02576182e+00  3.00412737e+00  3.13666489e+00  3.01140695e+00
    3.05220423e+00  3.04178837e+00]
  [-3.99303840e+00 -3.85697295e+00 -3.31913913e+00 -2.65896192e+00
   -2.77319469e+00 -2.73758639e+00 -3.45667660e+00 -3.85643678e+00
   -3.25684416e+00 -3.83423427e+00]]

 [[ 5.54019844e+01  3.32749901e+01  6.37481350e+01  3.03397775e+01
    5.59846872e+01  1.66902731e+01  4.35466699e+01  4.21778283e+01
    5.16117926e+01  6.05925756e+01]
  [ 3.02631015e+00  3.01047717e+00  3.01546953e+00  3.08241213e+00
    3.06129150e+00  3.01215362e+00  3.01357096e+00  3.25329128e+00
    3.08345329e+00  3.15990559e+00]
  [-2.44359182e+00 -3.11381498e+00 -3.85142811e+00 -2.27657280e+00
   -2.88573076e+00 -3.07124145e+00 -3.02544981e+00 -3.08081384e+00
   -2.52928785e+00 -3.00481729e+00]]

 [[ 1.82017703e-04  1.40735600e-04  2.05422186e-04  1.88708540e-04
    1.58553903e-04  1.38960195e-04  2.19446960e-04  8.59301555e-05
    2.00523437e-04  1.56385926e-04]
  [ 3.00000018e+00  3.00000003e+00  3.00000014e+00  3.00000048e+00
    3.00000012e+00  3.00000010e+00  3.00000013e+00  3.00000030e+00
    3.00000001e+00  3.00000014e+00]
  [-5.12878735e+00 -5.08763066e+00 -3.72429931e+00 -1.04028035e+01
   -1.04028366e+01 -1.04027029e+01 -2.76589504e+00 -1.04027986e+01
   -1.04029134e+01 -1.04028439e+01]]

 [[ 1.35987990e-04  2.20218580e-04  7.46145998e-05  1.52373319e-04
    1.57298809e-04  1.77031141e-04  2.25747276e-04  1.85320839e-04
    2.21139152e-04  1.04613724e-04]
  [ 3.00000029e+00  3.00000033e+00  3.00000042e+00  3.00000024e+00
    3.00000008e+00  3.00000009e+00  3.00000138e+00  3.00000025e+00
    3.00000036e+00  3.00000029e+00]
  [-1.04028553e+01 -2.76588439e+00 -1.04028242e+01 -1.04028434e+01
   -5.12881029e+00 -1.04027247e+01 -2.75192601e+00 -5.12877571e+00
   -1.04027888e+01 -1.04029121e+01]]

 [[ 5.65437154e-05  2.11239751e-04  2.35511062e-04  1.59588735e-04
    1.45287758e-04  2.15230484e-04  1.30497004e-04  1.69284531e-04
    2.27044534e-04  2.23625024e-04]
  [ 3.00000000e+00  3.00000013e+00  3.00000019e+00  3.00000034e+00
    3.00000014e+00  3.00000069e+00  3.00000062e+00  3.00000009e+00
    3.00000053e+00  3.00000073e+00]
  [-1.04028476e+01 -1.04028635e+01 -1.04026952e+01 -1.04027916e+01
   -3.72428745e+00 -2.75192168e+00 -2.76588485e+00 -1.04029294e+01
   -1.04027907e+01 -3.72429149e+00]]

 [[ 1.13036001e-01  1.29670169e-01  8.16739118e-02  1.19599529e-01
    1.08684107e-01  1.28401007e-01  9.78725770e-02  1.12501957e-01
    3.11607052e-02  1.45846369e-01]
  [ 3.00021022e+00  3.00002245e+00  3.00038547e+00  3.00044660e+00
    3.00021434e+00  3.00011791e+00  3.00008049e+00  3.00010466e+00
    3.00003839e+00  3.00012671e+00]
  [-1.03058382e+01 -1.01919690e+01 -5.10643592e+00 -1.03079339e+01
   -1.02835819e+01 -1.03156562e+01 -1.03708772e+01 -1.03272255e+01
   -1.03731504e+01 -1.03298604e+01]]

 [[ 1.47951468e-01  1.64530573e-01  9.82694359e-02  8.05204653e-02
    1.35155911e-01  1.30976586e-01  1.21086363e-01  1.26290568e-01
    1.24241216e-01  1.00709366e-01]
  [ 3.00041177e+00  3.00008981e+00  3.00003978e+00  3.00004715e+00
    3.00063154e+00  3.00009416e+00  3.00018601e+00  3.00036225e+00
    3.00079726e+00  3.00026376e+00]
  [-1.03569876e+01 -1.03114860e+01 -1.02984485e+01 -2.76302088e+00
   -2.76489409e+00 -2.76144175e+00 -1.03911611e+01 -1.03189907e+01
   -1.02885707e+01 -1.02491805e+01]]

 [[ 1.20648438e-01  6.77010267e-02  1.51284286e-01  5.83473201e-02
    1.30540947e-01  9.23546843e-02  1.41322629e-01  1.32789543e-01
    1.33980715e-01  9.61414764e-02]
  [ 3.00010902e+00  3.00017570e+00  3.00064271e+00  3.00025100e+00
    3.00002170e+00  3.00031055e+00  3.00014533e+00  3.00033286e+00
    3.00007143e+00  3.00003856e+00]
  [-2.74765100e+00 -1.03650380e+01 -1.02892674e+01 -5.08030178e+00
   -2.74609824e+00 -1.03138052e+01 -1.02881041e+01 -2.74885662e+00
   -5.06616864e+00 -1.02625951e+01]]

 [[ 4.58607596e-01  5.96020057e-01  5.95395146e-01  4.30866111e-01
    5.75866916e-01  6.81257241e-01  4.67850926e-01  5.02066734e-01
    3.98648212e-01  5.56571665e-01]
  [ 3.00118179e+00  3.00076449e+00  3.00065848e+00  3.00057537e+00
    3.00007805e+00  3.00075347e+00  3.00073460e+00  3.00074539e+00
    3.00166043e+00  3.00046720e+00]
  [-1.01775775e+01 -9.84416739e+00 -1.02923993e+01 -5.05011843e+00
   -1.00436901e+01 -1.01401725e+01 -1.01705723e+01 -1.01457027e+01
   -9.71695077e+00 -1.01912201e+01]]

 [[ 5.80951708e-01  4.42687836e-01  3.17495739e-01  6.37432196e-01
    5.16696803e-01  5.56643126e-01  6.88386850e-01  4.87494837e-01
    8.06824219e-01  4.66490164e-01]
  [ 3.00001271e+00  3.00025275e+00  3.00235371e+00  3.00178334e+00
    3.00151234e+00  3.00073715e+00  3.00003204e+00  3.00053478e+00
    3.00073522e+00  3.00012253e+00]
  [-1.02971570e+01 -9.99691526e+00 -1.02794021e+01 -1.02068381e+01
   -9.79809105e+00 -5.05244010e+00 -9.90965149e+00 -9.98097383e+00
   -9.91838732e+00 -9.85596050e+00]]

 [[ 5.02878994e-01  2.75918514e-01  3.55284991e-01  4.80200225e-01
    5.77652754e-01  5.50125473e-01  5.83355689e-01  7.10066113e-01
    3.48126446e-01  6.18402086e-01]
  [ 3.00073150e+00  3.00023805e+00  3.00065307e+00  3.00062838e+00
    3.00003313e+00  3.00032311e+00  3.00216657e+00  3.00050733e+00
    3.00016753e+00  3.00069331e+00]
  [-4.93321474e+00 -1.03289811e+01 -1.01254773e+01 -9.67597043e+00
   -1.01538133e+01 -9.61386010e+00 -1.01255163e+01 -1.02533293e+01
   -1.01406345e+01 -9.91079702e+00]]

 [[ 1.59096228e+00  1.40330842e+00  1.13493735e+00  1.74886024e+00
    1.28750131e+00  1.25584362e+00  1.32168182e+00  1.87440569e+00
    1.42452393e+00  1.67244123e+00]
  [ 3.00330555e+00  3.00035299e+00  3.00240207e+00  3.00068305e+00
    3.00013239e+00  3.00414881e+00  3.00290442e+00  3.00172497e+00
    3.00041189e+00  3.00307705e+00]
  [-9.75458906e+00 -8.58510565e+00 -9.77212012e+00 -4.85240284e+00
   -8.98580062e+00 -9.40271763e+00 -1.02177393e+01 -9.12390120e+00
   -9.31518567e+00 -9.86399345e+00]]

 [[ 1.44965162e+00  1.73102894e+00  2.18387670e+00  1.54085881e+00
    1.49478272e+00  1.21376046e+00  1.29024880e+00  1.64878398e+00
    1.74615484e+00  7.38741517e-01]
  [ 3.00004628e+00  3.00115596e+00  3.00167068e+00  3.00055591e+00
    3.00079899e+00  3.00091036e+00  3.00215644e+00  3.00031308e+00
    3.00160297e+00  3.00063464e+00]
  [-9.48050595e+00 -8.53449369e+00 -9.43567206e+00 -9.35368806e+00
   -4.97415010e+00 -8.90938494e+00 -9.40576854e+00 -9.62605307e+00
   -9.10994406e+00 -9.02842408e+00]]

 [[ 1.13071768e+00  7.53605117e-01  1.12974914e+00  1.00807054e+00
    1.60599854e+00  1.86231452e+00  9.53097428e-01  1.16203247e+00
    2.04618988e-01  1.33880687e+00]
  [ 3.00492860e+00  3.00646971e+00  3.00502438e+00  3.00340952e+00
    3.00422104e+00  3.00779656e+00  3.00067371e+00  3.00264169e+00
    3.00256410e+00  3.00271721e+00]
  [-9.11074165e+00 -9.58018135e+00 -9.57418851e+00 -9.89227899e+00
   -8.60148602e+00 -8.63291968e+00 -9.70980822e+00 -8.91177305e+00
   -9.79719734e+00 -9.66172791e+00]]

 [[ 6.98506665e+00  5.90504702e+00  8.31197179e+00  4.87712414e+00
    7.40448548e+00  5.24432300e+00  5.53125186e+00  4.71877167e+00
    5.85563048e+00  5.71926013e+00]
  [ 3.00373213e+00  3.00875691e+00  3.00431766e+00  3.01405165e+00
    3.01852559e+00  3.00312572e+00  3.00294678e+00  3.01606416e+00
    3.01505735e+00  3.00671785e+00]
  [-7.84048498e+00 -5.01824985e+00 -5.32803682e+00 -4.47325339e+00
   -6.48615284e+00 -7.12897373e+00 -6.59267891e+00 -5.93616341e+00
   -5.16181570e+00 -8.17521588e+00]]

 [[ 7.72617481e+00  8.63830982e+00  4.53785727e+00  6.24523370e+00
    6.55022934e+00  5.22327099e+00  7.06270170e+00  8.14054666e+00
    8.89277112e+00  8.91423373e+00]
  [ 3.01243479e+00  3.00330446e+00  3.02160468e+00  3.06273200e+00
    3.01802629e+00  3.05020723e+00  3.00879324e+00  3.00129168e+00
    3.02876189e+00  3.00296384e+00]
  [-8.05736271e+00 -7.08054046e+00 -5.89230433e+00 -5.53316715e+00
   -4.99518946e+00 -9.18967627e+00 -5.76369748e+00 -8.83778695e+00
   -4.82786167e+00 -6.69446727e+00]]

 [[ 5.19013502e+00  6.20374274e+00  5.32169280e+00  6.82167822e+00
    7.08137833e+00  7.59548412e+00  3.58226180e+00  7.08161000e+00
    8.07466348e+00  3.77940066e+00]
  [ 3.00269923e+00  3.01316616e+00  3.04914703e+00  3.01248049e+00
    3.02161059e+00  3.01118493e+00  3.00188827e+00  3.03740136e+00
    3.00632694e+00  3.01633843e+00]
  [-7.20423840e+00 -7.83728177e+00 -6.86157233e+00 -5.22609031e+00
   -6.43082959e+00 -3.53447390e+00 -4.36457102e+00 -8.30280920e+00
   -7.67504538e+00 -3.96465686e+00]]

 [[ 4.98363567e+01  4.65561632e+01  3.50144990e+01  4.08780155e+01
    4.61957165e+01  5.84772302e+01  4.54247800e+01  4.12960526e+01
    4.60365190e+01  1.72591636e+01]
  [ 3.09447332e+00  3.14874559e+00  3.13500573e+00  3.50783151e+00
    3.14644682e+00  3.02677386e+00  3.24651687e+00  3.09206008e+00
    3.05191589e+00  3.01165607e+00]
  [-7.23117836e+00 -4.21537862e+00 -4.45380284e+00 -2.16917756e+00
   -3.63163758e+00 -2.54518532e+00 -2.65271460e+00 -6.11139477e+00
   -3.43586840e+00 -3.20924369e+00]]

 [[ 5.29806075e+01  3.47864324e+01  5.97113534e+01  3.88422774e+01
    4.46576233e+01  4.45070926e+01  5.59932421e+01  4.60262135e+01
    4.28941651e+01  6.60855740e+01]
  [ 3.11118062e+00  3.00518850e+00  3.38660914e+00  3.03781915e+00
    3.01933829e+00  3.00074551e+00  3.30277652e+00  3.10829941e+00
    3.01107434e+00  3.15506205e+00]
  [-2.31980461e+00 -3.06209207e+00 -5.96514938e+00 -3.03036085e+00
   -2.65525140e+00 -3.57107695e+00 -3.37902865e+00 -4.10857099e+00
   -2.96124076e+00 -3.10775806e+00]]

 [[ 3.37603553e+01  3.76853748e+01  5.02703311e+01  6.40337160e+01
    4.51700176e+01  3.03433978e+01  4.89991689e+01  2.62665411e+01
    4.60777113e+01  5.03475405e+01]
  [ 3.01342587e+00  3.02833594e+00  3.04994484e+00  3.11558225e+00
    3.11357391e+00  3.07309933e+00  3.11490947e+00  3.09453376e+00
    3.02159807e+00  3.06894338e+00]
  [-3.02187645e+00 -2.68088724e+00 -2.79258896e+00 -4.20850152e+00
   -4.17120073e+00 -2.54300243e+00 -4.49241461e+00 -2.31846150e+00
   -2.40997493e+00 -3.17461024e+00]]]