-1.0754379440469868
-4.38667678665222
-9.851540486702168
-9.851540486702168
-10.06322963094241
-10.129312364162047
-10.130574749326037
-10.130574749326037
-10.133629229424962
-10.133629229424962
-10.133755128129419
-10.133755128129419
-10.133755128129419
-10.133755128129419
-10.133755128129419
-10.133755128129419
-10.148769910242592
-10.148769910242592
-10.148769910242592
-10.148769910242592
-1.076410176747379
-2.607961068765032
-2.6461327393563625
-2.6718017392684406
-2.673379508781463
-2.67931368526284
-2.67931368526284
-2.679315072639202
-2.6821876088091514
-2.6821876088091514
-2.6822566647210553
-2.6825470774278637
-2.6825470774278637
-2.6825470774278637
-2.682693580585523
-2.6827008528899685
-2.6827008528899685
-2.6827008528899685
-2.6827008528899685
-2.6827008528899685
-0.6205951800729684
-2.5477758744407923
-2.6448898284795868
-2.648471268262591
-2.6691864933733216
-2.6780406070407508
-2.6780406070407508
-2.6781083098831893
-2.6782548201926133
-2.680232866869558
-2.680232866869558
-2.680232866869558
-2.681425747844804
-2.681425747844804
-2.681706010369708
-2.6822100305173446
-2.6822100305173446
-2.6822100305173446
-2.6822100305173446
-2.6822100305173446
-2.0983047668179178
-8.850983049667915
-9.960372666507102
-9.964642196623227
-9.964642196623227
-9.964642196623227
-9.964642196623227
-10.015941240692385
-10.024596745767997
-10.132091306282737
-10.148174101096195
-10.148174101096195
-10.148174101096195
-10.148174101096195
-10.148174101096195
-10.148174101096195
-10.14855521051639
-10.14855521051639
-10.14855521051639
-10.14855521051639
-1.2439109142878912
-8.52614184159872
-9.555645805352214
-10.05361011575189
-10.05361011575189
-10.05361011575189
-10.05361011575189
-10.05361011575189
-10.114821203265466
-10.12466900674545
-10.139100587887196
-10.139100587887196
-10.139100587887196
-10.139100587887196
-10.139100587887196
-10.139100587887196
-10.142481979441703
-10.142481979441703
-10.142481979441703
-10.142481979441703
-0.7926847300272768
-2.5441564378644177
-2.6771212980329953
-2.6821694631723623
-2.6821694631723623
-2.682353895070646
-2.682353895070646
-2.6824571984360333
-2.6824571984360333
-2.6824571984360333
-2.6824571984360333
-2.6824571984360333
-2.6825399486908594
-2.6825599536594766
-2.6825599536594766
-2.6825599536594766
-2.6825599536594766
-2.6825599536594766
-2.6826183989593844
-2.6827116371586777
-0.9579074526859562
-2.5165699838941626
-2.6289097506742083
-2.6289097506742083
-2.6289097506742083
-2.6289097506742083
-2.630321786054726
-2.630321786054726
-2.630321786054726
-2.630321786054726
-2.630321786054726
-2.630321786054726
-2.630321786054726
-2.630321786054726
-2.630321786054726
-2.630321786054726
-2.6303344256401324
-2.6303344256401324
-2.6303344256401324
-2.6303344256401324
-0.8870036515371132
-2.2234601049372484
-2.6697749401785664
-2.6713420260326335
-2.6713420260326335
-2.6720074273426193
-2.6720074273426193
-2.6816598603386415
-2.6817439685433615
-2.6822374834410443
-2.6826030608719647
-2.6826030608719647
-2.6826030608719647
-2.6826030608719647
-2.6826030608719647
-2.6826030608719647
-2.6826030608719647
-2.6826030608719647
-2.6826030608719647
-2.6826030608719647
-0.7189939380921275
-2.4104765438957974
-2.565220413260547
-2.581973316239849
-2.603189079393264
-2.6062929288644643
-2.627010197908078
-2.627010197908078
-2.627010197908078
-2.630090115644952
-2.6301745396634386
-2.6301745396634386
-2.6301745396634386
-2.6301745396634386
-2.6301745396634386
-2.6301745396634386
-2.6301745396634386
-2.6301745396634386
-2.6301745396634386
-2.6301745396634386
-0.9776394267741224
-2.4519905865564247
-2.4519905865564247
-2.6215793373922676
-2.626063612507091
-2.626997276684685
-2.626997276684685
-2.627589285947017
-2.627589285947017
-2.627589285947017
-2.627589285947017
-2.6293114333688816
-2.6293114333688816
-2.629648514491622
-2.629648514491622
-2.629648514491622
-2.629648514491622
-2.629848649282442
-2.629982052018258
-2.629982052018258
-0.7600234988479506
-2.5115006053426634
-2.6724537673289017
-2.6768626421275092
-2.6815013346056804
-2.6815013346056804
-2.6815013346056804
-2.6816408444538093
-2.6817174118844282
-2.682027275750543
-2.682027275750543
-2.682297374222909
-2.682297374222909
-2.682297374222909
-2.682297374222909
-2.6825860619623683
-2.6825860619623683
-2.682703805154899
-2.682703805154899
-2.682703805154899
-0.713079785135171
-4.297860117507842
-5.058739760855891
-5.085706623146308
-5.086331921174946
-5.091333009757313
-5.092231656843461
-5.093339737178502
-5.093339737178502
-5.093339737178502
-5.1006484088587385
-5.1006484088587385
-5.1006484088587385
-5.1006484088587385
-5.1006895425627645
-5.1006895425627645
-5.1006895425627645
-5.1006895425627645
-5.1006895425627645
-5.1006895425627645
-0.5735559885355132
-2.47982235765965
-2.6544898843979405
-2.6780338779934696
-2.6780338779934696
-2.6813716581808524
-2.6813972293196278
-2.681703389364089
-2.6828424137285904
-2.6828424137285904
-2.6828424137285904
-2.6828424137285904
-2.6828424137285904
-2.6828424137285904
-2.6828424137285904
-2.6828424137285904
-2.6828424137285904
-2.6828424137285904
-2.6828424137285904
-2.6828424137285904
-2.4178383749233543
-4.002969264188274
-4.915189600332436
-4.942369093983325
-4.942369093983325
-5.014498484609038
-5.027455249275832
-5.027455249275832
-5.05211393392183
-5.05211393392183
-5.05211393392183
-5.052507733214143
-5.052507733214143
-5.052507733214143
-5.052507733214143
-5.052507733214143
-5.052507733214143
-5.052882868178107
-5.053232336008928
-5.053232336008928
-0.8948260560231591
-7.22337958639002
-9.909040974061694
-9.969931564031512
-9.979600065609137
-10.0999225905514
-10.150261868931402
-10.150261868931402
-10.150261868931402
-10.150261868931402
-10.150261868931402
-10.150261868931402
-10.150261868931402
-10.150261868931402
-10.150261868931402
-10.150261868931402
-10.150859426168964
-10.150859426168964
-10.150859426168964
-10.150859426168964
-1.095967942271706
-4.716328626512483
-5.057906179131452
-5.082115486443021
-5.082115486443021
-5.082115486443021
-5.082115486443021
-5.094893565685717
-5.094893565685717
-5.094893565685717
-5.094893565685717
-5.095326806031145
-5.095326806031145
-5.096875238184291
-5.096875238184291
-5.096875238184291
-5.097131945672568
-5.097131945672568
-5.098826685649601
-5.098826685649601
-0.8070619772818445
-2.622180057461049
-2.661482765694185
-2.6678763792807265
-2.674595088382833
-2.674595088382833
-2.674595088382833
-2.6815962903480286
-2.681804390080214
-2.681849104968606
-2.681849104968606
-2.681849104968606
-2.681849104968606
-2.681849104968606
-2.681849104968606
-2.681849104968606
-2.68185777687487
-2.68185777687487
-2.68185777687487
-2.681967805627917
-0.8495568492781843
-2.7991253902750617
-4.437239295032575
-4.955790734730179
-4.984927628706365
-4.986184269185057
-4.986313446629238
-4.997186609258143
-5.042277608444463
-5.042277608444463
-5.046515800533948
-5.047514670815396
-5.047514670815396
-5.05035665560067
-5.050445385471007
-5.05157813502259
-5.05157813502259
-5.05157813502259
-5.052293650544811
-5.052293650544811
-0.6375183021270524
-5.0952328021722595
-5.0952328021722595
-5.0952328021722595
-5.0952328021722595
-5.099102073945563
-5.099102073945563
-5.099136804761806
-5.099136804761806
-5.099526440415136
-5.099526440415136
-5.099526440415136
-5.100248721897541
-5.100248721897541
-5.100248721897541
-5.100248721897541
-5.100248721897541
-5.100248721897541
-5.100248721897541
-5.100248721897541
-0.6217425993045418
-2.067572051039799
-2.547514372701664
-2.6120698424302766
-2.6228340051533867
-2.6238105253768973
-2.627261889666368
-2.628016822520519
-2.628016822520519
-2.6284940492919833
-2.62887503988843
-2.6288970005148498
-2.630367633270076
-2.630367633270076
-2.630367633270076
-2.630423049259524
-2.630423049259524
-2.630423049259524
-2.630423049259524
-2.6304275320629005
-0.7751021452453529
-2.4161819206486705
-2.630372203366299
-2.672230381547682
-2.672230381547682
-2.672873331439434
-2.673918702532898
-2.673918702532898
-2.673918702532898
-2.673918702532898
-2.6819444032701454
-2.681987755450436
-2.681987755450436
-2.681987755450436
-2.6820009351665655
-2.682058220572498
-2.682058220572498
-2.682090739796933
-2.682090739796933
-2.682090739796933
-0.7226198475758019
-7.654138116754238
-9.76801354265783
-9.949096563307272
-10.010417509039751
-10.010417509039751
-10.010417509039751
-10.111784849905478
-10.111981837185171
-10.14461661932837
-10.14461661932837
-10.14461661932837
-10.14461661932837
-10.14461661932837
-10.14461661932837
-10.146007249436728
-10.146007249436728
-10.148197641406348
-10.14893129975092
-10.14893129975092
-0.5092534564692645
-2.1760989479334008
-2.4914366444725093
-2.593449777776535
-2.596806761257885
-2.6261648788423533
-2.626242977516468
-2.6303582958713743
-2.6303582958713743
-2.6303582958713743
-2.6303582958713743
-2.6303582958713743
-2.6303582958713743
-2.6303582958713743
-2.6303582958713743
-2.6303708641487633
-2.6303708641487633
-2.6303708641487633
-2.6303708641487633
-2.6303708641487633
-0.819259613632929
-4.148250471401353
-4.986939411853082
-5.083910063083038
-5.083910063083038
-5.095299124189528
-5.0953551765530944
-5.0953551765530944
-5.0953551765530944
-5.0953551765530944
-5.0953551765530944
-5.09998694565721
-5.09998694565721
-5.09998694565721
-5.09998694565721
-5.09998694565721
-5.09998694565721
-5.09998694565721
-5.09998694565721
-5.09998694565721
-0.6341952474888101
-2.1807984159929825
-8.579479032839808
-10.119250297838182
-10.12007418793191
-10.12007418793191
-10.12007418793191
-10.12007418793191
-10.12007418793191
-10.12007418793191
-10.120116641526753
-10.120116641526753
-10.137600586949643
-10.137600586949643
-10.141049823928995
-10.141049823928995
-10.141049823928995
-10.141049823928995
-10.141049823928995
-10.141049823928995
-0.4848001894299686
-8.423274092166158
-9.824932314742341
-9.875166202299168
-10.101036122352513
-10.130786590620657
-10.135939461147336
-10.135939461147336
-10.146901485699447
-10.146901485699447
-10.146901485699447
-10.146901485699447
-10.147999883443688
-10.148275824268326
-10.148275824268326
-10.149327712783556
-10.149327712783556
-10.149327712783556
-10.149327712783556
-10.149327712783556
-0.8305376561833813
-2.215404913859413
-2.567408159148522
-2.658015690727593
-2.672336435112631
-2.681603255472297
-2.6823178212666168
-2.6823178212666168
-2.6823178212666168
-2.682388976963392
-2.682485379037613
-2.6825057309878515
-2.6825057309878515
-2.6825057309878515
-2.68257817687927
-2.68257817687927
-2.68257817687927
-2.68257817687927
-2.68257817687927
-2.68257817687927
-0.6788549769497203
-7.576569298524904
-9.669873273656023
-9.874771826291987
-10.031757500233335
-10.032862085982748
-10.0352591976986
-10.064091605935776
-10.138580623437573
-10.150603409457233
-10.150603409457233
-10.15066830039239
-10.15066830039239
-10.15066830039239
-10.15066830039239
-10.151390187080825
-10.151390187080825
-10.151390187080825
-10.151390187080825
-10.151390187080825
-1.1094002761331414
-4.610627109864181
-4.894269191767952
-5.006534440221514
-5.023541264662343
-5.024607965384692
-5.050576450172903
-5.050576450172903
-5.050576450172903
-5.050576450172903
-5.050576450172903
-5.050578003978417
-5.050578003978417
-5.054700906401646
-5.054700906401646
-5.054700906401646
-5.054700906401646
-5.054700906401646
-5.054700906401646
-5.054907186940431
-0.9322354786139563
-4.816713924795625
-5.030368859815331
-5.0654592341437
-5.097882609445937
-5.097882609445937
-5.097882609445937
-5.097882609445937
-5.09822636927086
-5.098322251594025
-5.098322251594025
-5.098322251594025
-5.099035554863101
-5.099335354059532
-5.099335354059532
-5.0996223813143535
-5.0996223813143535
-5.0996223813143535
-5.0996223813143535
-5.0996223813143535
-0.932933126275625
-4.589102376885248
-4.924895956311129
-4.924895956311129
-4.924895956311129
-4.998416928654911
-5.018229872037837
-5.0433488285647154
-5.044403327795436
-5.044403327795436
-5.0454569384845485
-5.0468140677480555
-5.0468140677480555
-5.0468140677480555
-5.046890023840294
-5.046890023840294
-5.054699886083086
-5.054816449377256
-5.054816449377256
-5.054816449377256
-0.7383370983670329
-2.5180613924925614
-2.6416133706427543
-2.6416133706427543
-2.677978781196103
-2.677978781196103
-2.68146498508926
-2.68146498508926
-2.68146498508926
-2.6814687656353584
-2.6814992385247765
-2.6814992385247765
-2.6814992385247765
-2.682615775164481
-2.682676812454292
-2.682676812454292
-2.6826771915642658
-2.682720440618737
-2.682720440618737
-2.6827984935223004
-0.597922347131418
-2.510120232806037
-2.6705287047568707
-2.6706049546312176
-2.6743029042272464
-2.6816442226040618
-2.6816442226040618
-2.6817218963477476
-2.6817218963477476
-2.6817218963477476
-2.682409222924675
-2.682409222924675
-2.68255465907029
-2.68255465907029
-2.68255465907029
-2.68255465907029
-2.68255465907029
-2.6825828316421436
-2.6826171851429637
-2.6826349517071444
-1.5894645026075747
-2.5170851399289047
-2.666964522504432
-2.676034772976856
-2.68035819332062
-2.682317178946603
-2.682317178946603
-2.682317178946603
-2.6824885871908184
-2.6827747542101816
-2.6827747542101816
-2.6827747542101816
-2.6827747542101816
-2.6827747542101816
-2.6827747542101816
-2.6827747542101816
-2.6827747542101816
-2.682816619599896
-2.682816619599896
-2.682816619599896
-0.6036797930908512
-8.167066474463812
-9.326983705389111
-9.492695583861602
-10.051409536379648
-10.082117595264945
-10.083559312371897
-10.134154486406098
-10.150438744155167
-10.150438744155167
-10.150438744155167
-10.150438744155167
-10.150438744155167
-10.150438744155167
-10.150438744155167
-10.150438744155167
-10.150438744155167
-10.150438744155167
-10.150438744155167
-10.150438744155167
-1.1679022848207026
-4.818903405049788
-5.0181702106829755
-5.03320607342716
-5.03320607342716
-5.03320607342716
-5.060842802718216
-5.07123530442119
-5.098293004539995
-5.098293004539995
-5.098293004539995
-5.098293004539995
-5.098293004539995
-5.098293004539995
-5.098523522609859
-5.098523522609859
-5.098941341669835
-5.098941341669835
-5.099075739269469
-5.099075739269469
-1.1348603410557228
-2.584133102439276
-2.6196201179265532
-2.6204600840379713
-2.625179319074753
-2.625179319074753
-2.6256301802229167
-2.626959255340353
-2.6276521887230992
-2.6276521887230992
-2.6300874303922424
-2.6300874303922424
-2.6300874303922424
-2.6300874303922424
-2.6300874303922424
-2.6301303177659845
-2.6302519097139063
-2.6302519097139063
-2.6302519097139063
-2.630252783128606
-0.8594168744930618
-3.92079493093162
-4.761047906235662
-5.045897064593246
-5.053849099786364
-5.053849099786364
-5.053849099786364
-5.053849099786364
-5.053849099786364
-5.054431728733613
-5.054504760789426
-5.054504760789426
-5.054504760789426
-5.054504760789426
-5.054504760789426
-5.054504760789426
-5.05470944150198
-5.05470944150198
-5.05473305063182
-5.05473305063182
-1.6290845574283148
-4.6526559971378845
-4.892353403346137
-5.04564831334953
-5.074875457116536
-5.099141989806433
-5.099141989806433
-5.099141989806433
-5.099141989806433
-5.099141989806433
-5.099141989806433
-5.099141989806433
-5.099141989806433
-5.0997644437045695
-5.099923040052767
-5.099923040052767
-5.099923040052767
-5.099998348326457
-5.099998348326457
-5.099998348326457
-0.862673467786987
-2.6361619944069576
-2.6512137664297675
-2.6789756857592253
-2.6789756857592253
-2.682019636991302
-2.682659273282216
-2.682659273282216
-2.682659273282216
-2.682659273282216
-2.682659273282216
-2.682659273282216
-2.6826597502952625
-2.6826597502952625
-2.6826597502952625
-2.682745528759349
-2.682745528759349
-2.682745528759349
-2.6827599963378987
-2.6827599963378987
-1.442835931146043
-2.5616714343354716
-2.661293906684207
-2.661293906684207
-2.6801867472181073
-2.6808508247312988
-2.6808508247312988
-2.6808508247312988
-2.6808713432513347
-2.6808713432513347
-2.6808713432513347
-2.682192143876882
-2.682192143876882
-2.682192143876882
-2.682192143876882
-2.682192143876882
-2.682192143876882
-2.6825579445415033
-2.6825579445415033
-2.6825579445415033
-0.9602882799547443
-9.658063939724475
-10.011538787036804
-10.011538787036804
-10.015635421116663
-10.115228463870386
-10.118826506899897
-10.118826506899897
-10.118826506899897
-10.131714746503905
-10.143072491784906
-10.143072491784906
-10.150347577814967
-10.150347577814967
-10.150891000000648
-10.150891000000648
-10.150891000000648
-10.150891000000648
-10.150891000000648
-10.150891000000648
-1.2830054099601167
-4.589211512293409
-5.04305170474169
-5.04305170474169
-5.056842890558067
-5.064590046551891
-5.067121246664252
-5.0717157541594275
-5.0962006379408695
-5.0962006379408695
-5.0972823453172635
-5.0972823453172635
-5.0972823453172635
-5.0972823453172635
-5.09884675205728
-5.09884675205728
-5.09884675205728
-5.09884675205728
-5.09884675205728
-5.099306754726923
-1.105279041826523
-7.08654205404454
-9.093750489998087
-9.55703066570474
-9.810631727317652
-9.854594078004508
-9.883274205564996
-10.11918499265071
-10.128204979163264
-10.128204979163264
-10.128204979163264
-10.128204979163264
-10.128204979163264
-10.128204979163264
-10.128204979163264
-10.128204979163264
-10.128204979163264
-10.134143471191612
-10.136438895064693
-10.136438895064693
-0.47056476953388815
-4.6109867750515425
-4.926799975953232
-5.022698740308928
-5.026494897705468
-5.077642002790159
-5.077642002790159
-5.077642002790159
-5.082836893780955
-5.082836893780955
-5.082836893780955
-5.091786413543792
-5.091786413543792
-5.091786413543792
-5.092432185079695
-5.093340168416757
-5.098042010895302
-5.0991728157237635
-5.0999940030572635
-5.0999940030572635
-0.9081695314868911
-8.336537114252161
-9.942463085146873
-10.14057894429318
-10.14057894429318
-10.14057894429318
-10.14057894429318
-10.14057894429318
-10.14057894429318
-10.14057894429318
-10.140598466414737
-10.140598466414737
-10.140598466414737
-10.140598466414737
-10.140598466414737
-10.143039552239266
-10.143301056193277
-10.143301056193277
-10.143301056193277
-10.146153537839538
-1.2993904953806337
-4.7505115358876555
-9.732154865012244
-9.898938139943937
-9.923239867537365
-9.926025803286167
-10.142454204357248
-10.142454204357248
-10.142454204357248
-10.142454204357248
-10.142454204357248
-10.142454204357248
-10.142454204357248
-10.142454204357248
-10.142454204357248
-10.142454204357248
-10.142454204357248
-10.142454204357248
-10.142454204357248
-10.142454204357248
-0.4880974763654136
-6.98414984391795
-9.727591140604574
-9.845627660834433
-9.90270125387604
-10.019332030882168
-10.069031711133173
-10.084198878807241
-10.084531942729605
-10.084531942729605
-10.084531942729605
-10.084531942729605
-10.14467113607672
-10.14467113607672
-10.14467113607672
-10.14467113607672
-10.14467113607672
-10.14467113607672
-10.14467113607672
-10.14467113607672
-0.842976199783986
-4.983812024419837
-5.024394329766561
-5.0941302255762695
-5.0941302255762695
-5.097846885733048
-5.098236031397035
-5.098236031397035
-5.098236031397035
-5.098236031397035
-5.099243253874276
-5.099243253874276
-5.099243253874276
-5.099243253874276
-5.100366406401704
-5.100366406401704
-5.100366406401704
-5.100366406401704
-5.100366406401704
-5.100366406401704
-1.102459932502222
-9.215700902382885
-9.929301661943127
-9.941449597388964
-9.962983994588008
-9.962983994588008
-10.0348410509239
-10.079844804392637
-10.106764433985655
-10.132369363590575
-10.132369363590575
-10.132369363590575
-10.13861233247648
-10.143115976954338
-10.143555449980088
-10.145978973784795
-10.14631070439972
-10.14631070439972
-10.14631070439972
-10.14631070439972
-0.5791527707620361
-2.6139506623289197
-2.6247979562817694
-2.6247979562817694
-2.6293509169528884
-2.6293509169528884
-2.6293540021994906
-2.6293540021994906
-2.6293540021994906
-2.6293540021994906
-2.6293623846446375
-2.6293623846446375
-2.6293623846446375
-2.629366126941044
-2.629366126941044
-2.6296949492594797
-2.6300015110762733
-2.6300015110762733
-2.6300015110762733
-2.6300015110762733
-0.5835633248539965
-2.5475261490639047
-2.612844179145189
-2.612844179145189
-2.6264935178593727
-2.6301141129962082
-2.6301141129962082
-2.6301141129962082
-2.6301141129962082
-2.6301141129962082
-2.6301181936983165
-2.6301181936983165
-2.6301181936983165
-2.6301181936983165
-2.630129127275351
-2.630129127275351
-2.6302740238579525
-2.6302740238579525
-2.6302740238579525
-2.6302740238579525
-0.9716308700843455
-4.035545296561984
-5.048770007783868
-5.048770007783868
-5.074453803148667
-5.079899971062152
-5.087920046181738
-5.091931178994309
-5.091931178994309
-5.096671081705525
-5.100165723590014
-5.100168173100671
-5.100168173100671
-5.100168173100671
-5.100240105300772
-5.100240105300772
-5.100415421570407
-5.100415421570407
-5.100415421570407
-5.100415421570407
-0.7894064013810627
-4.698165346538589
-4.964213393133201
-4.972410523759729
-4.972410523759729
-5.029232851340449
-5.029232851340449
-5.029232851340449
-5.02944100688045
-5.02944100688045
-5.02944100688045
-5.052976827036208
-5.052976827036208
-5.052976827036208
-5.053478578167717
-5.053478578167717
-5.053478578167717
-5.053478578167717
-5.053478578167717
-5.053478578167717
-0.7449875512746322
-8.309564291174448
-10.102596411650318
-10.103329637014946
-10.103329637014946
-10.1529695861196
-10.1529695861196
-10.1529695861196
-10.1529695861196
-10.1529695861196
-10.1529695861196
-10.1529695861196
-10.1529695861196
-10.1529695861196
-10.1529695861196
-10.1529695861196
-10.1529695861196
-10.1529695861196
-10.1529695861196
-10.1529695861196
-1.6122381411854894
-2.4976548571286625
-2.610060600507458
-2.645384196716643
-2.659464556278996
-2.6794305691032974
-2.6810502728152508
-2.681088110948149
-2.681088110948149
-2.681088110948149
-2.6816986861848653
-2.6816986861848653
-2.6818049472438146
-2.6818049472438146
-2.6818049472438146
-2.68257549230201
-2.68257549230201
-2.68257549230201
-2.682642554779058
-2.682642554779058
-1.0114221516404442
-1.988207983076978
-2.6731861958244565
-2.674050803767476
-2.674050803767476
-2.674050803767476
-2.676714474824478
-2.676714474824478
-2.676714474824478
-2.6783985115365443
-2.6795947735967034
-2.6813233848538873
-2.6813233848538873
-2.6813233848538873
-2.6815311046222456
-2.6815311046222456
-2.6817329678143618
-2.6817329678143618
-2.6817329678143618
-2.6817329678143618
-0.5801085425114652
-4.781416682450637
-5.036705515833768
-5.044636385409829
-5.069923465527806
-5.0949210104169795
-5.0949210104169795
-5.0949799908076585
-5.0949799908076585
-5.0949799908076585
-5.098528131866934
-5.10001501380418
-5.10001501380418
-5.10001501380418
-5.10001501380418
-5.10001501380418
-5.10001501380418
-5.10001501380418
-5.100643330330249
-5.100643330330249
-0.6248867908741094
-2.20733246121733
-2.5054263444634026
-2.6223822884667762
-2.6232220056177638
-2.6283505485309773
-2.628931616051307
-2.628978727907359
-2.628978727907359
-2.628978727907359
-2.628978727907359
-2.628978727907359
-2.629240827919581
-2.6292875347946536
-2.6292875347946536
-2.630089812220254
-2.630089812220254
-2.6302255563915677
-2.6302255563915677
-2.6302255563915677
-1.0804483735684824
-6.953880127187
-9.829160836636126
-10.032777131343103
-10.12618370475884
-10.132015591716057
-10.132625319184285
-10.138496827151037
-10.138496827151037
-10.138496827151037
-10.138496827151037
-10.138496827151037
-10.138496827151037
-10.138496827151037
-10.138496827151037
-10.138496827151037
-10.138496827151037
-10.14366021713829
-10.152466396474399
-10.152466396474399
-1.5962184349014639
-2.5647809539884445
-2.601697517659484
-2.6128830693107097
-2.622942758726029
-2.6298299365706383
-2.6300882897115865
-2.6300882897115865
-2.6301555450509766
-2.6301555450509766
-2.6301555450509766
-2.6301555450509766
-2.6301555450509766
-2.6301996764486053
-2.6301996764486053
-2.6301996764486053
-2.630280287085755
-2.63028041605111
-2.630304591261688
-2.630304591261688
-1.1889347193976534
-10.101567981610158
-10.103431737986448
-10.103431737986448
-10.103431737986448
-10.103431737986448
-10.103431737986448
-10.136882000083482
-10.136882000083482
-10.136882000083482
-10.143564721792714
-10.143564721792714
-10.143564721792714
-10.143564721792714
-10.143564721792714
-10.152008125757687
-10.152008125757687
-10.152008125757687
-10.152008125757687
-10.152907740986043
-0.7355665073241426
-2.5823633743273384
-2.5996356545059216
-2.6478863403332324
-2.680682639753234
-2.6816753405526184
-2.6816753405526184
-2.6816881853265
-2.6816881853265
-2.6818873740640408
-2.6818873740640408
-2.6818873740640408
-2.6818873740640408
-2.6818873740640408
-2.6818873740640408
-2.6818873740640408
-2.6818873740640408
-2.6818873740640408
-2.6818873740640408
-2.6818873740640408
-0.8192386075613615
-2.5375272300014977
-2.637918783465575
-2.672236795862336
-2.6767002112276725
-2.6767002112276725
-2.6767002112276725
-2.6795239764492496
-2.6795239764492496
-2.6795239764492496
-2.6795239764492496
-2.6795239764492496
-2.6795239764492496
-2.6808974453976475
-2.6808974453976475
-2.6808974453976475
-2.6808974453976475
-2.6808974453976475
-2.6808974453976475
-2.6808974453976475
-0.6760452758472578
-2.331256149068758
-2.582868807763373
-2.6217270632390397
-2.624372899564846
-2.625643699398289
-2.625643699398289
-2.6260572690640904
-2.6295134534311893
-2.6295134534311893
-2.6295134534311893
-2.6295134534311893
-2.6295134534311893
-2.6295134534311893
-2.6295134534311893
-2.6295134534311893
-2.6299006045389954
-2.6299006045389954
-2.6299006045389954
-2.6299006045389954
-0.8671303604563956
-5.4585114575553275
-8.030229871154948
-9.739934796538662
-10.053340361169063
-10.089920573820159
-10.13527313943822
-10.13527313943822
-10.144603989082892
-10.144603989082892
-10.144603989082892
-10.144603989082892
-10.146732246947833
-10.146732246947833
-10.150510013065498
-10.150510013065498
-10.150510013065498
-10.150510013065498
-10.150510013065498
-10.152501102377418
-1.294009591953663
-2.6214479219170457
-2.6780993649515303
-2.6781231703590898
-2.6781231703590898
-2.678646630433715
-2.678646630433715
-2.6786620794921636
-2.6810891723519434
-2.6811917578684663
-2.6814324743688305
-2.6818189763446934
-2.6818189763446934
-2.6818189763446934
-2.68232855745677
-2.6828319069380493
-2.6828319069380493
-2.6828319069380493
-2.6828319069380493
-2.6828319069380493
-0.5383740948122221
-6.9716641044892524
-10.049585852797476
-10.049585852797476
-10.051194916395458
-10.054558541911351
-10.144015781513998
-10.147457717268773
-10.150884422241237
-10.150884422241237
-10.150884422241237
-10.150884422241237
-10.15109449470054
-10.15109449470054
-10.15109449470054
-10.15109449470054
-10.15109449470054
-10.15109449470054
-10.151549195173102
-10.151549195173102
-0.884979364709339
-4.1959410978689275
-4.8382804982162675
-4.976036637737694
-5.078648218572131
-5.097953616663977
-5.097953616663977
-5.097953616663977
-5.097953616663977
-5.097953616663977
-5.097953616663977
-5.097953616663977
-5.097953616663977
-5.097953616663977
-5.097953616663977
-5.097953616663977
-5.097953616663977
-5.097953616663977
-5.097953616663977
-5.097953616663977
-1.0392879949849971
-8.727187972159461
-9.304017827712128
-9.498703549268551
-9.945508938753997
-9.945508938753997
-9.977388015804268
-10.040628484891714
-10.040628484891714
-10.13833059663186
-10.139733838770484
-10.144286451242483
-10.150181649921102
-10.150181649921102
-10.150181649921102
-10.150181649921102
-10.150181649921102
-10.150513339996554
-10.150513339996554
-10.150513339996554
-0.9893047653499849
-3.973503313188602
-5.032699741750848
-5.032699741750848
-5.032699741750848
-5.043980527779628
-5.044009637814504
-5.04463841841409
-5.050548260233408
-5.0527312086755245
-5.05341881552944
-5.053705852939378
-5.054401105358817
-5.054401105358817
-5.054401105358817
-5.054401105358817
-5.054519214816675
-5.054519214816675
-5.054519214816675
-5.054519214816675
-0.9903296899054667
-4.9130716936298935
-5.044132990902431
-5.055373986399677
-5.088307857721097
-5.098031844294444
-5.098031844294444
-5.098343667538972
-5.098428892308655
-5.098428892308655
-5.098428892308655
-5.099401395154275
-5.099401395154275
-5.099401395154275
-5.099401395154275
-5.099401395154275
-5.099401395154275
-5.099401395154275
-5.099401395154275
-5.099401395154275
-1.4283679848337458
-2.572682640305048
-2.6027761090979333
-2.6170655085632575
-2.6170655085632575
-2.6187014100636223
-2.6189931490270317
-2.6195905310819696
-2.6285293981152233
-2.6291967712537563
-2.6291967712537563
-2.6293659857910425
-2.6293659857910425
-2.6293659857910425
-2.6293659857910425
-2.6293659857910425
-2.630271509306761
-2.630271509306761
-2.630271509306761
-2.6303343745322945
-0.7222520792886891
-4.200107529753413
-4.3586668460441755
-5.015392698921605
-5.024015741426346
-5.075844211056771
-5.084141554840001
-5.097790610855554
-5.099507487035396
-5.099507487035396
-5.099582669777042
-5.099582669777042
-5.0997883606570324
-5.0997883606570324
-5.0997883606570324
-5.0997883606570324
-5.099870265324469
-5.099870265324469
-5.099870265324469
-5.100016809959941
-0.4925268702867478
-5.9136200085201525
-8.790808578837384
-9.753370434822541
-9.753370434822541
-10.122177870038465
-10.12470866349357
-10.12470866349357
-10.127185308311239
-10.127889054840397
-10.149394973304194
-10.149394973304194
-10.152044385677579
-10.152163504695427
-10.152163504695427
-10.152163504695427
-10.152163504695427
-10.152163504695427
-10.152200470006333
-10.152200470006333
-1.0023524761785385
-2.603005857799815
-2.628621496254542
-2.628621496254542
-2.6288115795804305
-2.6293589048512773
-2.6294146336843998
-2.629745248445298
-2.6300882486908637
-2.6300882486908637
-2.6300882486908637
-2.6300882486908637
-2.630163972259397
-2.6304275038975975
-2.6304275038975975
-2.6304275038975975
-2.6304275038975975
-2.6304275038975975
-2.6304275038975975
-2.630440319875176
-0.8068002693160862
-6.883081943013261
-9.716958729861712
-9.773789072078705
-9.825879040318478
-9.869303467700018
-10.094309764374009
-10.10911244916335
-10.10911244916335
-10.112049233483287
-10.113488302046104
-10.113488302046104
-10.113488302046104
-10.113488302046104
-10.113553316551926
-10.121319718646198
-10.121319718646198
-10.121319718646198
-10.121319718646198
-10.121319718646198
-1.4127666865226167
-4.784199526581902
-5.039811944051208
-5.039897577792027
-5.04476854885122
-5.04476854885122
-5.04476854885122
-5.04476854885122
-5.04476854885122
-5.045972785603083
-5.045972785603083
-5.052270996503912
-5.052303562749637
-5.052303562749637
-5.052303562749637
-5.053443082578256
-5.053443082578256
-5.053443082578256
-5.053443082578256
-5.053443082578256
-0.6653863505822635
-1.7990478673420551
-2.6748531225161
-2.6748531225161
-2.681270369668755
-2.681818013802088
-2.6823549988065722
-2.6823549988065722
-2.6823549988065722
-2.6827837375265196
-2.6827837375265196
-2.6828116297784415
-2.6828116297784415
-2.6828116297784415
-2.6828116297784415
-2.6828116297784415
-2.6828116297784415
-2.6828116297784415
-2.682816845330641
-2.682816845330641
-0.9578132066247541
-9.280152623220609
-9.915284689153843
-9.930234096606382
-9.979925121307401
-9.979925121307401
-10.107116317694
-10.107116317694
-10.107116317694
-10.123731346813335
-10.123731346813335
-10.129564364663372
-10.129564364663372
-10.129564364663372
-10.129564364663372
-10.129564364663372
-10.129564364663372
-10.131717329814037
-10.131717329814037
-10.131717329814037
-1.051423554873647
-8.066066492476049
-9.104296096936977
-9.843390301743304
-9.861314453899046
-10.085301390118309
-10.09081571394731
-10.09522111319331
-10.129737988214027
-10.129737988214027
-10.129737988214027
-10.129737988214027
-10.129737988214027
-10.129737988214027
-10.135226197190239
-10.135226197190239
-10.142373295915181
-10.142373295915181
-10.142373295915181
-10.142373295915181
-0.8811054526332287
-4.601495481284538
-5.027369593120683
-5.070410714081983
-5.070410714081983
-5.070410714081983
-5.093264164259007
-5.093264164259007
-5.093264164259007
-5.093264164259007
-5.093264164259007
-5.096559891686902
-5.097408865231651
-5.097789440020776
-5.097789440020776
-5.097796344397049
-5.100412692132795
-5.100412692132795
-5.100412692132795
-5.100412692132795
-0.7871814574425676
-2.650612760713742
-2.6742906529189154
-2.6764700021103836
-2.6805069077408583
-2.6820096963750824
-2.6820096963750824
-2.6820096963750824
-2.68220899869181
-2.68220899869181
-2.6822840421946883
-2.6822840421946883
-2.6822840421946883
-2.6822840421946883
-2.6824915002996503
-2.6824915002996503
-2.6824915002996503
-2.6824915002996503
-2.6824915002996503
-2.6824915002996503
-0.7892695035512309
-7.098383198402959
-8.908072576711813
-9.399426822414172
-10.1110715321472
-10.113949286892725
-10.113949286892725
-10.118540004150706
-10.12091962792731
-10.12091962792731
-10.12091962792731
-10.12113197135215
-10.12113197135215
-10.13531496716781
-10.13531496716781
-10.13531496716781
-10.13531496716781
-10.13531496716781
-10.13531496716781
-10.144509484536702
-0.7132896442988522
-2.647079303043845
-2.664405662903616
-2.664405662903616
-2.6801674643282634
-2.680850769646742
-2.681165219799341
-2.681165219799341
-2.681673458458208
-2.681680950730426
-2.681726190273207
-2.681726190273207
-2.681726190273207
-2.681726190273207
-2.681726190273207
-2.681911047105461
-2.682263493672717
-2.682263493672717
-2.6822849550459895
-2.682373909805901
-1.2852574171088444
-3.9957536453086155
-4.683370722424652
-5.026046856211947
-5.029935568189102
-5.029935568189102
-5.045406241144147
-5.045406241144147
-5.0472062098520825
-5.0472062098520825
-5.048553464995514
-5.054920985154776
-5.054920985154776
-5.054920985154776
-5.054920985154776
-5.054920985154776
-5.0549796861177905
-5.055027891528823
-5.055027891528823
-5.055027891528823
-0.8739513343558648
-8.524050395928748
-8.879432293518201
-9.58655853092966
-9.947526213057532
-9.947526213057532
-10.106769826221239
-10.107394930771962
-10.130663191520801
-10.134186938051933
-10.134186938051933
-10.134186938051933
-10.134186938051933
-10.134186938051933
-10.135111020513873
-10.150853072347177
-10.150853072347177
-10.150853072347177
-10.150925937762466
-10.152802059451533
-0.8322072824726131
-2.2954306924475256
-2.634523549466702
-2.6813614575626263
-2.6813614575626263
-2.682084525628721
-2.682389360783231
-2.682389360783231
-2.682389360783231
-2.682389360783231
-2.682389360783231
-2.682467321830962
-2.682467321830962
-2.6826996875639644
-2.6827568837875053
-2.6827568837875053
-2.6827568837875053
-2.6827568837875053
-2.6827568837875053
-2.6827568837875053
-0.7088058708344929
-2.579679424924891
-2.615238062641936
-2.615238062641936
-2.621471817509722
-2.628409304799849
-2.628409304799849
-2.6285865848067496
-2.6286389075555467
-2.629035207718321
-2.629049261122896
-2.629049261122896
-2.6294832432581723
-2.6294832432581723
-2.6296518544052563
-2.6296518544052563
-2.629992813389975
-2.629992813389975
-2.6302933694729824
-2.6302933694729824
-0.6427362937399318
-4.125970467457287
-4.553349973392569
-4.94681778585726
-5.095838702049515
-5.097213495328584
-5.097235829128844
-5.099851067696739
-5.099851067696739
-5.100240727616359
-5.100240727616359
-5.100240727616359
-5.100240727616359
-5.100240727616359
-5.100240727616359
-5.100240727616359
-5.100349962772585
-5.100349962772585
-5.100349962772585
-5.100349962772585
-0.7715450300497959
-2.895938134917981
-4.328007424222262
-5.025100160789041
-5.046521805865748
-5.046521805865748
-5.052565905830259
-5.09369314119743
-5.094407244069362
-5.094880064713943
-5.094880064713943
-5.094880064713943
-5.095872228012746
-5.095872228012746
-5.100574899343784
-5.100574899343784
-5.100574899343784
-5.100577903397979
-5.100577903397979
-5.100577903397979
-0.8770037935993573
-4.541983477671138
-4.992912338315153
-5.094493448354073
-5.09778884597111
-5.09778884597111
-5.09778884597111
-5.09778884597111
-5.09778884597111
-5.09778884597111
-5.09778884597111
-5.09778884597111
-5.09778884597111
-5.099986501483679
-5.099986501483679
-5.099986501483679
-5.099986501483679
-5.100108714687532
-5.100108714687532
-5.100108714687532
-1.4144801850479134
-3.9580912404003015
-4.6893619268974085
-4.959778725741207
-4.973210464214323
-5.001666694325873
-5.001666694325873
-5.052775030783894
-5.052775030783894
-5.052775030783894
-5.052775030783894
-5.052775030783894
-5.052775030783894
-5.052775030783894
-5.052775030783894
-5.052775030783894
-5.052775030783894
-5.052775030783894
-5.052775030783894
-5.052775030783894
-0.8723377255052752
-2.500539348310964
-2.5508365316013855
-2.678000039717883
-2.6821364092266253
-2.6821364092266253
-2.6821384731093953
-2.6821384731093953
-2.6822813954941465
-2.6822813954941465
-2.6822813954941465
-2.6822813954941465
-2.6822813954941465
-2.6822813954941465
-2.682295486143472
-2.682295486143472
-2.682300617198081
-2.6823167131339845
-2.682453207323163
-2.682453207323163
-0.6882302431577564
-4.787686079602234
-5.04741959236705
-5.082943259613093
-5.084634526760549
-5.084634526760549
-5.0902412513577975
-5.09299265044208
-5.09299265044208
-5.093025178686098
-5.093176334963623
-5.097184848442905
-5.097184848442905
-5.097184848442905
-5.097184848442905
-5.0984927436422085
-5.0984927436422085
-5.0984927436422085
-5.098533407620479
-5.098533407620479
-0.8924669015346183
-3.5530199930030424
-4.848589578872031
-5.067303049964268
-5.079354597648648
-5.079354597648648
-5.087164301451507
-5.090431759390725
-5.090431759390725
-5.090431759390725
-5.090431759390725
-5.090431759390725
-5.099358908512039
-5.099358908512039
-5.099358908512039
-5.099358908512039
-5.099358908512039
-5.099358908512039
-5.099358908512039
-5.099358908512039
-1.0230715611675625
-4.442239439311161
-8.094972964891756
-8.7307464468368
-10.097135385328032
-10.148191515377269
-10.149595711982728
-10.15064611335327
-10.15064611335327
-10.15064611335327
-10.15064611335327
-10.152526754012984
-10.152526754012984
-10.152526754012984
-10.152526754012984
-10.152526754012984
-10.152526754012984
-10.152526754012984
-10.152526754012984
-10.152526754012984
-1.010742372011659
-1.9714292486442218
-2.6416459090475524
-2.67112812986388
-2.67112812986388
-2.67112812986388
-2.6799959823352895
-2.6799959823352895
-2.6799959823352895
-2.6802788540981703
-2.6802788540981703
-2.6810190024078984
-2.6810190024078984
-2.6810190024078984
-2.6810190024078984
-2.6810190024078984
-2.6814091288348516
-2.6814091288348516
-2.6814091288348516
-2.6814091288348516
-0.8343184020430008
-9.316717638919576
-9.731163172283734
-9.731163172283734
-10.021314290451127
-10.11887283103871
-10.11887283103871
-10.11887283103871
-10.11887283103871
-10.11887283103871
-10.11887283103871
-10.132950968643721
-10.132950968643721
-10.132950968643721
-10.132950968643721
-10.142119050105626
-10.144778463374076
-10.14743704327163
-10.14743704327163
-10.14743704327163
-1.1861791386206655
-3.5781120801161763
-4.973916652385093
-4.976808021994134
-5.020200421993924
-5.031807006273707
-5.032036752664447
-5.039416575291963
-5.048902121901065
-5.048902121901065
-5.048902121901065
-5.053531602341253
-5.053531602341253
-5.053531602341253
-5.053531602341253
-5.054077167158035
-5.054077167158035
-5.054077167158035
-5.054077167158035
-5.054077167158035
-1.922613026256892
-8.972376317381123
-10.13011177590858
-10.138055962187071
-10.138055962187071
-10.144853994273841
-10.144853994273841
-10.144853994273841
-10.144853994273841
-10.15106927845276
-1.262336500870322
-4.676415947441917
-5.001430291717397
-5.0360131824412795
-5.046510156056561
-5.048185871761309
-5.048185871761309
-5.050438846878185
-5.052527147200806
-5.052527147200806
-1.7227180955647683
-2.5807775017547123
-2.6205064690933364
-2.66068488680631
-2.681274123295693
-2.681274123295693
-2.6819945215562297
-2.682066242167109
-2.682066242167109
-2.682088341644515
-1.055165816235651
-9.533576931149721
-9.635660855713613
-10.106577204198961
-10.111736102181112
-10.111736102181112
-10.111736102181112
-10.115156465127555
-10.121209992744054
-10.139027851090372
-1.8517288972513228
-2.585470290221363
-2.6662369413891507
-2.676515277986104
-2.6786302180290655
-2.681215904219391
-2.681215904219391
-2.681215904219391
-2.6820570329126086
-2.682845530766565
-1.3529190458823945
-9.86313017506628
-10.146864865942215
-10.146864865942215
-10.146864865942215
-10.150349914803625
-10.150349914803625
-10.150349914803625
-10.150503073856974
-10.150503073856974
-0.9851286896289452
-2.5896497727114522
-2.6056725562744374
-2.6056725562744374
-2.6237076256741636
-2.6241725828567692
-2.625500680834122
-2.625500680834122
-2.6288509390748813
-2.6295175365700096
-1.045112923296101
-9.017295474359152
-9.63799894862548
-10.005687580240698
-10.146059910799735
-10.146059910799735
-10.146059910799735
-10.149172939889198
-10.149172939889198
-10.149172939889198
-0.9929329148704648
-2.3999386706268506
-2.567775416995372
-2.6151891162341023
-2.623060074934725
-2.6233546282255276
-2.628804878684233
-2.629746916868466
-2.6302454280454355
-2.6302454280454355
-0.9234229779713918
-8.961289989112677
-10.13185508293498
-10.13185508293498
-10.139595471083382
-10.139595471083382
-10.151165139073406
-10.151165139073406
-10.151823326536583
-10.151823326536583
-1.4426705284518784
-4.514632407259414
-5.021920290444609
-5.04766449133973
-5.052341996734269
-5.055035903467337
-5.055035903467337
-5.055116008823058
-5.055116008823058
-5.055116008823058
-1.4516945006975566
-9.055159739379365
-10.08391348801034
-10.102212539728301
-10.102212539728301
-10.11110102451415
-10.133260732064269
-10.133260732064269
-10.138968539534302
-10.138968539534302
-0.6756860586517732
-9.17270217446468
-10.066416006769002
-10.099081680726243
-10.10528515819191
-10.123540313555745
-10.123540313555745
-10.135465622014376
-10.135465622014376
-10.139563516652917
-1.1033791866080058
-9.899278223507192
-10.074610988731147
-10.07619435921186
-10.115840496659652
-10.115840496659652
-10.116567649302072
-10.15055426904752
-10.15055426904752
-10.15084811628247
-1.522013874300854
-5.003595992334778
-5.011968906660227
-5.0938733002408725
-5.0938733002408725
-5.09808521980535
-5.09808521980535
-5.09808521980535
-5.09808521980535
-5.10018737188759
-0.5456205658172054
-2.5875474063356063
-2.6707302301027505
-2.673307442702317
-2.673307442702317
-2.6788836260582136
-2.6816925253820356
-2.6816925253820356
-2.681884337414253
-2.681884337414253
-0.723911157383488
-2.678166742644182
-2.678166742644182
-2.68067525213076
-2.68067525213076
-2.681785301444469
-2.6820348845336657
-2.6820348845336657
-2.6820348845336657
-2.682430125185311
-1.4904850104205918
-5.010492691009116
-5.086802950614081
-5.086802950614081
-5.086802950614081
-5.096874719639172
-5.0994852738703855
-5.100099622567887
-5.100099622567887
-5.100315617130583
-0.9977902994083866
-2.6208187139023584
-2.6455490005972724
-2.6737035753214995
-2.6774960835051407
-2.6774960835051407
-2.6795227165077447
-2.6795859764639087
-2.6795859764639087
-2.682298346408384
-1.4661837522824888
-2.6168724176423037
-2.6299233587264115
-2.6299233587264115
-2.6299233587264115
-2.6299233587264115
-2.6299233587264115
-2.6301285515478945
-2.6301285515478945
-2.6301285515478945
-1.016614999991658
-5.0038006132125785
-5.080002985598874
-5.080002985598874
-5.080005165438691
-5.093080126707075
-5.099446941909298
-5.099446941909298
-5.0998487539714
-5.100292688033856
-0.7623790320051816
-2.6750535728787206
-2.68075527895649
-2.6813120018965932
-2.6813120018965932
-2.6822676513985746
-2.6822676513985746
-2.6823570240116266
-2.6823570240116266
-2.682421903313375
-2.437195103944145
-8.53548456672772
-10.091205330916251
-10.120393192629317
-10.139034468653978
-10.1495511165773
-10.149599246023872
-10.150372135893035
-10.150372135893035
-10.150372135893035
-1.0317489595987213
-9.52761185217839
-9.697578825184367
-10.045597721299288
-10.138830910765732
-10.139707249679297
-10.142695595409457
-10.146038018327268
-10.146038018327268
-10.146038018327268
-1.1350943710091934
-2.613270314732477
-2.6799378483261576
-2.6799378483261576
-2.681193641039153
-2.6813132257953187
-2.6813132257953187
-2.6813132257953187
-2.6813269567164855
-2.6816225904640136
-1.4953815567977853
-9.549477052139718
-9.883817143873634
-10.089069521682342
-10.136934311843715
-10.141286862395738
-10.142409606708878
-10.142409606708878
-10.142409606708878
-10.144928655105224
-1.4386873373595643
-4.912956485963644
-5.073250638469053
-5.085617070438537
-5.093412387125981
-5.09581250060323
-5.098117505411219
-5.099313289158243
-5.099523410969586
-5.099976572663227
-1.1500602003031377
-2.437654715695496
-2.6227236331018977
-2.6276761457499465
-2.628735726427939
-2.628735726427939
-2.6297887934180664
-2.6297887934180664
-2.6297887934180664
-2.629990065980839
-1.4039929002992517
-9.872082050348167
-10.141642666870585
-10.143305571712213
-10.143305571712213
-10.143305571712213
-10.143305571712213
-10.143305571712213
-10.146344365411638
-10.146344365411638
-1.103220143419351
-2.6531417161651007
-2.6762221098712407
-2.6762221098712407
-2.6762221098712407
-2.6788072299551184
-2.682404061735971
-2.682404061735971
-2.682404061735971
-2.6827194175602442
-1.1982264282004382
-9.255898890494816
-10.07449220698061
-10.122292828261148
-10.122292828261148
-10.122292828261148
-10.137174076328373
-10.142056693959473
-10.142056693959473
-10.150030859338171
-0.758832537136289
-2.6550826487490253
-2.670734919322849
-2.670795495099056
-2.670795495099056
-2.678811606131301
-2.6824260771303363
-2.6828278208091807
-2.6828278208091807
-2.682828578617731
-1.221274954372637
-4.778288288642637
-4.9742299443303635
-5.060404294450591
-5.063115904878025
-5.072584419291278
-5.084695506543558
-5.084695506543558
-5.094203546299116
-5.099432798119733
-1.4846776990603288
-3.901193160634256
-5.0365079896030585
-5.08248086291502
-5.08248086291502
-5.08248086291502
-5.0908282640266584
-5.098755579265457
-5.098755579265457
-5.098970572037721
-0.7774531311750714
-8.685778414782545
-9.929377266876594
-10.076400104286575
-10.130570679772402
-10.130570679772402
-10.130570679772402
-10.131241177800218
-10.145857497738529
-10.146445719375821
-1.3601275647745075
-2.5545775556532333
-2.6141556803552874
-2.6141556803552874
-2.615932580368928
-2.6270797862370046
-2.6298283603377928
-2.6298283603377928
-2.6298283603377928
-2.6298283603377928
-1.22160186354885
-10.086812429573511
-10.111535510909647
-10.138821979270048
-10.138821979270048
-10.14833436224676
-10.14833436224676
-10.148812282528747
-10.14887100847847
-10.15259592688928
-1.3637501737382736
-9.984481616168848
-10.099332073435303
-10.099841090195467
-10.099841090195467
-10.099841090195467
-10.13908710272489
-10.13908710272489
-10.13908710272489
-10.142185986811997
-1.1334017437547583
-5.029054187439878
-5.0419058741445015
-5.062003891924202
-5.062968140764399
-5.090558518543134
-5.097801349382843
-5.097801349382843
-5.097801349382843
-5.097801349382843
-1.36827243570778
-2.608954373505667
-2.625688630847015
-2.6258809536974086
-2.6301213050593777
-2.6301213050593777
-2.6301213050593777
-2.6301213050593777
-2.63020734286901
-2.63020734286901
-1.5254695875080508
-4.890333229095048
-5.047858613140004
-5.047858613140004
-5.048281701905036
-5.049657493178751
-5.053346658089363
-5.053346658089363
-5.054917012954278
-5.054917012954278
-0.7087887386751173
-2.6337893654055113
-2.6731072107840435
-2.6820389619614415
-2.682249060389018
-2.682249060389018
-2.682249060389018
-2.6825910330962195
-2.6825910330962195
-2.6825910330962195
-0.6960354154688307
-4.77593667403187
-4.931717256654122
-5.045102232549724
-5.045102232549724
-5.045102232549724
-5.049341573770557
-5.051785641230209
-5.053910994547794
-5.053910994547794
-2.2760344949505966
-4.707935389921894
-5.0188777692219
-5.0241097493611955
-5.037285767900355
-5.054169703826864
-5.054169703826864
-5.054169703826864
-5.054169703826864
-5.054169703826864
-1.1734049465653533
-2.5828094328245856
-2.6768257340336805
-2.6810967471771354
-2.6810967471771354
-2.6823331837780806
-2.682390621566468
-2.6824489660436153
-2.6824489660436153
-2.6824489660436153
-1.2886165088713188
-2.6355663919629637
-2.674526453839841
-2.6820679629582616
-2.6820679629582616
-2.6823245590289515
-2.682325032781386
-2.6823396570058344
-2.6823396570058344
-2.6823396570058344
-0.9667262849467717
-9.029191859547295
-9.883049593153563
-9.975089342744221
-10.10218875706011
-10.102497005936646
-10.102497005936646
-10.12815447049883
-10.144601282846759
-10.152286103890376
-1.2207212532043403
-4.817181738782396
-5.093811510438012
-5.093811510438012
-5.096938693722178
-5.096938693722178
-5.097159669387354
-5.097159669387354
-5.097159669387354
-5.097159669387354
-0.965618312318175
-9.343459842754472
-9.593970873144036
-9.97112687342909
-10.068760390882632
-10.071154608412188
-10.100853093887915
-10.100853093887915
-10.152334131466253
-10.152334131466253
-1.8445645924306182
-4.857698585956678
-5.0926992045715975
-5.093350727227704
-5.093350727227704
-5.094251633486022
-5.095773170843232
-5.095935088974975
-5.0960595541480345
-5.097811048570371
-1.4569313833693076
-4.877859352961604
-5.057593354775316
-5.079966309769243
-5.079966309769243
-5.091014928590069
-5.091014928590069
-5.091014928590069
-5.097694450100622
-5.0979923778313685
-0.8226670681096231
-8.829611578094102
-9.352244751138683
-10.072765133758296
-10.101457173197426
-10.104832674334162
-10.124527690139216
-10.124527690139216
-10.129926232894016
-10.129926232894016
-1.0830861378024295
-4.760264993732514
-4.916460627443795
-5.074944347541894
-5.097885072648639
-5.1002683476628725
-5.1002683476628725
-5.1002683476628725
-5.100715152421927
-5.100715152421927
-1.0367956281250932
-4.837979062420204
-4.979394160415692
-5.003824330302247
-5.041335171509275
-5.044530326739757
-5.048843472105015
-5.049760717601213
-5.0536628999369055
-5.05406034852813
-1.07942418304837
-4.89422337138083
-5.063102018540597
-5.063818593614471
-5.064032322733962
-5.082185628935411
-5.094958723164507
-5.0951527878795675
-5.096970212739327
-5.100184436547757
-0.7636047673901696
-4.911476448241975
-4.947940216895995
-4.999650837487672
-5.0349245245839205
-5.05175063232758
-5.05175063232758
-5.053779032088888
-5.053779032088888
-5.053779032088888
-0.6539548186902752
-7.20388613514913
-10.062099967266215
-10.12697149709657
-10.12697149709657
-10.139926957695684
-10.147931027507601
-10.147931027507601
-10.147931027507601
-10.15289209301125
-0.7247422059327496
-7.875366183625381
-9.798286459416678
-10.116080273332859
-10.11702284243089
-10.11702284243089
-10.136121060062443
-10.136121060062443
-10.15240935195799
-10.15240935195799
-1.5870580540472294
-2.571471672217289
-2.6811314217763207
-2.681279651786287
-2.681279651786287
-2.682554224180137
-2.6825869060917635
-2.6825869060917635
-2.682594706342802
-2.682691613757205
-0.963669187544266
-8.878912666430859
-9.84148158464757
-9.991486403480218
-10.037943631424502
-10.124489180068926
-10.130247174499619
-10.131944256707541
-10.132662375921907
-10.132662375921907
-1.1645721069940829
-2.6241282898028175
-2.676762162992896
-2.678079482507488
-2.6787353887056016
-2.6799685411310556
-2.6819615617831363
-2.6819615617831363
-2.6819615617831363
-2.682341795740095
-0.5636801826387854
-8.72828680829744
-9.234516824301537
-9.992201311935924
-9.992201311935924
-10.113257889030207
-10.113257889030207
-10.126962576801674
-10.128001759088882
-10.131668645202542
-0.9553554661011763
-8.029030608991038
-9.631971242898594
-9.631971242898594
-10.09693386965577
-10.106764115886964
-10.13743200472053
-10.13743200472053
-10.14307270818977
-10.143152272270108
-1.351570289757789
-9.576537931772418
-9.94611253890213
-9.99043048848038
-9.991434563515545
-10.075042316133
-10.13359123421556
-10.13359123421556
-10.13359123421556
-10.13359123421556
-1.3924550003782654
-4.075712916778578
-5.069687369888146
-5.074564667642507
-5.081567091571336
-5.081567091571336
-5.093028525586139
-5.093201485369754
-5.095283480890578
-5.095283480890578
-1.1923607028767662
-4.919536089302238
-5.090612416706059
-5.0954127334879145
-5.096505130639998
-5.096702239438982
-5.096702239438982
-5.096702239438982
-5.096702239438982
-5.09948076009634
-1.3429978573389796
-9.401966020756882
-10.13078695493779
-10.147429844899555
-10.147998045233734
-10.148284465076411
-10.148284465076411
-10.148284465076411
-10.149696461712171
-10.149696461712171
-1.1651980567914682
-7.1837572620221595
-9.982464906424863
-10.14673891430966
-10.147197074750885
-10.147197074750885
-10.147197074750885
-10.147197074750885
-10.147197074750885
-10.149262870387906
-1.3842138410873766
-9.555709838778878
-10.141260814321829
-10.144572796610728
-10.144572796610728
-10.144608508996477
-10.144608508996477
-10.144608508996477
-10.149727090464355
-10.149727090464355
-0.9014552677449206
-9.341329104530734
-10.005703733670426
-10.007397231603534
-10.030991968235128
-10.040377076596796
-10.040377076596796
-10.074311153642745
-10.119312956860291
-10.141282178623637
-2.3518749644290216
-8.430137806525726
-10.116795112480755
-10.144812606388545
-10.15105983507562
-10.151494665745942
-10.151494665745942
-10.151494665745942
-10.151494665745942
-10.151494665745942
-0.9625555966682119
-4.872557331770266
-5.061751949961222
-5.077996343559282
-5.077996343559282
-5.083808247639925
-5.083808247639925
-5.094642449982569
-5.095201590429988
-5.095201590429988
-3.350216261242469
-4.101134659462439
-4.959286871179425
-5.061518110787299
-5.086715254344628
-5.099865201624746
-5.099865201624746
-5.1001141109478345
-5.1001141109478345
-5.100277454065535
-1.3610649494876548
-2.5954125379241813
-2.6112125166623716
-2.61585970854718
-2.626399369811363
-2.629079332848543
-2.629079332848543
-2.6300633541866203
-2.630075990447915
-2.630075990447915
-3.425564171321156
-4.998507312230902
-5.044120800273413
-5.044120800273413
-5.0498838372746135
-5.0498838372746135
-5.0511292444852245
-5.052451353214412
-5.05493084281191
-5.05493084281191
-0.7619867552996986
-9.585920794133411
-9.965670051649946
-10.092918933911708
-10.118739334114194
-10.118889791703657
-10.13659893867484
-10.150911722346114
-10.150911722346114
-10.150911722346114
-0.9829864654153412
-9.330242453162914
-9.983422088774605
-9.990767171827853
-10.1018695056478
-10.13139696250603
-10.143280028921684
-10.146184586043159
-10.148066974727115
-10.148066974727115
-0.7160864553508334
-9.87197654309057
-9.884123953142948
-10.11585699716043
-10.11585699716043
-10.151565272759925
-10.151565272759925
-10.151565272759925
-10.151565272759925
-10.151565272759925
-0.6859708781042158
-2.5959550175166957
-2.6733312569964345
-2.6733312569964345
-2.677480195164244
-2.679754009428444
-2.679754009428444
-2.6822921913132145
-2.68263784568495
-2.6826528062256374
-1.0779266857785017
-2.6262996011868966
-2.6262996011868966
-2.6262996011868966
-2.630182485548924
-2.630182485548924
-2.630182485548924
-2.630275444977009
-2.630275444977009
-2.630275444977009
-1.6280240580054597
-2.5524804136531
-2.6721545488241603
-2.676538521677834
-2.6768052525178474
-2.677762877908451
-2.679181595474157
-2.6814012999802626
-2.6825993571294164
-2.6825993571294164
-0.9580914858567116
-4.3111390680056045
-4.970015252362161
-5.097461841843164
-5.097461841843164
-5.097461841843164
-5.099660353604026
-5.099660353604026
-5.099660353604026
-5.1000009955714045
-1.9394477858788899
-2.5703073925469897
-2.6808288991475124
-2.682775416247125
-2.682775416247125
-2.682775416247125
-2.682806025958644
-2.68282835223372
-2.68282835223372
-2.68282835223372
-1.3175076347561063
-4.873240082814933
-5.054530100907932
-5.093822977210032
-5.094754542606729
-5.095711065369281
-5.095711065369281
-5.100201205494802
-5.100201205494802
-5.100201205494802
-0.6313749178180972
-2.6177540928097125
-2.627934075006986
-2.627934075006986
-2.628104667527279
-2.628104667527279
-2.628219552026902
-2.628219552026902
-2.628219552026902
-2.6299902544282427
-1.0301168720618883
-4.882959099824511
-5.08431857037369
-5.085759064051013
-5.094250301910539
-5.096480046616539
-5.097110168433742
-5.097110168433742
-5.099068007689685
-5.099341975738645
-1.9219475916364628
-9.373759568200995
-10.081844505962588
-10.127777658486085
-10.139652623980083
-10.139652623980083
-10.139652623980083
-10.144682282293218
-10.144682282293218
-10.145407367207646
-0.6503439140568147
-4.713206406779091
-5.020341825030883
-5.086456758797867
-5.086456758797867
-5.0932118503109205
-5.100232867559431
-5.100232867559431
-5.100480885753533
-5.100480885753533
-1.0806519706685904
-4.229048397601384
-5.036864243550442
-5.037134288891985
-5.046974744049663
-5.046974744049663
-5.046974744049663
-5.046974744049663
-5.052752430731734
-5.052752430731734
-0.7418681663279894
-8.250249554365308
-9.930422387822995
-9.942628141494053
-10.061881535119728
-10.140648223327597
-10.149600955514838
-10.149600955514838
-10.149600955514838
-10.149600955514838
-0.641153619999509
-9.177628960399003
-9.296044753770989
-10.070287792098213
-10.075870600234179
-10.079150446411981
-10.137427908112311
-10.137427908112311
-10.137427908112311
-10.137427908112311
-1.0895245092187928
-7.652249166720386
-9.834524090706044
-10.075454750316426
-10.075454750316426
-10.121615697824955
-10.125008307877476
-10.125008307877476
-10.133592366181443
-10.141813850927676
-1.0167949574859967
-2.669632728956881
-2.6774287622770996
-2.679603657343373
-2.6805374549776744
-2.6807870337476083
-2.681767474806785
-2.681767474806785
-2.682766633261058
-2.682766633261058
-1.227914770571899
-4.802498134576573
-4.974818766191448
-5.087755976469201
-5.096802162103924
-5.096802162103924
-5.100166611850581
-5.100240672830701
-5.100240672830701
-5.100240672830701
-1.105995362745426
-9.99435880926491
-10.073178295095262
-10.073178295095262
-10.086911480113654
-10.119325306443349
-10.133711547234817
-10.134992231259757
-10.137018495490748
-10.137018495490748
-2.091026922574407
-9.89496597761924
-9.949283251327909
-10.042462823967023
-10.104239526535677
-10.104239526535677
-10.14352630292726
-10.14584874275165
-10.14699766645546
-10.14699766645546
-2.0940843509359364
-5.029809901432396
-5.075069530997154
-5.089643815414797
-5.089643815414797
-5.099539407277059
-5.099539407277059
-5.100313242867879
-5.100313242867879
-5.100313242867879
-1.706080753843594
-9.616664078323984
-10.096443511250879
-10.096913612903034
-10.098098453211263
-10.098098453211263
-10.100287365326043
-10.100287365326043
-10.116268526001967
-10.116268526001967
-0.8053899095081699
-4.572530489915083
-5.011058136950359
-5.043385621968843
-5.043385621968843
-5.043476426646753
-5.043476426646753
-5.044993492228366
-5.044993492228366
-5.049466376580588
-1.1011167664042676
-2.5603613908809146
-2.6723405409838583
-2.676571700077515
-2.6799288439733875
-2.6809399550633035
-2.6809929470053127
-2.6809929470053127
-2.6810966277860393
-2.6818390374803807
-1.1917437938970863
-4.987849662455609
-5.033180897672572
-5.038834094309083
-5.049664082872792
-5.0505313903751565
-5.0505313903751565
-5.05298559545503
-5.05298559545503
-5.05298559545503
-1.2244048303088877
-2.63443662460776
-2.6784018283308715
-2.681079649971293
-2.6825425251195623
-2.6825425251195623
-2.6825425251195623
-2.6825425251195623
-2.6825425251195623
-2.6825425251195623
-0.9867088532176684
-2.3828746793143116
-2.605132939204822
-2.612453762078306
-2.6228719026257328
-2.6228719026257328
-2.628130025425434
-2.629860151050659
-2.629993517363355
-2.6303144145635415
-1.0303611238077135
-4.719668492004553
-5.026333020236313
-5.070483989553598
-5.081281823308563
-5.085373610986037
-5.090036836428022
-5.092077057690313
-5.092077057690313
-5.092220903655831
-0.8458569353064723
-2.129232017942952
-2.6744513942370967
-2.6744513942370967
-2.6744513942370967
-2.6744513942370967
-2.681445130472133
-2.681445130472133
-2.681445130472133
-2.6822668979934265
-0.8469618239872723
-7.97484819266336
-9.9470283699323
-10.084265116665483
-10.094038147815924
-10.139169302478921
-10.139169302478921
-10.139169302478921
-10.139169302478921
-10.147514173157063
-1.485719120808793
-2.11328161208238
-2.4314584475681267
-2.642220460460823
-2.676501038941978
-2.678389650908568
-2.678389650908568
-2.678687369243276
-2.678687369243276
-2.678687369243276
-0.7997202956598478
-3.3936727639513715
-4.667765240210485
-4.933448463216876
-4.980488849105842
-5.071828101244425
-5.087005556851372
-5.091964457557274
-5.099604315572374
-5.099994672125222
-1.3358275838639575
-5.703822186892258
-9.78401792197553
-9.93144084618687
-10.087778636466266
-10.119819781760993
-10.119819781760993
-10.119819781760993
-10.119819781760993
-10.119819781760993
-0.8793479930123371
-2.4084634293237226
-2.6082724022203245
-2.628954382422816
-2.6290219953899756
-2.630095859645389
-2.630095859645389
-2.630095859645389
-2.630215103546198
-2.630215103546198
-0.7505321714179309
-2.528972359757456
-2.6192264421122275
-2.6272838257572593
-2.6291093241687067
-2.6291093241687067
-2.630338179246138
-2.630338179246138
-2.630338179246138
-2.630338179246138
-0.8759114965383361
-2.6705758160166857
-2.6764468798823615
-2.680168949673055
-2.6809472004530788
-2.6811674394750997
-2.6811674394750997
-2.6811674394750997
-2.6822716125109456
-2.6822716125109456
-0.9515138824942164
-2.31033258309015
-2.562742612425718
-2.6147883009530397
-2.622435647295343
-2.6228674523787543
-2.626706840452553
-2.62907280447736
-2.6298125601636233
-2.6298125601636233
-1.0521816702283904
-7.53114953664719
-9.19545561775327
-9.408562752937145
-10.07482048702348
-10.143072041412179
-10.143072041412179
-10.143072041412179
-10.143072041412179
-10.143072041412179
-1.3402855767701527
-4.529191111894269
-4.988336826338123
-5.067948410341188
-5.0693167387289435
-5.0693167387289435
-5.080073595585625
-5.080073595585625
-5.090627064355177
-5.093291803911814
-1.4413977888639373
-2.621791958386682
-2.6504100737431413
-2.67740293706076
-2.6823390358052466
-2.6823390358052466
-2.6823390358052466
-2.6823390358052466
-2.682446255015199
-2.682446255015199
-1.2483952252329478
-2.4170306391537904
-4.959011897418558
-5.058151589190456
-5.058151589190456
-5.073327563027902
-5.092454677469127
-5.095361857404631
-5.09771039969357
-5.09854189675833
-0.9573729841900811
-5.411584160603968
-9.98948073290282
-9.98948073290282
-9.98948073290282
-10.095222227088234
-10.109994275127052
-10.125693022696137
-10.132134503108546
-10.132134503108546
-1.3959360731984851
-2.5804367399497417
-2.6017987683450112
-2.6640252974854453
-2.6776334323920365
-2.6785990490367997
-2.6791721222470914
-2.679468256032516
-2.6796929540421854
-2.6798106847990013
-2.1927788538885435
-4.427210669146034
-4.664084362878982
-4.982911845614611
-5.061463504125959
-5.070842316129697
-5.086216297549396
-5.099302832816317
-5.099302832816317
-5.099302832816317
-0.7983581775430174
-2.580744942498373
-2.6032643484508786
-2.6071244117555854
-2.6266575869771254
-2.628923656312381
-2.6299073061499354
-2.6299073061499354
-2.6299073061499354
-2.6299073061499354
-0.7421892364645494
-4.927271179549955
-5.039590002164556
-5.066868959529358
-5.085705692904301
-5.08980542970204
-5.092324238967471
-5.092324238967471
-5.092324238967471
-5.096552361419951
-1.361379205847975
-8.671054644616587
-8.71718048956724
-9.520290372549672
-9.969477488804381
-9.99212527888351
-10.011343564987781
-10.038865977419235
-10.038865977419235
-10.129699668408424
-1.0840406537589193
-2.1769220058315826
-2.866449455617316
-2.939042439678791
-3.492524632447873
-5.015410209964853
-5.019615334635078
-5.030700188863524
-5.0402630872420175
-5.053508015229971
-3.2884110832833064
-4.733701693475211
-4.864771217461174
-5.075909358034883
-5.0973746994068465
-5.098724735571703
-5.098724735571703
-5.098724735571703
-5.098724735571703
-5.098724735571703
-1.136546951904702
-2.605439647319689
-2.662968580810468
-2.662968580810468
-2.66810696588012
-2.66810696588012
-2.6763282075567654
-2.6763282075567654
-2.678858374173467
-2.6800251456947923
-5.413691011539492
-5.413691011539492
-5.413691011539492
-5.413691011539492
-5.413691011539492
-5.413691011539492
-5.413691011539492
-5.413691011539492
-5.413691011539492
-5.413691011539492
-0.6616169998492967
-3.891187837675596
-4.997352354028143
-5.042976214677362
-5.06587083191372
-5.06587083191372
-5.096999111453286
-5.098637037317489
-5.098637037317489
-5.098637037317489
-1.1391526343340357
-2.5345835261840213
-2.5955011302145996
-2.604060795358971
-2.6253835327549484
-2.6253835327549484
-2.6277732037619024
-2.6277732037619024
-2.6291031785818273
-2.6291031785818273
-3.787290675816107
-9.78478742000733
-10.100284229356328
-10.100284229356328
-10.138402253973215
-10.138402253973215
-10.139502145005137
-10.139502145005137
-10.140136117019429
-10.140136117019429
-0.6787748025584235
-2.4088244128904
-2.6157204768077436
-2.675512702047205
-2.677160399982863
-2.6814521017256165
-2.6814521017256165
-2.6814521017256165
-2.6815895793222215
-2.6815895793222215
-1.9439465666310694
-2.629904977946582
-2.6473732196816813
-2.668496999283338
-2.676793399331859
-2.682351775700422
-2.6823714441852147
-2.6828091633634945
-2.6828091633634945
-2.6828091633634945
-1.4553546847287495
-4.333739079920765
-4.734259829392929
-4.873626266556998
-5.027053162377779
-5.027053162377779
-5.039148917350856
-5.040829568467403
-5.047601362265396
-5.047601362265396
-2.4469058406162434
-2.4469058406162434
-2.657434717886676
-2.661249613223461
-2.665160463817411
-2.67833445075266
-2.67833445075266
-2.682541567126181
-2.682541567126181
-2.682541567126181
-0.9901853822865826
-7.794198310073143
-9.344154151787144
-9.99890607039335
-9.99890607039335
-9.99890607039335
-10.042851994329032
-10.11072636395088
-10.11072636395088
-10.11072636395088
-1.259528950404739
-2.481437795995277
-2.631968130414781
-2.653998173551252
-2.679072177906892
-2.6801050792302825
-2.6801050792302825
-2.6801050792302825
-2.6801050792302825
-2.6801050792302825
-0.7197909465670634
-6.37469638148752
-9.470670550247956
-9.584486608728204
-10.05811088995681
-10.116060700920947
-10.122630280031569
-10.122630280031569
-10.130508305903124
-10.151619789029633
-1.104365341424277
-4.055891756074489
-4.976408124837778
-5.012604962496052
-5.060931521003903
-5.060931521003903
-5.087616457151016
-5.09208200867109
-5.09261082208208
-5.097119480594379
-1.3643791769873754
-4.478539915466299
-5.021331522763407
-5.021331522763407
-5.042100913488047
-5.042100913488047
-5.048719375938165
-5.0540391162779486
-5.0540391162779486
-5.054478345174275
-1.1125659919067967
-2.6099588541456624
-2.619311571553927
-2.6213732655585695
-2.671014376330277
-2.6773833488909977
-2.6811436173545315
-2.681246857257121
-2.681246857257121
-2.681246857257121
-0.8279542608973103
-6.590231667120437
-9.925959339352946
-10.017822714235406
-10.044103128201051
-10.057664490085024
-10.057664490085024
-10.060806948784094
-10.082023201186177
-10.088860980073076
-0.9991818372697043
-2.722148970073486
-2.722148970073486
-2.722148970073486
-2.722148970073486
-2.722148970073486
-2.722148970073486
-2.722148970073486
-2.722148970073486
-2.722148970073486
-1.1527012116692188
-7.993208337946942
-9.546547989459338
-10.14507790215853
-10.150317949487825
-10.150317949487825
-10.150317949487825
-10.150317949487825
-10.150333540597117
-10.150333540597117
-2.5183311097548238
-2.5183311097548238
-4.82137062037484
-4.853639722465422
-4.933282209090633
-5.041155326745141
-5.083644634916269
-5.097291307520517
-5.097561071478078
-5.097561071478078
-1.7314286897765685
-2.5969617293927603
-2.6549758318118073
-2.670942141451082
-2.6716544720681226
-2.676991804791725
-2.679158367588655
-2.6801021273426158
-2.6801021273426158
-2.681235441378915
-2.03135421129066
-4.99226912247429
-5.096021589919116
-5.096021589919116
-5.096021589919116
-5.096021589919116
-5.10018191688844
-5.100253861700438
-5.100279047259579
-5.100279047259579
-1.2672475675441128
-4.491609170066275
-4.761302433810834
-4.893082822463934
-4.968750328995517
-4.976180334936637
-4.97649381008402
-5.04185855992323
-5.04185855992323
-5.04185855992323
-0.7475420860432777
-8.12172837619394
-10.063367956910714
-10.118100379503803
-10.14877324172057
-10.14877324172057
-10.151464702613293
-10.151464702613293
-10.151519525799337
-10.151590342258825
-1.2012928594161054
-2.4714763766867405
-2.558343914021085
-2.5806019398681452
-2.592686053608365
-2.6288123039106965
-2.629281546256476
-2.6294236745985065
-2.6294236745985065
-2.629627512761854
-0.5513480008364561
-2.4950128920742083
-2.6715466627964957
-2.679726633599575
-2.6814552449277445
-2.6821907855291705
-2.6821907855291705
-2.6821907855291705
-2.6821907855291705
-2.6821907855291705
-1.3998123431906841
-9.817930093669874
-9.864125655420114
-10.042726207644176
-10.042726207644176
-10.13121592988306
-10.14293612984295
-10.14293612984295
-10.143374781874751
-10.144071905294174
-0.6029067850638672
-2.5851299213103065
-2.6249466397136088
-2.6256318859632666
-2.6274731681774077
-2.628505568420021
-2.628682444682227
-2.628682444682227
-2.6287781798452303
-2.6301592828384055
-0.9730775575273076
-4.844830847990991
-5.0448372509219555
-5.075145945803997
-5.075145945803997
-5.075145945803997
-5.075221836450886
-5.075221836450886
-5.085981388898453
-5.086041339108515
-0.7156552230168606
-8.201297529271843
-9.845354119946188
-9.845354119946188
-9.845354119946188
-10.067231049841332
-10.140148740794821
-10.140148740794821
-10.143665644064987
-10.151143712243993
-0.974028951263023
-4.686519197844594
-5.033434989418723
-5.04394347592082
-5.047177722293637
-5.047177722293637
-5.047177722293637
-5.050617058187629
-5.050617058187629
-5.050617058187629
-1.0154820434416911
-2.617115763558378
-2.657451944644669
-2.66219611457311
-2.6698362303707537
-2.676541143728476
-2.676541143728476
-2.680681436935056
-2.680681436935056
-2.680681436935056
-0.6994827794487579
-2.121921469942578
-2.6275821812540765
-2.628033897008553
-2.628033897008553
-2.628033897008553
-2.629223937217509
-2.6299456194789563
-2.6299456194789563
-2.6303396334597635
-1.4782683465601547
-7.807119321210683
-9.380959837507152
-9.83016262003794
-9.855007414346778
-9.892757130560414
-10.09515922117858
-10.099091972663665
-10.13659119638123
-10.13659119638123
-1.170223051258251
-4.627520243026427
-5.010552630821048
-5.092257760611503
-5.093945837865492
-5.100203081383736
-5.100203081383736
-5.100203081383736
-5.100203081383736
-5.100203081383736
-1.786147461709648
-2.1874630459961057
-2.630131307449775
-2.676710308765209
-2.676710308765209
-2.6779815399591222
-2.6792198358289303
-2.679345391327342
-2.6821656913385454
-2.6821656913385454
-1.4657438950258597
-2.1931304473391027
-2.5517718884988367
-2.621150445710228
-2.624060449574485
-2.6304109505440985
-2.6304109505440985
-2.6304109505440985
-2.6304109505440985
-2.6304109505440985
-0.84989434622018
-7.121744450155174
-9.486049763377512
-9.853430798825599
-10.06760865757084
-10.141081314726382
-10.141081314726382
-10.141081314726382
-10.141081314726382
-10.141081314726382
-0.8772953327671339
-4.388113810709443
-5.036329769776158
-5.059413658543354
-5.087776779872422
-5.096904023581185
-5.096904023581185
-5.096904023581185
-5.097750713327773
-5.097750713327773
-1.0928837818014663
-4.796577362954588
-8.424993200080655
-9.356236427995398
-9.970793306226485
-9.970793306226485
-10.024502919768759
-10.088144169940232
-10.088144169940232
-10.088144169940232
-1.1127972119265044
-2.6131586058130205
-2.679714896716653
-2.68079328850738
-2.68079328850738
-2.68079328850738
-2.68079328850738
-2.682310493216898
-2.682310493216898
-2.682310493216898
-1.024951817227731
-2.529438092049901
-2.5299151731634604
-2.6280606265124495
-2.6280606265124495
-2.6280606265124495
-2.6280606265124495
-2.6295145765976033
-2.6298874295798327
-2.6298874295798327
-0.6530089281688193
-2.3657893890857857
-2.6502262741801506
-2.6763869036826655
-2.6806200471842803
-2.6820096960455833
-2.6820096960455833
-2.682017411516994
-2.682273579228869
-2.682273579228869
-2.812884325322285
-4.999259646055139
-5.015943227896082
-5.022637211900657
-5.04236260650392
-5.052185477461635
-5.054408765512591
-5.054492482565112
-5.054492482565112
-5.054586019893714
-2.060237792349347
-8.490516177976668
-10.119869782971481
-10.128722942806785
-10.128722942806785
-10.134053386866436
-10.14190326853165
-10.14190326853165
-10.149147100559327
-10.150458347085586
-1.6528049904405646
-4.084085037579863
-4.838341225343709
-4.9772192275701626
-5.01923409061469
-5.019282042640431
-5.021634518532079
-5.043246074618063
-5.053164144260997
-5.053164144260997
-1.794702702449527
-2.4783714075219314
-2.6713659964602283
-2.679100757437767
-2.6793714209340536
-2.6812448787153667
-2.6818312484433595
-2.6818312484433595
-2.6818312484433595
-2.6822681247259235
-1.4085326222627366
-6.119713241283839
-9.221454144707883
-9.690784599078146
-9.889813395801934
-10.119638089602649
-10.143206217900273
-10.143206217900273
-10.14728480748353
-10.14953112145033
-0.9028566344654824
-2.7518039216127255
-8.649810303411394
-9.695141211949318
-9.945957119063108
-9.945957119063108
-10.09052823942406
-10.09052823942406
-10.10856453780166
-10.125832357760384
-1.253635791365166
-2.243172748608276
-2.5906441743829474
-2.5906441743829474
-2.6220574743065135
-2.629738221113842
-2.629738221113842
-2.629816522890438
-2.629816522890438
-2.629816522890438
-0.9066504756094171
-7.8955295107313415
-10.050304060283295
-10.050304060283295
-10.050304060283295
-10.070902420750208
-10.070902420750208
-10.084120345722129
-10.095325564828475
-10.095325564828475
-0.6329308156052809
-6.098697470063991
-7.202135860563475
-7.202135860563475
-7.202135860563475
-7.202135860563475
-7.202135860563475
-7.417958656221693
-10.111206508279961
-10.140500269694233
-2.3440985544921613
-7.861667908925511
-10.023669184489705
-10.10119785207325
-10.10119785207325
-10.14974969951365
-10.14974969951365
-10.14974969951365
-10.14974969951365
-10.14974969951365
-0.659968641371583
-2.341082683472229
-5.657355418086454
-9.903405573718985
-10.089422580833865
-10.089422580833865
-10.089422580833865
-10.089422580833865
-10.107209601099642
-10.11719923619492
-1.3764683693658883
-8.93490413983069
-9.598424741529533
-9.814326605323323
-10.005597026864836
-10.05324576932712
-10.092776496991773
-10.10546334489569
-10.112372285619974
-10.124680630847449
-1.3033297792364764
-2.4911938903663837
-2.6173614697578014
-2.656244907511638
-2.6704297806647124
-2.6780851335052365
-2.681519215797978
-2.681519215797978
-2.681519215797978
-2.681519215797978
-1.0045365071426053
-2.4469457274594153
-2.6121065703514295
-2.658322549554597
-2.664902958694818
-2.6711228321269247
-2.6778039599295345
-2.6778039599295345
-2.6778039599295345
-2.6778039599295345
-1.9251562222105592
-4.743952333064032
-4.985666924474281
-5.010689413438914
-5.035565851525854
-5.046590477997502
-5.0468710294696555
-5.0468710294696555
-5.0468710294696555
-5.050610583601984
-0.5484310425445588
-2.3682361381052752
-2.54468059791456
-2.593476609756472
-2.627284253330976
-2.6276514159076956
-2.6276514159076956
-2.629170358612935
-2.629583800326104
-2.629583800326104
-1.174240219425018
-6.964188901069274
-9.863120887741289
-10.10702178221567
-10.124529600588692
-10.126052600094116
-10.126222115016423
-10.126596111296637
-10.126596111296637
-10.1390645858622
-0.7989942835614524
-2.5340095817609467
-2.619198665780149
-2.6714553046633887
-2.6794022259810806
-2.6794022259810806
-2.6825152010910758
-2.6825324020276002
-2.6825324020276002
-2.6825324020276002
-0.9403246443221086
-4.729671202728034
-9.812982963216747
-10.08563093634707
-10.105721338009308
-10.105721338009308
-10.105721338009308
-10.122236247924876
-10.125160179638687
-10.130711023980139
-0.6396062832665114
-2.3240141575042865
-2.3404744425664012
-2.545207801328487
-2.6122200317150726
-2.6243571574232494
-2.6281805102303224
-2.6281805102303224
-2.6303271524090084
-2.6303271524090084
-0.7148432871541448
-9.637599186348599
-10.080834191352068
-10.146919849068235
-10.150867833427883
-10.150867833427883
-10.150867833427883
-10.150867833427883
-10.150867833427883
-10.150867833427883
-1.3453005385363725
-4.24942718443488
-4.679645823659013
-4.825749902385544
-5.032549160623122
-5.078395973455156
-5.097848496970354
-5.097848496970354
-5.097848496970354
-5.097848496970354
-0.7743153047841738
-2.4197937918372676
-2.555681770321445
-2.624672869931612
-2.628084891614162
-2.628084891614162
-2.6297449148286796
-2.6299855469863807
-2.6299855469863807
-2.6299855469863807
-0.5843934571291518
-6.361988563570782
-8.995639928268249
-9.68626773900442
-10.047007053474758
-10.064658884132154
-10.105158699816904
-10.105158699816904
-10.13839098806849
-10.13839098806849
-1.3912171505484419
-2.6196529091751564
-2.623505663790294
-2.626773137505578
-2.626773137505578
-2.626773137505578
-2.626773137505578
-2.626773137505578
-2.6294444909449552
-2.6294444909449552
-0.7453801810094
-9.23816345767932
-9.928828507074188
-9.928828507074188
-10.003928385719318
-10.003928385719318
-10.028322668600271
-10.038070970167272
-10.076429208459366
-10.076429208459366
-1.681459110215965
-8.806785684011885
-10.100022245240348
-10.11984349392068
-10.128102415025285
-10.128102415025285
-10.128102415025285
-10.128102415025285
-10.128102415025285
-10.14307812762989
-1.2849205104233123
-2.365220037416263
-4.588455080329096
-4.767323735903494
-4.971241575215921
-5.0271790055515515
-5.060680927864921
-5.07781926800337
-5.081015385007755
-5.081015385007755
-5.845723294798471
-5.845723294798471
-7.148456659765884
-7.148456659765884
-7.148456659765884
-7.148456659765884
-7.148456659765884
-7.148456659765884
-7.148456659765884
-7.148456659765884
-1.5641853104076584
-2.49469139252625
-2.6360454144775765
-2.6739109754736914
-2.6739109754736914
-2.674124153533046
-2.674124153533046
-2.676701433399804
-2.676701433399804
-2.676701433399804
-1.3988245783219309
-8.647888934956748
-9.736338471580812
-9.953259249034248
-10.147300022833756
-10.147300022833756
-10.147393626845018
-10.147393626845018
-10.147393626845018
-10.147393626845018
-2.256756307335138
-4.862266937354625
-5.011000880164311
-5.09913145395481
-5.09957412638896
-5.09957412638896
-5.09957412638896
-5.09957412638896
-5.09957412638896
-5.09957412638896
-1.5988101482676766
-4.558132384653652
-9.79028110324209
-9.970119380683286
-9.999686919988031
-9.999686919988031
-9.999686919988031
-10.12543119260699
-10.12543119260699
-10.12543119260699
