915256729.7938931
292412585.64892
129914161.49058463
64174879.08427246
34151740.36785649
17871783.087272283
9014610.246825282
4877577.702708304
3075118.0352229048
1752351.043777272
1139967.5574075456
727973.2530539936
426052.0059933735
216691.63293667944
134492.80535658845
85639.5326456405
61503.78326023271
49114.66466617321
40974.567731366806
34926.90368712778
1077706532.6272163
358045565.3175868
164073473.98432747
87423704.34559345
52527348.75466914
24454997.386146933
12063730.558214057
7368348.180751092
3154164.748681379
1733564.6873473846
1027807.0500684646
527592.6937343115
298030.0441650839
198752.30673696884
130927.5614780131
95939.71933221031
70360.63003061933
42798.33783262556
37566.07135798724
31392.989095527788
956920057.4819678
300572728.22724354
130586218.32740493
82699177.64520834
53269268.06944825
31871456.257308677
18809012.028019443
10150417.190269124
5065898.063209177
2835877.2284620316
1794320.453674616
1052977.4057665977
587153.7585239379
270844.00882296625
148737.83692976416
121693.88455554945
92893.54909738823
64269.965179310166
50457.922221211156
40601.36199730248
1016849590.4277564
316229178.400925
112345000.94799088
78876007.16805786
49430146.61701532
26323013.476600602
14290971.094266726
7155995.678314561
3942255.6176362904
2387468.4391231895
1184795.1355638832
753228.8104366523
395096.09568368684
243266.40373715927
146621.44577995213
106825.13886443476
65930.16247445266
52346.20742763351
43366.609266715874
32907.24811469703
1024719826.8141745
322095129.45547915
167818217.4241766
99075476.94494551
59427597.343501166
32713350.23958608
19229289.73602315
11656041.54884632
6722713.478411004
3595420.728685504
1937435.087728265
1050632.0478690618
657482.1750621785
425157.39059039264
293879.30821998283
199139.06871479732
103543.18381369811
78215.32414033699
65176.310551698974
48933.8345496489
1032986390.1937028
361731009.6018299
149579607.14628553
100826838.61545524
60126085.86502793
35837608.46912521
21513307.4033616
12891541.713662697
7346619.211609285
4472926.988064944
2283935.615453285
1335919.0236673185
706257.3298631115
445568.11967379827
306454.8145380484
219107.16257489135
177076.57387228002
136559.63583576062
99362.12080040951
65981.97372415646
991011759.817493
291649002.3540219
132993836.54178786
88709408.47504239
50809721.69711974
30297265.42877223
15524485.893626371
7477054.5762077095
3781107.587857295
2040469.9643534047
1183231.08263844
574282.6481297471
329444.4601491715
214573.01293674845
139785.0450068265
98034.34804268395
77078.98729804809
49247.78349572662
39874.12477429557
33942.84121591259
1064355890.5387511
344445144.52079976
132572743.04368198
74377192.08786978
41880778.67338766
21860080.40325644
14248930.686665071
7659728.654654724
4125522.3757754387
2195300.521826021
1160971.3439588498
525237.9453882234
365188.01870549173
261381.22253137123
159562.87096117038
100596.55563363171
79765.69226599296
60434.659535640414
41332.74095827988
39408.666184120135
1076554370.6459973
260467301.39692047
136881696.46627635
71103303.06696352
47360470.34165584
26753784.006708622
15356891.5690029
8401261.053334616
4506590.206160124
2541775.869159067
1336914.7329565776
836438.4054765394
474632.0021334741
336318.6425047521
184916.19881535374
115953.78590393394
84574.7768916467
58348.11338938456
44865.45720255987
39230.26862916564
1052644039.9721817
384797535.1719994
144908747.91026947
86233095.47277847
46557040.89142985
24312781.66192301
14608967.608096285
9531003.238646973
5477648.707270619
3192757.1666148286
1698815.962561667
895036.1065049538
528948.059359331
308689.96194947546
232753.90330937115
153524.13272225735
109201.60827677032
84137.59872654699
62659.352787948555
52322.638703248376
1010671048.4569687
266495671.62780383
92101438.65922326
55420498.84069538
31028417.95707715
17570046.22639358
9004330.927832598
5463569.004627365
2930916.208020276
1747740.9103602455
956057355.7088778
241284078.77627698
103573981.319696
49110130.41263157
30321783.61073448
16338905.42228706
10024391.402682504
6125722.423735735
3507179.028285773
1944014.3330189295
952901813.5226389
306798423.53767353
113650490.48834106
53447858.63042541
30659626.209583256
16379089.962121675
7951878.974992895
4950465.798304043
2704381.2776982286
1322994.1788126964
953052217.755777
306120632.3087111
102897314.27612954
55548975.19936383
36237700.91242684
18886794.73934975
11183127.063675001
6634266.0888838675
3120462.2536579147
1789273.8744036565
917777538.9589654
282936602.5189117
110590985.26264706
51211056.52527121
24553768.793744586
10968408.81480727
6438435.642377559
3056240.895874637
1556228.495739287
830001.117024913
1099653083.21918
281215930.9805864
109975098.18556623
59322963.87347944
28582685.247381758
14532953.411779253
9009863.712160034
4842852.571944293
2910611.4232151536
1897638.0121776164
980477818.7315153
318717566.84658146
111413924.7053166
57712056.81058303
34667198.35960659
19018809.8761893
10787570.543161906
5801334.259483506
3234463.4444353953
1585244.4031628491
1073687736.2597595
259796391.4331157
99037832.52916741
44734311.7985317
24344572.366054773
13721028.560699765
8023917.799609066
4397598.641572653
2484949.734557078
1382887.8436300207
1030073744.8948491
278638191.52174276
90790731.9200499
50335712.35138664
30285050.247805506
16661488.00150997
9328626.831696883
5308351.294191389
3372528.6739181248
1827794.6647491658
1076276075.336193
246420429.62422752
103751493.49589607
58026071.79655215
28777390.476973776
16621702.648925813
7911577.129672499
3808292.3068701304
1816451.725941214
1063366.6291817692
1111908002.3970115
353386287.0194278
203559828.59112576
118517005.06084126
67913041.54911906
34921277.01011469
18638652.933658816
10368267.595133854
5522821.750233375
2715999.462025232
1120719254.6183515
407150630.27004766
197887652.34522521
121863726.48024139
73606577.5599464
39569104.1906053
21117034.414061017
12239033.01050445
7127663.922305474
4121221.3467965513
1001913390.9973353
207167911.671247
120779361.46711472
71254393.64130214
39505151.939916685
24791466.109013904
12860677.118668692
6798626.510361144
3271441.1689034184
1784630.794266798
1181414699.4620523
327649349.2210738
161540446.43470582
70745066.18444863
44397021.68057226
22067211.133322816
12357304.448341394
7147308.65227569
4892884.798216766
1940618.8623685334
1065352131.5017217
292904544.2739787
124214823.6426198
77471629.97940178
45877188.49257582
25678583.327005357
15520060.360800767
9885781.1685398
6372070.497976726
3595572.589391695
1039899595.4787076
350522215.03412306
137739150.6125879
78071801.21299236
46869877.22476866
29238436.295731314
17227789.022456296
11530326.261573918
7017321.3309808085
4099292.654550723
962881110.555692
350534979.7766421
171591300.6404459
95730440.02757862
54772337.26231521
34659630.376446806
21671186.496586196
10779672.219935074
6575475.190262633
3606503.1125392453
1068372473.121578
353156021.5245239
181813626.68227172
91071178.99087389
56662999.41935179
32241284.701793715
20198285.440899417
10995646.12210683
6067430.622622194
2505724.008051393
1026799025.3460516
280711068.91417986
110402428.17661569
64265193.66230287
36770737.720803775
23759414.142001405
12796324.198015107
7628195.550963521
3914680.8304987703
1853564.078557296
953975838.2943135
310515245.1737617
120275900.5072144
74181676.51276569
41096928.95217341
24457608.106717885
11445251.518827546
6012545.280148122
3266636.963376335
1957208.3049278778
976711143.7167494
407670492.21322054
263580114.03631204
188551726.1919619
140438094.83265263
103418028.32287061
72921570.12235059
47147897.11407307
28543786.4806453
16368057.40756917
9603477.143087866
5744110.090588194
3319681.7398371845
2294900.9040503805
1551075.5866249998
970924.8276635297
632044.0016081107
411279.699077027
305009.0959067911
213541.03694270545
162664.25231803308
130045.24945956188
108745.45444581729
93394.17094665662
66429.19446807243
52429.1419322513
36364.266116840234
30537.376128681648
23795.71734668931
20641.905458495516
19123.007446316307
16471.675704043588
14423.093730542489
12635.839388862158
11677.6202350282
11043.735845809468
9971.562049081469
9711.442735740224
8986.845772139455
8277.580920144037
1120723899.4796064
460244011.9024663
295910441.753473
195940084.53241903
123219379.97772509
87769400.42038947
61632584.15877845
40439940.62022516
27218171.122746166
17009694.96754124
10577834.42274669
7467295.003707198
4655129.838235446
3043032.7292221165
1516079.803940568
927894.8044776333
721258.3819422616
489344.67503534403
309884.1917209705
231907.25738384225
190732.37629263802
131262.29340185574
106787.65517634501
81620.30107801293
62351.062007489614
57022.29259664218
49103.052596857895
38114.2008470702
35071.7729390894
26329.24610858431
20232.96082818801
18790.26746772312
17696.053199553156
16621.251767896247
15263.161935255335
14639.477068394603
13358.566254693555
11597.690376680992
10874.796672480608
9237.593374359332
1035325131.119139
405751038.66572803
266361433.47762743
198360706.8180266
141738999.22252026
103706631.1556843
64602895.80845479
35844420.5609676
24530659.315440115
14183934.979423625
9275000.558920015
5466836.135642653
3609772.7875189865
2360897.739563044
1613827.0589921873
967321.9724920711
632557.1906916695
453854.75098797784
301993.48612145346
246196.59600534663
180562.93661336726
114704.89838897053
94445.14811761345
80584.09928332172
66820.6167706448
57117.37733928845
50575.07004495648
45627.599356446364
38927.305183008466
31439.45047217597
29056.037399722856
26325.85452094427
22288.814959260435
19983.472838921425
19258.438580619426
17499.951240622002
16489.002571509878
14960.013165419508
14654.060829005828
13654.761158027728
1191230322.475714
556699844.9008788
348273888.74700123
254140634.79613286
172464941.24234182
123291473.54670742
84438946.37115517
54393795.35786532
38191428.08043058
27308810.392006826
20274805.082138434
12477563.126017753
8037583.594769502
6304525.382139518
4100618.194444901
2359085.351646452
1354016.498752055
956929.5917022546
621436.4198760828
432589.0860668725
240398.09523421637
211360.9547308896
160664.5264871747
112338.18741959758
93921.09538545783
72926.37902933249
63358.47347168247
57221.56149925955
41094.47309611352
36775.18736534692
28949.16898319773
26348.81905754968
19894.702343535497
19031.26244390501
17452.582090376698
16256.935591072393
14693.354754393244
13414.864275177228
12008.809604695223
10824.618425874294
1072517898.7710325
377019103.628187
254860522.63307187
182780690.3846997
133982004.20283312
82744454.67644131
55399108.13989395
38548148.011341244
26051532.48949446
16651580.315451674
9191498.331948567
5794933.513145302
4329099.579273942
2598888.0634105476
1551452.0994371166
788392.8281648628
514312.978819302
394023.39103923005
326498.0907179788
247926.24055424696
183587.98659742082
139588.43438077017
86347.40607118707
79189.78949348404
61784.72099086673
56214.73662462002
42792.54338283389
37727.20123512645
34753.93383726642
28073.62586468439
23280.67975475064
20034.696373028717
17866.063503064302
15922.824886679218
14118.372500773685
13267.658906439998
12648.686709358999
11616.465616646072
10884.51165517598
10052.220864236642
1128863427.4610963
435153676.0584452
292442155.27674025
225938596.78123018
165273522.39814362
108284850.19675016
78377858.29949239
51676546.63932541
29484372.13757911
20654243.086849477
14174769.872792399
9293588.57754474
5336952.221814841
3909064.5881748726
2283986.649005387
1308901.8377748388
748909.5568361393
499132.1621741313
384583.2880029766
284358.8815125313
219446.41816088476
139436.2762744469
111618.96398623018
98121.90381796163
79092.07130026305
65577.08689709542
48688.179819742094
44869.36866898512
32871.33172235362
30812.04559077696
28571.6939442789
25462.755918235922
23605.817337977634
22036.853548827607
20051.893309163523
18005.846179052958
17240.47615970183
16675.35685780288
15828.441535477452
15530.513801993911
1130975680.467475
379517385.9051191
231895938.1549281
166967868.33651847
123747255.26724799
74262812.27700336
43288709.59893986
26141121.346652035
18495011.649452426
10794211.791446973
7327820.469397216
5095895.952443378
3375517.005864304
2036591.3580973202
1129779.3679860292
749776.5339341532
438401.9274763555
341300.51676236774
220359.90085367818
147272.83270511334
122161.67168710088
105601.05720009288
76635.71021914319
61890.295794105914
49525.51131204739
43512.802388189775
38393.96563203085
37075.72492005574
33489.3013135533
31768.620188355922
28681.794718762525
26718.67588072804
25571.05692790693
23074.015167356578
21251.186819042086
14928.224213598958
13066.541192279952
12682.66281728294
12094.739620662745
11193.368438987189
1051970314.6634364
390606656.21109533
270979791.77719676
199869719.55549723
150556143.36379376
109739225.90927972
80233721.36702332
49077776.65248043
35531000.9201847
23630909.1775521
13738083.383303903
9573035.330652222
6027117.872850766
3793859.765477573
2357137.316565523
1625023.9131649162
1034952.2827683523
660663.994336292
452736.02328156616
331873.5043786051
254121.2644559342
166091.37442926437
128442.81828457832
91017.25545699647
67382.07932268479
56257.95809439924
49675.331162018185
44425.44522700095
38173.622426238326
34208.354237063504
29930.135632585254
24453.59532972342
17272.43689521566
15821.31493897023
13620.29948268693
12501.298932301255
12353.894775749608
10232.574314349495
10014.273823438272
9591.788486511356
968300436.4008325
387985566.2644057
278754171.47141767
203442124.98980796
146827557.6286311
106812696.91578718
83204296.74800062
67520737.97100517
40434790.23554846
25391292.809342775
19112087.613258786
11984018.671078557
7369628.788127028
5031452.812425771
3021910.117829064
1757540.8482999718
1188418.4019105686
929907.1000342263
670818.9160767415
423314.99175232736
347987.61504223273
294969.28443349095
251821.9253519224
192531.2248453394
170525.09254973393
125945.5302472686
94582.26727084171
76745.8173785103
69499.28807028396
57637.724327344746
48092.566991096835
41592.21274922978
32054.14538947353
27020.78180032809
25413.643501907125
21051.860577485666
18636.04150948418
18103.861566584972
15920.612160575016
13765.613655142499
1140903602.078164
385723490.23280925
201720402.14701444
136700655.12715566
91243527.45970675
60653429.09971564
40312971.50669902
29383360.044861905
21206168.779466964
12921313.989735104
7344287.768447369
5116091.740096372
3360372.7115476853
2332748.323391528
1553451.3333327097
980594.9126342654
769274.9103832042
576724.2176966617
304510.9049154166
210940.90688630543
165776.8634978811
116634.25280544111
83785.6883953402
67550.85993688766
54647.144131108136
45212.63781473193
35553.34454093131
33556.47661819255
29595.1719663152
26644.87230392277
23827.10674899486
23529.73360491904
21384.30790458508
18325.15339878689
17165.655116132075
15126.571182931482
13581.260706798379
11988.153673946552
11288.214767791958
11139.33469281646
1050982129.9614804
437608532.0609453
231540758.38168284
141934424.460713
95332250.01808809
57206125.885050945
38623464.75701444
20609382.74414552
13021834.82320622
7587474.569214705
4704041.711859449
2734435.70535206
1890138.4939249451
1283134.7493323344
897191.6147232804
771296.4657045443
469944.8965185503
320107.32350314717
253778.84669653545
183349.70045581364
1032581124.4033997
309969001.6168506
146585612.43832645
73965861.58889775
44599022.785498984
28849729.856294032
17022941.11799647
12264372.119831052
6872460.649484299
4207790.669908624
2762544.588772398
1539660.032392992
1033784.3902815876
696302.2727627464
444956.9919890154
336490.86138182925
304342.5756946261
210888.97712566747
170810.15194932662
141460.8980944343
971155601.488601
253871682.15030828
111279733.75961718
61039195.75032964
36956672.53908117
22777294.68827037
14437943.737187326
8703206.047707304
5925993.949343198
4086184.0655612033
2557369.5515333074
1522655.04984629
974814.7679555079
654415.9250579538
501199.0587557723
334730.58663542924
258252.268286051
180403.1576293124
149133.57250296616
93137.04073169315
1110516929.1563752
333348384.4048726
183701179.2031113
117567462.07038076
45995471.38650253
29240275.86937471
17669392.318372406
9932674.212729508
6766555.476752255
4071601.4489554567
2085169.6453698971
1240534.3666477934
775028.5901853403
489821.993258306
321882.9889445426
216137.26810125067
155029.4072854723
121533.1518656454
94207.26456126937
78847.93014096656
1087158960.5702133
342296992.2590544
200805804.92191306
132449505.87064743
88743528.53995417
52863058.26799249
33707128.808584005
20176143.80397391
15050201.60715439
9034556.17899489
5975123.606565546
3741471.586348228
1707142.8989649862
951481.6405740726
704593.84341929
488648.1562925993
309660.45266814524
248816.51375934074
192812.09966396177
146610.4821837727
815993564.375335
313059698.350488
154988986.55793104
104759767.1763774
77597324.43725307
52681974.493057966
34754745.55280392
22474669.534382626
13236722.4082459
9702907.232615186
6279385.883287435
3608146.77519295
2165112.308482628
1123792.3976782204
777015.4645095197
569858.5327971127
422746.03959664045
326244.33354540163
254041.07347308093
226434.90002794113
977031668.8186696
399482546.27358896
228669510.6608327
131862153.27180998
90773104.79166062
65226084.84395407
45812628.55984217
28932561.081676353
17647217.492167953
10297964.29160099
6684212.4761363035
3852694.733295403
2609141.1139491694
1834190.9878974815
1282199.3045177448
786686.7363666873
506717.61224269413
397152.50777115143
257712.86646417697
147350.15342544828
1135854773.3782716
413394421.9443528
236740007.1796338
160289571.21475464
109254517.59890133
84308708.63918468
52237819.14710671
34832750.14890834
23627989.114016186
15336471.398627698
10958231.45235374
6593377.047536555
4300607.928566347
3068311.767520086
2099266.436740183
1315509.7480758305
641338.1063177972
440176.20891429135
303016.6523965219
243575.1382703621
1129706123.7581608
308344492.955489
158464794.4333245
61641837.175305165
36625204.46667674
22460156.376073055
11628599.311834795
7308843.260314073
4490995.167933213
2752999.502557829
1789942.2690926571
1182912.1314523087
748039.9321703727
466775.6787630337
328504.35603672016
270973.5165793959
179178.66494203906
140445.76877159328
111252.97584939029
100992.44163332591
1006399690.680553
365287847.9747153
161818671.61323813
87400745.98243792
52096434.39948964
39438632.76131028
19902880.73546884
13136634.368586464
9364106.694446854
5994286.846596317
3957856.1425024103
2428459.515413132
1723475.3933909526
1014754.7505627999
788693.0126197471
506989.84390318335
315313.96745065885
219089.481741876
187457.52307658867
103904.0295858172
969060625.4211586
373686908.1944599
213609345.42221478
131861710.71747425
100028364.26902942
77480338.93429875
53466420.34519896
36609154.87182289
24209710.969034776
17597705.243291184
9707963.527099235
5472102.58458253
3526379.9109403887
2185711.0545033976
1457993.2398706747
972898.245562943
593518.3026547193
417048.71536675404
289999.01126780227
243110.18766703154
1095199805.0561674
395936723.20842534
282769538.3772276
193510958.87992465
149748310.66274074
107192578.6390168
69042895.09697868
42189236.161674485
27650330.09044293
19005282.590269946
11690309.218384193
7505515.762602746
4946054.675611249
3150331.568904492
1758962.372906318
1240314.4930529718
572220.3614682388
460714.3583999923
377591.0164388157
278420.8915583139
1058263188.8842863
440715038.4021756
236492113.98816508
169996973.80648002
132230924.42530319
83944195.32706988
53001676.66937989
33133271.31737479
26231994.690744676
17765203.524466563
11528774.361137237
7998605.13186165
4652281.0625476055
2580192.7043629955
1630907.802426002
1062026.0267888342
711868.127733427
488432.92773842014
381099.662728188
257375.02412719603
1040824714.618467
419633898.5384731
252732196.30258265
174066155.13290766
121975883.6699973
79438666.79572418
53328050.95276998
37667143.97737358
26549419.5978221
17963829.48565458
11475840.690696407
7203387.990013422
4434296.641506107
2469138.7760155112
1565330.5450902986
1033718.8190476133
652755.8825290537
476801.18122579396
354546.70543025224
244844.08126099472
994946396.2532626
457186141.4859604
301116313.97315836
200715987.59999526
138468411.32293132
96328088.80365996
69797338.12763502
43852454.74384525
29718785.03143453
16307627.374809956
9598487.374085378
6181311.192900989
4188673.6353098215
2635651.004201893
1722695.7955119691
1138857.6228256756
752589.7900056189
473758.8042016932
300705.00437555613
217094.5610194996
988287228.0232028
390313624.1831457
254514403.9133813
169549504.61899152
114386140.59846994
72918271.27188186
48392639.08000212
30424876.065069653
20308523.273469735
12800899.754052384
8350682.7226518905
5025484.802985222
3013933.889997901
2028682.9740579978
1185224.4830881867
941462.1546605884
687719.1873106583
480923.97306671645
339697.5405385603
264787.90152855776
1083086172.9714155
392724918.9437851
275603274.43521076
187408252.46626195
128897365.75337824
98344986.29457076
73190846.80041593
53495352.037605055
31508878.124418043
20289177.95890304
13642209.76263976
9314507.029852908
5638586.3325366685
3676311.7213653037
1754328.2525992857
882586.1119164354
610261.429735134
404440.43092688767
281779.97350182926
202171.78460505855
1123539921.1314445
374030747.59477603
269155558.9534384
173134400.59070918
131947204.3254504
90357926.51755635
48569014.95617895
31166070.544283696
21540621.46572714
13753385.385643866
9153813.01241594
5843953.861444583
3741139.5092113046
2106409.2938732025
1415252.1211159248
878018.703270831
691929.7576761454
443242.5093603913
338249.8322812132
243978.73617161997
1082116219.4478972
435373780.0502131
270211565.90370184
211633011.5987766
159197922.68625775
119741025.81053688
76374913.21015078
51988554.382726386
35500465.2532088
20535286.067168258
13806524.284552434
9130679.739588942
6547080.126640773
4554277.620227744
2800422.1723902044
1861948.3072353646
1324084.7074558486
752388.1629700905
512603.26285253
429440.01183453755
1008799280.3864355
352900492.3334147
211060211.87461942
130799643.33461075
85810611.23840551
58305553.63622618
38650690.94786193
24696344.28904563
14830393.29903543
10396556.72756228
7413111.733244459
4840575.92297753
3202009.887661226
1926491.9226725907
1218938.319029807
720077.9278703135
435298.30353753193
318096.6801635876
224636.76488099888
184141.66796991104
996722831.1041685
325549300.0741352
131145807.1640454
84094195.34298164
51870656.88167833
29066260.801998645
17288492.11040531
11211248.75957463
7138388.141381306
4212565.429302336
2403831.3928958466
1534704.8658161566
595590.6108992866
459425.2367422428
334716.39263009274
246185.98363048467
181722.55919791566
142853.8792931043
109927.07661828466
75078.91372815023
1013385709.3773284
330532502.20627654
101249405.49828313
66865631.07614636
40883093.39011077
25294039.439766213
13322835.35604778
6527884.3757013185
3201517.657972648
1749411.735304912
1123041.2812157054
649823.7108144358
395031.2201168668
242768.20238582368
177959.24767415377
128564.16718837079
99061.5348033114
76636.63391729881
60529.869764800314
42929.85682539284
951419804.154847
330924968.3719386
172609796.29793665
103900700.10882325
66473142.945387065
38104325.16957641
21304668.25051727
13364703.683822313
7471683.499767983
4122858.0621011346
2412337.967384756
1674095.0536551008
830839.0782728116
643943.3912278245
431839.7055619346
254840.12434800365
162167.70705884715
100927.19479326019
79961.77180120094
66263.268025337
1078048327.50445
295002784.889225
87883321.02087621
46099124.63801141
24757217.967079956
13403462.91290564
7352987.014629866
4437653.45005319
2506182.969859563
1182490.0387444524
667419.4235473693
487514.8946518371
312876.2124473872
234224.60910733975
155979.553057923
104984.96284867621
85023.78068778974
70354.95087248544
56778.011588718786
45512.57566532889
1075413265.142082
337517193.1177032
200821909.0926813
126890089.82103127
93014750.7056962
47408490.698784254
30749896.847661044
17691231.205078393
8303143.514077379
5322023.636069351
3626960.871980058
2260152.5235116663
1373766.2306276364
817116.4265729433
546371.3032024234
361571.4227649972
199592.7861303847
132349.61034483492
91744.97214660766
72853.18333477904
818678835.4127524
326251004.6542562
175916121.41119075
95578653.37071444
46668396.02946327
29402308.14476765
17328999.97920436
9202121.694366291
4479982.457365778
2696586.5527169215
1428513.7118977648
818698.2855383207
457712.77320145187
330150.86008003616
253694.13217751405
188117.8067948224
116842.74598873497
88149.99433311309
68939.90721853565
54921.33344422711
861070701.0976855
343020717.1817491
141675377.16025844
66034916.96375237
39771723.48950134
22161203.847041443
12446428.744273577
6955738.415674816
3763095.8045099783
1916035.1528718106
1256658.5262987888
671585.9134317014
453785.58229092485
336527.954187593
250178.36238150593
144682.44728811205
101238.01782839783
82545.4376671345
67609.00725225854
55285.36674251757
1063896976.0323498
371084408.76345325
229075411.37806234
133355485.6104006
90953148.90373716
46421867.18887444
30617648.953454435
19384332.03342034
12252504.2866357
7239099.847462304
4314636.257132528
2261961.6977682873
1609963.816684968
999518.8649964564
549820.6368368382
374038.8265386514
241794.71468783935
165276.2787112553
129593.9118205031
100235.8644069715
1094228332.8843005
315968700.86287475
127991435.5399616
73947646.89183712
46266073.8868726
21576137.410874996
13248168.002788441
8005591.915610798
5081634.562825059
2982371.7737626224
1591541.1647382712
836621.5842196504
407008.01543028536
275494.445050585
175462.4059774148
146290.11389023162
98089.69924373901
84012.92781744458
59492.2183364694
45485.92861987418
958743355.3772573
467105825.91172016
201601472.98698956
126949283.15800036
76275202.34837753
42057437.36992502
25932197.036667794
15386220.034989502
9304771.480457125
4310774.838154903
2828405.207017633
1744961.4694645067
1207813.2830059251
600201.3068564716
367195.29160706257
224784.7338992696
140894.12817174612
105966.05807146226
68110.41813036492
47710.000225392505
987570312.521269
299731682.9639714
113086868.26089115
45070671.210158885
924581306.7865367
237834010.43018478
91486496.78642538
39320520.72519151
988689938.926396
266070385.38835007
78478735.46943659
33815721.493580915
774795834.8189127
315969491.6202621
98355691.46747041
43584558.008219235
1070358774.2633588
240284761.9856028
81034429.00180548
34500845.07553952
867221400.0475667
250139391.93349105
90834908.68004408
35835735.286626294
990667474.1171917
276520476.16618824
66897415.203576386
31162643.720917232
928939901.3717871
256044357.53323826
101150389.40154247
31931627.337133884
907588915.635657
300715876.746534
82406738.45876259
37069381.273221
1065098760.5586529
241106321.94474202
64779471.29181311
23713464.62319984
933276867.5629385
369602894.7978386
145602484.20898238
77888329.98087296
1030959598.06668
414650103.856542
170254498.69142607
77669868.7857523
1005447821.3809757
304364047.82311636
146789643.60542724
83200436.82917441
1020429593.8428868
348227733.04834133
139872829.69679788
101845854.0854361
1032482748.8418595
345467204.9842935
182682760.90046737
93799252.28881587
995326683.221125
334466977.56339437
124229855.43203434
68600132.24523306
888689416.5462466
293870488.42140645
135938808.80415648
91969028.06960537
1041350114.6027422
386530193.9601756
154267829.52746278
68310300.82525134
1067722301.8541673
366932175.4297235
118650007.70933887
66050512.39107319
986379966.7469758
325538161.49414897
134821728.8584648
80164826.38840026
1092245744.8127277
324805006.6895674
168583788.61535054
114349513.81802452
73452052.94118032
47336111.31762642
32296312.10823157
20862367.465064142
12764926.257390348
8023309.794517541
5892863.512927907
3803847.785356697
2902437.75466918
1965209.8384752693
1357479.2798125872
926651.9235397918
652776.4833440556
491303.43598698406
374265.1541797768
277519.86696570273
232976.5580453445
192674.21415074923
165815.72436883516
132720.15469708093
122366.43392658331
93338.0724890176
81222.84896849236
69510.30322148815
61399.51155680375
54812.251673577186
46995.71048451006
38110.18578416325
34381.61311787442
30308.949972274877
28019.6622731498
27070.46484631527
26027.44498053662
23559.43361986737
22531.905598765577
19979.280021076233
984304613.10399
518367015.25793254
312759735.5570627
234491771.9744224
186087467.98703486
140332687.89386457
100077636.1626264
61093058.803467914
40350879.559448905
28703043.32280207
17535672.81339
11272671.516637633
7075886.016913415
5045619.481778962
3803748.2365255407
2469490.4696013704
1324147.6783164092
919322.2248134994
587465.053589947
433580.97457561
331385.66452928283
237604.80498748392
173689.73313395513
145670.56538449597
114508.7535811307
79434.26659381963
73211.83817402528
54006.66649914642
47185.91836776736
38023.70010018865
33249.63533889993
25337.87316525097
24229.259145712243
22479.226161022532
18144.504280040477
14879.000712473764
14237.274531737767
13556.075646117426
11907.283946487169
11755.908722211689
1074899646.7712736
352967260.3146937
187261865.1909774
121560016.10612376
86120016.72405444
57116966.95385491
35724992.78453373
25436532.380362295
14661514.129862657
10415139.656527573
7092890.127001073
4920982.928364227
3584584.8552096197
2475886.7270993893
1688102.371281021
1150134.0633192095
956075.2298797007
721392.5871637842
432027.3830963054
326121.5858795907
239868.96579644794
177293.81782506328
136956.73561173654
105990.44279806169
97756.44119484063
71560.90697410255
53188.35109596295
40729.08318113793
34566.80899921416
30594.096760305176
26531.585688623578
22190.837522466645
20174.44505285103
18983.5890373801
16655.263201093803
16269.247785662923
15075.611547626044
14231.386691979813
13955.018556533687
13491.304742925575
888510042.0005983
422080231.528092
206656719.59675366
149824841.06097546
99505574.10503642
65468105.66868491
42295063.89267248
28748492.567537647
16129089.281229537
9770945.59740723
6759900.231796953
5087847.948131097
3558884.6414164207
2252249.329904126
1723739.505293027
1198521.728922911
863745.9325142599
674605.3919266332
504574.95421615394
302439.39599378273
233878.7294690784
201003.44162795905
148749.29144584673
111727.580347304
86771.02404523629
80901.38901537206
70737.15884418794
59204.96167702945
55911.850075966315
49002.88632736991
44543.77270834145
37801.5925732342
30512.35364788155
26793.85483551599
23971.584671882647
21277.976426239995
20187.38955572873
17878.01339788585
15760.709078599113
15435.35316339197
1057884208.6508907
462892529.07045716
308134849.5640486
224532650.84736156
178900873.0833548
138176464.60783398
93187139.554651
69471533.98515159
51823276.99712613
37397020.67659321
27919391.38667816
19890545.435401116
14071367.64528723
9589300.464052586
6956951.195694899
4494380.6476412825
3127217.793548308
2420611.457065226
1594253.0456536075
1143889.4602098102
865178.9922206904
672088.8650990188
551542.7612513907
404276.82293013175
352245.07691618253
285617.37043567747
213336.75000151596
155362.20796907117
134713.1543792769
104486.49036358409
78518.36164557635
60903.777109938
56994.82009694813
42011.19280089809
30438.484520291036
25009.5798084329
24227.156317050896
21955.85805555383
21585.52828414297
18911.749759217153
1084473445.9119635
481912581.8743654
240295372.9175484
164586322.46293187
112013245.13660587
82765961.19020729
54369103.74328192
36075745.64971894
23111135.160134226
16542433.691058112
11551943.34970875
7213171.065139299
4342090.825554088
2819162.536118501
1927182.9649939223
1373486.9470338763
891511.985710768
588202.1431675118
426346.0462157158
312225.3485983284
219477.0981993884
166974.19346391066
137214.15294651547
119846.66687953944
102203.07345874401
77184.60870138965
66384.1777952731
51473.99817931352
41621.522720083136
31181.55249518813
29749.36854022629
22007.615805326153
18953.204575001724
16158.944969733566
14274.447997927757
13425.14883478702
12690.826084960014
11913.272304804244
11416.447102192717
9436.455866212375
1100745383.9724255
517505962.3059048
300841705.34638035
207363513.27237827
162629527.78542304
111467197.31417759
80560214.30759133
61428207.1341933
40985887.46587759
28549986.459040556
20031858.582540743
13785551.68260153
10822276.207220817
7343868.795210224
4705712.895735718
2453552.568756395
1142252.6178674635
850078.5403992031
543808.3314453793
310072.73245723284
242184.10828793322
180169.0634352522
141293.73398766917
113931.28138077151
101366.41528803585
94438.35257719638
79581.87285946374
74942.74059647956
59627.43772860073
49466.64338882678
36793.50711785248
29929.6325866712
27304.755465585684
24228.79481968021
22733.820357319517
21641.382532785912
19491.177744570847
18635.745214468512
16883.25874893417
15841.65496597971
997426544.5748825
379419818.5247987
226178446.57694146
147934845.64432114
105331243.61549145
73256197.0290378
49428966.846989386
35908312.61620049
25529806.386949286
17405535.7284165
12757597.326544514
9045957.078298144
5303939.487385838
3617380.1532187173
2229138.3505876353
1807202.9224777606
1399802.619674977
858918.813510826
644485.2941147703
480665.7884935123
308297.09357679123
268883.6584449627
182504.77598044657
150765.00348875806
119972.3168084418
105189.56386183307
83409.70980331617
71501.4280078563
63542.933555828815
54610.52889574981
48923.18037198088
44342.261645896346
40117.65452516846
30383.183182346584
27265.143378217774
21545.384508659434
19237.651965538833
17266.554084133644
14204.445295133495
13630.153780689147
1083418888.3176537
538822023.282413
297613473.1592206
220593639.56757423
163485225.50754514
122199619.47956003
85528014.92731315
61622303.34288619
38440652.42568007
28095864.361853775
20268750.841100868
12840281.299124898
9178506.5074193
7283301.803636657
5055237.556956431
3582804.1607302306
2221024.6245071804
1690296.746313297
1261042.800086317
727389.3866332261
540748.6986833084
363378.08009269234
298361.0098611444
238643.8052765621
178510.77599388937
141020.43617785798
108809.01500864983
91927.8009789163
71150.4511936712
58735.499528983404
51862.82550228499
44496.96849318462
40119.68023360644
39520.57305473416
35277.814100065494
31348.19229067722
27186.176001357093
25992.397962540937
22080.37626426915
19677.823419067026
1172938488.5564134
602444282.8052002
371278293.7027711
271550176.18079066
227132673.18936577
175792995.10135522
128133995.9723308
93538737.20899598
69948743.60847558
47165437.80895336
29194989.763230413
22984315.91618419
14697725.889539698
10974346.1531068
8326111.393413123
6150113.033384465
3493674.3191789556
2472854.777228741
1637790.7243272439
1154994.5881886915
859072.4095012774
645438.1572881409
413054.9900125623
306906.4230757525
262376.4784472019
155578.8356581895
119703.46593154626
79372.18030670768
67748.9219022018
51762.834748008834
44254.135095403784
39529.93504913469
34280.72542875039
31053.986416425156
26285.6502320257
23623.013036132623
22811.206139463593
19472.223718028275
17604.744636250904
14736.418750548237
1030970437.8675814
305907314.3239127
91550332.69865458
46907038.08141139
32598782.61050569
20932611.925931707
12308321.720590765
8320806.316169162
1103915968.8846576
353066352.6681765
158260485.61341047
67846726.16254139
36961843.591219485
23064266.946771055
14441648.813622506
8490273.068060504
1096803975.1469898
368671941.55865616
157181984.48120865
62386988.189729564
26271279.401589964
15571692.436340457
10500374.8251958
6145770.663574553
1058466637.0425209
332522836.0141142
109477910.92285547
50697021.422137946
32667228.798967212
23040953.16249917
16534095.667121125
9873001.038856203
1022467792.9189386
420877109.15172094
154677269.8350166
65816303.28082144
41277556.17017224
28780102.24858171
20383602.826866075
14048226.863957243
990742235.3895164
237561796.96423638
102104303.81629175
65676114.81217664
40162147.427401625
28700453.85212481
19927005.93550083
16010376.675194226
983644384.8869343
249503563.9402372
127358643.08328794
69330071.95730574
39911044.9069434
25834294.494419135
18695539.503784694
11876329.907490449
951087705.0843587
253344054.5233782
144596696.74262637
92674630.54234554
51998816.75386574
30423122.305448923
23187896.927089516
16678172.598704318
1046737905.5934757
304090611.5789486
133818963.06928454
86517860.39511082
62725511.85813697
39086405.07667194
24224364.825892873
15632954.892822383
932478609.4349072
354053921.5025595
182326327.9940274
87730240.03939691
52913926.69032722
26069185.67236327
16514075.083026784
9763774.007740991
963321989.6854937
446183720.63249695
292632771.28085816
170617257.1240887
152281925.9893114
143945968.37493667
102022305.62826195
72409153.46149462
1063591127.9857506
472594838.0844433
251473945.58233386
159895436.44428098
117151738.92532726
94798682.68367748
72472857.78006467
44996645.38547538
1140875704.4128754
512587304.8434404
319927631.99763215
276030995.05699337
276030995.05699337
239768200.2985408
214723719.11022916
142728500.0437683
1058495754.5266129
437964355.82862645
235050058.31853184
178427053.43709394
127512044.14255126
100240119.98515944
71355238.73799756
48038078.50659883
946353461.459989
381684381.44173604
199746760.1775193
142533141.98337322
100707488.73248315
70570629.25372437
51832466.080877416
33226623.982265316
963403693.8552206
532836264.56013227
276381523.4760339
228254505.3218605
208205457.63826606
148747710.02458706
102743623.12900385
63820565.04445704
1033558971.9688896
510420494.16289026
270143527.51780957
223223925.01049295
223223925.01049295
223223925.01049295
192990096.9266108
126941266.52417107
1049862752.9610442
636974066.9628838
360588210.0074327
273015946.31103736
207956082.88231164
161789478.02554297
111320714.40205304
83810750.04745921
900076903.2669915
433001611.9577759
191864753.07837737
125166714.4105259
95824095.98455852
67197973.73571745
48219675.04422934
38681239.12185184
891513746.5762157
494069012.80861187
271984841.7629292
191398717.9552709
163969812.22573787
112901432.04026727
90817893.56702836
63162615.52778575
885646895.5570168
339822464.5004473
173209424.2690993
100956157.56958677
61024566.22632824
30735662.84409377
18054074.847945802
9687089.71056871
5459060.837283051
2981637.510130025
1701920.2836242192
910491.6784802743
566018.6971337345
311517.7753247377
183016.51650479838
130057.91762739798
97974.03216613152
75471.31665889057
45808.2677136499
34151.71546549934
1056572569.9428102
235993899.88806725
106826730.98291822
62169011.92450872
32701064.217728693
20477345.47564005
11035350.895476175
7240469.6136619635
3647696.4144686437
1772055.6847656912
1151560.2949395895
695510.7575715092
430501.40434980585
242873.99910801402
156523.3385511832
115244.64656154458
99406.68172922771
69141.20649305629
52302.24130300005
40337.42574466468
844377812.2113695
289490287.32180715
134782099.88468766
77566059.11015299
45500588.43783342
25110015.772708274
13834975.292227222
6323403.935813447
3532365.349327991
1732886.1682870938
994765.1324244087
552537.9903253118
335930.5930460106
236262.6460439546
156203.0471256396
111113.63832426614
83626.43379290558
56967.8388717369
43001.59836449012
29760.544685662117
996896018.7202959
268149912.25101838
124336051.04052444
71552203.48293129
42576451.233725764
23364425.522878267
13864285.165042376
8648670.393919135
5085100.253531223
2658609.17803968
1438651.6107716581
957296.2383350212
570222.4276833836
347049.9053070091
234783.85674712984
160664.53395954054
106657.96821805138
79734.65128468082
52840.87108163009
39350.09842341549
992154463.4029943
298891309.5496391
129375490.56068607
74751442.1514385
37446366.072666004
19590273.418118957
10558581.02894083
4628397.153316436
2464323.062176058
1486959.1584790635
982264.8426385736
641010.5528479912
425720.68363097234
280241.6747800479
192487.73090654175
154023.20182365668
124269.03458322327
91021.18800184001
67213.49704349713
53707.65503084806
1087943648.5785809
291148996.8198664
88589920.24807622
50732103.446789056
26510666.58911601
13293987.053593379
6103690.66176557
2619661.684083562
1743674.4338975186
1057586.2068663954
556772.6577016526
378922.684128676
218933.09855170903
149599.901972845
111823.71161435335
75952.35932251201
59514.68309368904
38511.03438777876
33736.07374996424
29871.85659508912
1073506310.6967188
389545787.6556451
174872637.46133417
86480791.67666927
56445479.150512405
33982469.560693726
18861352.409875486
10867797.87097509
5843959.770665597
3474617.884860708
2055756.9114222392
1082097.7525967995
679586.5018907764
320501.0662343399
213315.50133747028
147449.56867800176
105069.37202174104
76053.91813350619
54137.06622684668
38923.61832539375
1062182042.2917085
255540410.3990467
156951079.93719977
106246905.5325667
51717990.982521534
33177654.79077154
20018093.820961624
11667187.04183059
5905794.116166158
3969443.4006447634
2139528.006609469
1190122.6395806372
682803.6156665048
353058.1777761472
229818.20415551812
143435.5344784315
102354.2432441219
80585.14714234302
67480.52385317083
50394.23596564422
1127579721.6284084
312740369.74767536
140356702.78712437
91937060.27067327
50466090.276726656
29089262.77759137
16629394.456508787
8714473.650692556
4564740.0819862485
2451342.2978263283
1416526.0535936363
654475.928172926
432085.423598977
285502.81627941993
230605.292900915
163232.50181796108
102347.71139980742
78873.1191524228
58786.51498263604
46851.12842120058
1132344806.2181993
251532632.91362926
126948147.61762553
73829851.63408975
44251448.1380698
26251113.69712852
13773167.18672047
8363079.729854816
4802848.911485872
2740337.612646917
1440540.6755764412
754676.6270443054
395245.87928282906
244052.2371038213
151092.21688610766
115548.32523774721
72882.1506863948
54128.99538044855
41484.82160039161
31569.192095958657
982194056.5541745
234905010.13856816
74562933.13916029
28048114.092562698
960027953.8414301
173264554.5298286
46894774.1103921
20315256.93995519
1005002656.4868349
196513537.9139537
78453356.17486814
38227089.72282885
938591973.547831
239378318.22286943
87851916.30492455
42805476.12550963
1012857717.0546238
205564910.33686578
82967189.72684792
32463059.586484104
1034703359.4411733
217075906.7039912
61747008.31260484
21763301.727407217
920083490.7074704
241124109.76670063
55579273.45216489
27785444.660206873
944881582.9129788
210936127.89612272
68802483.50811036
24590998.199023925
849072183.6659329
255357574.64129084
72166632.19136707
39577314.31851329
972176045.851192
271880837.28524935
84092976.21802282
35588742.3080442
815922376.8208035
275407379.0494233
136151420.27858233
77217509.87006442
974782819.648303
235482830.75210053
83623625.297732
46546845.29521073
909564017.9138882
291796320.58503187
133932135.63933016
92611959.08186579
940938229.2626289
302268405.9271975
109417099.75320435
54732065.07162304
1117227704.0176709
362427447.24322003
145418691.32272774
83145619.04284352
848503669.5694538
348123869.9937361
116681651.67064771
56873289.40121304
1005545497.7548095
258734795.81753975
88894664.92304261
52603936.68077123
1095065534.6257088
271649645.07576925
100594608.2540063
58797721.10904353
920027871.7618581
311284198.2326657
155729807.51975343
81531572.73389436
948071123.6183139
303756612.7211499
118208406.53691664
69178592.1618556
