[[[ 9.88542284e+00  1.92678576e+01  5.95676541e+01  9.10863418e+01
    4.38012320e+00  9.65423851e+00  3.65238776e+00  1.66459380e+01
    3.51271816e+01  2.44785198e+01]
  [ 5.48363585e-02  1.38378087e-02  4.79881579e-02  1.42014773e-01
    1.39152707e-01  9.34141045e-02  5.07975542e-02  3.12676616e-02
    5.41399186e-02  4.16818316e-02]
  [-2.36893639e-02  8.94843838e-01 -3.75396084e-03 -7.50684141e-03
   -5.64874592e-02 -3.43436032e-02 -4.59992055e-03 -8.17819226e-03
   -3.56705549e-03 -1.05501819e-02]]

 [[ 4.31110867e+00  1.51956137e+01  1.42355617e+00  9.37101479e+00
    5.32589428e+00  1.56390636e+00  5.47952589e+00  1.60723735e+01
    2.66404138e+00  6.77014270e+00]
  [ 1.40830550e-02  3.00087835e-02  7.12854851e-03  1.76316375e-01
    1.96688361e-02  7.73158237e-02  1.12356816e-01  2.28797570e-02
    9.29017824e-03  8.66301821e-03]
  [-7.63576272e-03 -1.07188098e-01 -1.60590880e-02 -6.37547047e-03
   -8.62557277e-03 -8.98325953e-02 -6.56384584e-02 -1.24222411e-02
   -9.10698880e-03 -3.15895007e-02]]

 [[ 4.53816816e+02  3.75102164e+02  8.64899400e+02  5.44102933e+02
    4.91985367e+02  2.02335304e+02  1.21201192e+02  2.18177555e+02
    6.70574113e+02  1.81096289e+03]
  [ 8.52022287e-01  1.87589470e-01  1.78895073e+00  1.40504687e-01
    1.25099996e+00  1.72793633e+00  3.20444499e-01  4.89719986e-01
    2.47899705e+00  5.79913948e-01]
  [-1.46464004e-01 -3.59082721e-02  5.94070984e-01 -2.74588424e-01
   -1.70493441e-01  6.53625264e-01 -1.00216074e-02  2.68023840e+00
    7.32540105e-02  3.62928408e-01]]

 [[ 7.34685897e+01  9.45589430e+01  4.38619115e+01  5.52217800e+01
    2.46474485e+02  1.19086721e+02  8.69907333e+01  8.27970801e+01
    8.45044566e+01  4.46000193e+01]
  [ 1.11451371e+00  4.02659268e-01  1.25408072e-01  7.87609376e-02
    1.37556651e-01  1.50127005e-01  4.50363622e-02  1.18072993e-01
    1.42982435e-01  1.60912473e-01]
  [-4.98055300e-02 -7.74789805e-02 -3.79852335e-02 -1.30730100e-01
   -4.10289008e-02 -1.19496357e-02 -4.99472120e-02 -2.23800464e-02
   -6.31414396e-02 -1.74936718e-02]]

 [[ 3.53234805e+01  5.11840165e+00  2.30553435e+01  9.93752460e+01
    2.29967026e+01  2.40023205e+01  5.42581498e+01  3.00414400e+01
    1.74330205e+01  2.59687051e+01]
  [ 2.11605354e-02  2.28352153e-01  1.93108522e-01  6.05518561e-02
    5.37245172e-02  1.33207674e-02  2.85092105e-01  6.73746605e-02
    8.25220765e-02  2.27092149e-02]
  [-1.50825526e-01 -3.96711218e-02 -6.48599680e-02 -9.16153281e-03
   -2.05097074e-02 -9.54920617e-02 -4.33484236e-03 -2.97022383e-02
   -7.72422657e-02 -1.12690618e-01]]

 [[ 8.94761698e+02  8.21466555e+02  2.03178876e+03  3.89276254e+03
    1.71219749e+03  4.83810304e+03  1.56048352e+03  1.59490131e+03
    5.08467388e+03  7.74237344e+03]
  [ 1.04638650e+01  1.94224284e+01  5.94081706e+00  1.82914943e+01
    4.55788400e+00  4.40273650e+00  5.02011013e+00  4.97736403e+01
    1.29609632e+01  1.70105063e+01]
  [ 3.49737094e+00  1.08964858e+00  1.01348083e+00  2.35212201e+00
   -2.28592145e-01  1.45665766e+00  3.02952810e-01  1.93862983e+00
   -4.48820373e-02  6.09688907e-01]]

 [[ 7.02536070e+02  5.29583986e+02  4.14424933e+02  1.25545824e+03
    5.56067034e+02  4.73767109e+02  1.76672965e+03  4.15241579e+02
    7.73395760e+02  2.86866257e+03]
  [ 3.88724075e-01  8.00961998e-01  5.30427519e+00  6.69759930e+00
    1.03609310e+00  5.55135932e-01  3.31714515e+00  2.00316001e+00
    1.32295571e+00  2.70188517e+00]
  [-1.49409013e-01 -1.03858620e-01 -1.70355869e-01 -1.29356635e-02
   -5.95815016e-02  3.55935215e-01  6.57782038e-01 -2.07887417e-02
    7.48613391e-02 -3.09737864e-02]]

 [[ 2.90639758e+01  2.81768859e+02  2.60801576e+02  2.37037791e+02
    1.35106950e+02  4.88197646e+02  7.59474419e+02  5.89647600e+01
    7.32460151e+01  3.13423022e+01]
  [ 5.73628047e-01  1.76480396e+00  3.87752149e+00  5.08193738e-01
    3.83582935e-01  8.24074318e-01  6.53141467e-01  7.00740793e-01
    2.29815252e-01  9.67832409e-02]
  [-1.51097464e-01 -1.63035775e-01 -4.61304044e-02 -6.31992101e-02
   -1.84843192e-02 -2.98056705e-02 -6.56161054e-02 -1.44503865e-02
   -9.88909305e-02 -1.82619955e-02]]

 [[ 6.92236886e+04  5.84469630e+04  5.55603651e+04  5.06747449e+04
    2.05557434e+04  2.30902816e+04  4.86482845e+04  5.47509929e+04
    3.51368506e+04  3.20834061e+03]
  [ 3.13173231e-04  1.69238221e+02  4.59492496e-04  2.61627108e-04
    4.96762070e+02  3.18831269e-03  3.81442322e-03  1.09685939e-02
    5.44181630e-03  9.37135403e-02]
  [ 6.07534263e-01  7.17345874e+00  1.63394518e+00  3.03212288e+00
   -2.44252314e-04  1.35677432e+00  6.74160860e+00  6.51705434e+00
    2.67400414e+00  7.49203823e-01]]

 [[ 7.73855402e-02  3.93320442e-02  6.69309345e-02  1.15146958e+04
    1.08862456e-01  2.50112469e-02  8.75496360e-02  1.08445028e-01
    6.35881052e-02  1.49996298e-02]
  [ 6.85473976e-05  3.13141450e-04  1.16396461e-04  2.29826074e-04
    4.67276605e-04  5.30680064e-05  4.67755211e-05  8.27009185e-05
    1.57354260e-04  1.15833138e-04]
  [ 2.54702090e+00  3.59209608e+00  9.75743912e-01  6.95921315e+00
    2.10008479e+00  1.65984973e+00  1.74003244e+00  1.92658129e-01
    6.73294686e-01  2.19846866e+00]]

 [[ 2.63468799e-03  1.79496056e-02  4.70064015e-03  3.98757769e-03
    4.41776390e-03  1.29860242e-02  7.14887506e-03  1.02958749e-02
    7.51826864e-03  6.33859384e-03]
  [ 3.88904457e-05  9.00742275e-05  3.39330637e-05  3.45281133e-05
    4.43369583e-05  2.77494291e-05  3.53930768e-05  6.79328294e-05
    2.11520723e-05  1.99754230e-05]
  [ 4.65121055e+00  1.57928979e+00  7.59557530e-01 -3.96134449e-05
    3.79594396e+00  7.65421347e-01 -1.87551785e-04 -1.54514160e-04
    6.92047758e-01 -1.18183945e-02]]

 [[ 5.42930254e+02  4.37810388e+04  7.04317470e+04  1.33653050e+02
    1.05414167e+02  4.39934727e+01  1.56651863e+04  3.30186056e+02
    1.46460973e+03  3.31584495e+02]
  [ 3.39359447e-01  1.09536700e+01  3.88705808e+01  1.14286348e+00
    1.89013511e-01  8.39704026e-01  2.03582453e-01  1.47357346e-01
    3.20697022e-01  1.38919928e+00]
  [ 7.55284837e-01  6.37008633e+00  1.53801366e+01  4.20407198e+00
    2.37047305e+00  4.27576468e+00  7.18305198e-01  6.54716688e+00
    7.06899129e+00  1.74875585e+00]]

 [[ 1.38284985e+01  1.23335288e+02  3.25126679e+01  4.35739240e+01
    1.76052966e+01  6.35020457e+01  1.46200321e+01  2.94227306e+01
    4.23925305e+01  4.04240464e+01]
  [ 8.33721383e-02  9.89009751e-02  1.60905015e-01  1.06361931e-01
    1.55828070e-01  2.79613096e-02  1.16066241e-01  9.77892435e-02
    8.30015500e-02  1.48366721e-01]
  [ 8.52884040e-01  1.15874790e+00  3.97042361e-01  5.78796465e-01
   -3.86469959e-02  1.38733001e+00  1.35509260e+00  4.81600391e+00
    7.62713916e-01  8.18176498e+00]]

 [[ 1.70790455e+00  1.77170273e+01  9.63558606e+00  3.92555227e+01
    1.00169083e+01  5.18069003e+00  1.35939228e+01  2.67750574e+00
    1.71654157e+01  2.99071255e+00]
  [ 1.32716855e-01  9.08009426e-02  5.54856094e-03  6.17128867e-03
    3.51738020e-02  4.61310977e-02  8.63115102e-03  9.96986117e-03
    1.53687373e-02  1.74428316e-02]
  [ 7.75541592e-01  1.11929103e+00  1.94830210e-01  6.54156952e-01
   -1.10859128e-03  2.19393732e-01  1.30973348e-01  1.56322085e+00
    6.43189973e-01  1.43540109e+00]]

 [[ 3.51479575e+03  3.99246080e+03  7.92603057e+04  1.50346575e+03
    6.13333397e+03  6.42209886e+03  1.24152581e+03  1.54963751e+03
    1.36818501e+02  5.98963326e+02]
  [ 1.75305660e+00  3.21394440e+00  6.58671898e+00  1.51074433e+00
    1.15881089e+01  2.43830432e+00  4.90268825e+00  1.04034309e+00
    1.19754465e+02  6.66949790e-01]
  [ 2.51182379e+00  4.75236192e+00  3.54468023e+00  4.36189543e+00
    1.64357752e+00  6.92387689e+00 -1.11586152e-01  2.70989129e-02
    3.16135375e+00  2.52206656e+00]]

 [[ 5.75510347e+01  1.42034318e+03  6.45287630e+01  6.38387665e+01
    2.35703461e+01  1.05426295e+02  7.78601348e+01  2.22882185e+03
    9.23959581e+01  4.25808758e+02]
  [ 5.76796224e-01  1.27058282e+00  3.00593826e-01  1.20362365e+00
    2.73975056e-01  1.00295424e+00  2.86639006e-01  1.37721013e+00
    7.08956029e-01  6.44403266e-01]
  [ 2.32960876e+00  1.63041024e+00  2.02672536e-01  7.58503323e-01
    3.02015581e+00  2.37881558e+00  4.12935486e-01  3.18537397e+00
    8.63683060e-01  1.12899872e+00]]

 [[ 1.47030754e+01  3.47973613e+01  2.22897172e+01  1.93689644e+01
    1.87697938e+02  9.29094597e+01  6.39943262e+00  1.00483250e+01
    1.09208760e+02  3.64808531e+01]
  [ 1.01693176e-01  1.54344136e-01  1.16994980e-01  1.77595975e-01
    8.02977080e-02  6.50695413e-02  2.75905134e-01  3.08145305e-01
    2.22413704e-01  6.60285282e-02]
  [ 5.15354742e+00  2.38089413e-01  1.34288315e+00  1.63254363e+00
    5.45821332e-01  1.75132610e+00  1.07494608e+00  9.38016056e-01
    3.49456027e-01 -2.91742167e-03]]

 [[ 2.91471312e+03  4.62917412e+03  2.48335016e+04  2.12930990e+03
    2.33352556e+02  2.31247122e+03  3.69529541e+02  7.19934627e+03
    2.19286069e+04  5.00073398e+03]
  [ 1.46911580e+00  1.88953003e+01  3.61688810e+00  1.00445418e+01
    1.49535782e+00  1.75118795e+01  2.50232775e+00  1.51719466e+00
    1.94974917e+01  3.05849520e+00]
  [ 4.13064768e+00  3.40829336e-01  5.19875553e+00  1.67155915e+00
    1.41071801e+04  1.78476560e+00  2.15438653e-01  9.14739932e+00
    1.33104199e+00  9.85250273e+00]]

 [[ 1.76163850e+02  3.96100927e+02  5.69554146e+02  1.67511601e+02
    2.59773267e+02  1.43897653e+02  2.37191512e+02  2.47351323e+03
    1.59424419e+04  2.56199370e+03]
  [ 3.03385265e+00  1.28342744e+00  1.56054772e+00  1.50126600e+00
    2.45507115e+00  3.27106454e+00  1.20499496e+00  1.93078141e+00
    1.49313765e+00  1.55601615e+00]
  [ 2.11250415e+00  2.32359865e-01  9.01525757e-01  8.67019408e+00
    2.16276912e+00  2.08559554e+00  2.50509279e+00 -3.93602552e-02
    1.00085152e+00 -1.15647693e-01]]

 [[ 7.80440307e+01  7.54313899e+02  1.15994138e+02  3.64180562e+01
    4.64610265e+01  2.03796643e+01  1.50466014e+02  4.97137897e+01
    2.61164963e+02  1.14025132e+02]
  [ 3.95770444e-01  6.72976612e-01  4.59568943e-02  4.22761112e-01
    2.61987818e-01  1.16649725e+00  4.56080586e-01  3.60001843e-01
    3.02101351e-01  3.33669422e-01]
  [ 3.97385760e-01 -2.68184108e-02 -1.01775532e-02 -4.23780618e-02
   -5.92920373e-02  6.11272768e-01  4.61753338e-01 -5.55605034e-02
    3.07718833e-01 -1.60773241e-02]]

 [[ 5.05878915e+04  1.91729235e+03  2.14933013e+04  1.17079572e+03
    2.30188286e+04  2.71730189e+03  2.96433412e+04  1.35831703e+04
    1.36902746e+03  7.02281649e+04]
  [ 1.07744017e+01  8.54566784e+01  9.15884037e+01  2.99068974e+01
    2.57827116e+00  7.72490649e+00  1.33369859e+01  1.36968708e+01
    4.40858828e+01  2.79036494e+01]
  [ 1.94420186e+00  5.11615883e-01 -1.19390408e-03  1.22339378e+00
    1.06605554e+00  3.10796773e+00  9.67480677e-01 -1.22823802e-01
    1.85464501e+00  5.70443858e-01]]

 [[ 8.63425745e+02  1.56647881e+03  1.28105979e+03  8.56943647e+02
    6.44111539e+03  7.11194696e+03  6.73682507e+03  1.41707933e+03
    2.16044488e+02  1.97373009e+03]
  [ 3.64672093e+00  4.68163254e+00  6.91637649e+00  1.45861907e+01
    2.31179054e+00  3.86438020e+00  4.47980106e+00  1.92986304e+01
    6.20716804e+00  3.14098623e+01]
  [-1.19616066e-02  1.14000217e+00 -5.76418030e-02  2.05016136e+01
    1.35023438e+00  1.12256858e+01 -9.18430349e-03  6.52143533e-01
    9.73407197e-01  1.58904091e+00]]

 [[ 1.66145157e+02  2.68890243e+02  3.03895883e+02  7.14059483e+02
    5.82032698e+02  5.62797633e+02  2.97753378e+02  6.39817307e+02
    5.98012033e+02  1.21809674e+02]
  [ 1.09076076e+00  6.04846725e-01  3.13342346e+00  2.24464242e+00
    9.06358954e-01  4.00515796e+00  1.37855446e+00  2.24868008e+00
    1.02132902e+01  6.96228825e-01]
  [-6.00187414e-02  1.66074480e+00  2.29539276e-01 -2.19948699e-02
    2.04453049e-01 -2.71474620e-02 -3.73072190e-02 -1.03649030e-01
   -5.00302363e-02 -1.80364405e-01]]

 [[ 3.12037355e+04  7.02178183e+04  1.09311801e+04  1.56888097e+04
    1.84660842e+05  4.39195709e+04  1.68748430e+04  5.37566765e+03
    1.53265559e+05  7.31933665e+04]
  [ 7.03927654e+02  1.51373663e+02  7.04530736e+01  9.77154313e+01
    1.61995393e+02  2.33711698e+02  1.24069985e+02  8.45727053e+01
    1.64656784e+02  1.02280038e+02]
  [ 1.31500538e+04  1.27105151e+01  1.94224299e+02  3.77094207e+05
    4.75150025e+00  4.29720231e+01  6.94257864e+00  3.51907247e+03
    8.22410729e+00  5.64840357e+05]]

 [[ 8.41576818e+03  8.01068518e+03  4.35862418e+03  2.16422769e+04
    2.91756391e+03  5.26699663e+03  7.81083902e+03  3.06281700e+03
    2.23086014e+03  2.83142249e+03]
  [ 1.77951556e+02  2.86673041e+01  1.99543659e+01  2.57988642e+01
    2.32344411e+01  5.56186133e+01  1.64354000e+02  3.75621325e+01
    1.02267391e+02  2.74258278e+01]
  [ 7.61151561e-01  5.40424919e+00  2.04411119e+00  3.82662735e+00
    1.40186090e+00  3.85369631e+00  3.79470996e+00  1.12622503e+00
    1.09120210e+01  2.46333267e+00]]

 [[ 2.50110300e+03  1.00111973e+03  7.81178292e+03  1.84229369e+04
    1.68758301e+03  3.50201808e+03  2.92152649e+03  3.46713809e+03
    9.07092189e+02  5.59120061e+03]
  [ 1.18392906e+01  1.54075300e+01  1.07657815e+01  7.06389990e+00
    2.03722638e+00  5.19479746e+01  1.46638975e+01  3.55965169e+01
    7.64264825e+00  4.45908546e+01]
  [ 6.44795267e-01  1.51460550e+00  1.07986772e-01 -2.69896161e-02
   -1.32432723e-01  3.85603431e+00  3.59983871e+00  1.01401145e+02
   -3.31555720e-02  7.96461770e+03]]

 [[ 8.39522083e+03  3.34212543e+04  2.58848821e-02  5.12752084e+04
    4.70717725e+04  2.81184778e+04  5.79695643e+04  6.93806899e+04
    1.09743216e+04  4.95323387e+03]
  [ 1.78922265e+02  1.47003818e+01  8.04124957e-04  7.02857212e-04
    1.82675450e-04  4.71570881e-04  4.44726684e-04  8.76016780e+00
    5.52793599e+01  1.06484502e+02]
  [ 9.96364227e-01  4.44142755e+00  4.57259002e+00  5.06546017e-01
    1.62696358e+00  3.05295291e+00  1.31462677e+00  4.98394721e+00
   -1.55299269e-03  3.95286076e+00]]

 [[ 2.93990221e-02  2.85946109e-02  1.84464449e-02  4.13647786e-02
    2.36820898e-02  3.29407711e-02  5.73707843e-02  2.28812644e-01
    6.53334511e+02  1.83752662e-02]
  [ 2.08640710e-04  9.14381546e-05  1.24465756e-04  9.02303360e-05
    1.18857307e-04  1.05957280e-04  2.55797098e-04  3.12575572e-04
    1.55548058e-04  2.66535133e-04]
  [ 1.15779427e+00  9.49889138e-01 -1.81191920e-04  2.33690300e+00
    3.33520194e+00 -1.03720285e-03 -4.90684867e-04  1.57048212e+00
   -2.33991109e-03  8.25246383e-01]]

 [[ 2.80687729e-02  1.67846872e-02  8.85878517e-03  8.46242203e-03
    4.96576108e-03  5.04052858e-03  2.69262194e-02  9.04956363e-03
    5.14640976e-03  4.69157124e-02]
  [ 4.22461818e-05  3.54383047e-05  3.67207387e-05  3.27155333e-05
    3.33984848e-05  2.08631379e-05  6.31902695e-05  7.67683156e-05
    3.26466493e-05  1.96777577e-05]
  [ 3.98420748e+00  1.38269679e+00  2.00779929e-01  1.67655627e+00
    9.38830361e-01  1.32765883e+00  1.83230270e+00 -5.08528795e-04
   -5.09999005e-04  1.32559759e+00]]

 [[ 3.66321536e+03  3.30903033e+04  5.52802540e+04  1.04625297e+03
    4.53126244e+03  1.36731284e+02  3.11520094e+01  2.93684133e+04
    2.12390140e+04  3.12927925e+03]
  [ 1.99093396e+00  1.56396937e+01  1.35536270e-01  6.38325642e+00
    1.01770703e-01  5.36166934e-01  6.54990173e-01  8.15420318e-02
    1.80025895e-01  3.52589031e-01]
  [ 8.20865772e-01  1.74810474e+00  3.36696299e+00  2.84233073e+01
    2.35469774e+00  5.58414379e+00  1.18608053e+00  7.87811382e+00
    7.60046851e+00  1.40666968e+00]]

 [[ 7.32557264e+01  7.73469198e+00  3.85736217e+01  1.64915093e+01
    2.54388038e+01  9.88100827e+00  1.20912250e+02  2.37624523e+01
    6.46516146e+00  1.60994213e+01]
  [ 9.20548392e-02  1.79919284e-01  1.18318714e-01  1.57934029e-01
    1.04035015e-01  8.79536932e-02  7.71511528e-02  1.69275816e-01
    1.15037188e-01  2.07951865e-01]
  [ 3.22756531e-01  1.89579798e+00  7.41596336e-01  1.06747750e+00
    6.85459438e+00  1.22034949e+00  6.52226035e-01  1.22739428e+00
    1.49940678e+00  2.22713592e-01]]

 [[ 1.28274782e+01  1.56860455e+01  9.04213317e+00  1.33715231e+01
    9.30960716e+00  4.98353278e+00  4.46745490e+00  1.02477617e+01
    6.18121058e+00  1.53724066e+01]
  [ 3.61795177e-02  2.77209369e-02  2.94635430e-02  4.28724558e-02
    6.39935775e-02  3.12958856e-02  4.94138769e-03  2.97403274e-02
    3.50376819e-02  8.94239888e-03]
  [ 3.45247914e-01  4.05576580e-01  2.79221748e+00  1.05701501e+00
   -1.35068395e-02 -6.01115472e-03 -5.22104323e-03  1.13423700e+00
    3.06022353e-01 -2.60214014e-03]]

 [[ 2.27236190e+02  1.00113216e+02  6.00741608e+02  2.60837171e+02
    8.99818379e+02  1.50678003e+03  4.83572261e+03  1.16710203e+04
    1.41627120e+02  1.05426835e+03]
  [ 2.31467168e+00  7.01375953e-01  1.31171237e+00  6.81963149e+00
    1.28063353e+00  1.15161937e+00  6.56909673e-01  1.24283282e+00
    1.79957829e+01  3.09311311e+00]
  [ 1.00394195e+00  6.38512411e-01  1.97851510e+00  6.63602118e+00
    4.28746393e+00  1.23903236e+00  3.31878986e-01  1.01591624e+00
    9.53729724e+00  2.30595255e+02]]

 [[ 1.81650956e+02  1.55137272e+02  4.70347507e+01  3.81268134e+02
    1.04059540e+02  1.13220563e+02  3.38552071e+01  2.78746110e+02
    7.97412260e+02  3.66835891e+02]
  [ 3.20756330e-01  3.67032261e-01  2.61898473e-01  1.92659778e+00
    4.52309181e-01  5.65037956e-01  6.80238909e-01  2.24155239e-01
    1.36819893e+00  2.54150544e-01]
  [ 2.82458255e+00  3.68395230e-01 -8.93304692e-02  1.95171843e-01
    1.02599114e+00  1.49484006e+00 -3.95660766e-02  6.54364752e-01
    1.60252101e-01  8.21051897e-01]]

 [[ 6.33510957e+01  1.66449828e+01  1.85056261e+01  2.14374364e+01
    4.00805103e+01  4.83311198e+01  4.34970523e+01  3.30586445e+01
    2.48298801e+01  1.38050543e+01]
  [ 2.63332961e-01  2.30399576e-02  9.16198044e-02  4.75974913e-02
    1.95437907e-01  4.65891525e-02  5.55592009e-02  1.44554265e-01
    2.46169623e-01  1.28533963e-01]
  [-7.20294120e-03  1.53877438e-01  7.57141952e-01 -2.98280173e-02
    3.04849853e+00  7.54217733e-01  4.60722517e-01  5.09604798e-01
    1.22148019e+00  4.63417241e-01]]

 [[ 7.23286511e+02  3.24190684e+02  8.58153771e+02  5.34824389e+02
    1.88048166e+02  6.27359993e+03  6.38779128e+02  2.63497535e+04
    1.29666314e+04  5.40751247e+02]
  [ 6.37788268e+00  1.16436499e+01  3.69991773e+00  2.59610793e+01
    3.22583346e+00  5.66420299e+00  3.06194289e+00  4.22043888e+00
    2.69294604e+01  2.70736081e+00]
  [ 3.21118722e+02  1.00867161e+03  8.53295067e+01  3.76324573e-01
    2.56014667e+00  2.08147901e-01  3.14596432e+00  4.30909575e-02
    8.36116269e-01  1.03603068e-02]]

 [[ 1.36418123e+02  5.33605285e+02  3.07169086e+02  3.08738166e+03
    2.90826543e+02  4.75867835e+02  6.94767651e+02  8.05011150e+02
    1.43498955e+02  1.91339514e+02]
  [ 2.17316700e+00  1.33475731e+00  3.37375678e+00  8.51717024e-01
    2.37456033e+00  1.71039447e+00  9.22887069e-01  9.08891882e+00
    2.31045085e+00  1.04613863e+00]
  [ 2.18845789e-01  8.11983866e-01 -1.17193642e-01  2.65536529e+00
    1.07431483e+00  1.43197795e-01  6.96103278e-01  8.00765360e-01
    1.70237928e+00  4.50303269e-02]]

 [[ 9.00651492e+01  1.82513818e+02  1.14077725e+02  5.95901932e+01
    3.67549393e+01  9.53225839e+01  8.23795701e+01  1.91759672e+02
    1.33055377e+02  1.05697876e+02]
  [ 2.43043112e-01  2.71646627e-01  6.71563455e-01  7.55705206e-01
    6.40329522e-01  6.83954077e-01  2.69042293e-01  3.56266231e-01
    1.63124088e-01  3.04044069e-01]
  [ 8.49113398e-01 -1.09907134e-02  5.92608994e-01 -3.08166318e-02
    8.98119852e-01  7.84057309e-01 -1.78553373e-02 -1.58996573e-01
    4.35720333e-01  8.54868033e-01]]

 [[ 9.70119632e+03  2.95471276e+03  7.59609088e+03  4.31750378e+04
    1.22480558e+03  2.12721133e+04  1.75382310e+03  1.82865021e+03
    9.17718528e+02  1.74526284e+03]
  [ 3.28743673e+00  7.76271185e+00  5.15205329e+01  2.72307749e+01
    1.54244911e+01  1.10305636e+01  1.63111732e+01  5.35951438e+01
    1.97010416e+01  9.00913964e+00]
  [ 9.50905610e-02  2.54316212e+01  5.18106567e+00  2.25549643e+00
    8.84716890e-02  3.70644800e+00 -6.30435034e-02  9.59440655e+00
    1.07357437e+00  1.48837499e+00]]

 [[ 2.23163214e+03  1.81715209e+03  2.44579590e+03  1.04982836e+03
    1.41614821e+03  8.45231682e+02  8.62188809e+03  6.35678778e+03
    2.50866237e+03  6.75369725e+03]
  [ 1.24613283e+01  3.04750430e+00  1.38825449e+01  5.21696680e+00
    1.28962087e+00  3.09209261e+00  2.68689754e+00  6.21175095e+00
    1.79584113e+01  7.72633763e+00]
  [ 1.03768043e+00  3.11327133e+02  1.34576742e+00 -2.11734324e-01
   -7.16199226e-02 -1.45853320e-02  2.13488500e+00  8.78307128e-01
    2.93821342e+00  2.69812337e-02]]

 [[ 8.38141104e+02  4.29677204e+02  4.92885247e+02  1.64152048e+02
    1.04893506e+03  1.03351112e+03  7.21150356e+02  3.49052718e+02
    8.17138460e+02  8.17827193e+02]
  [ 5.54202037e-01  1.60034578e+00  6.27224311e-01  1.87353969e-01
    8.26726637e-01  1.33371951e+00  2.57591801e+00  1.52028202e+00
    9.08633669e-01  1.63465370e+00]
  [-2.28128088e-01 -4.35259571e-02 -1.79557427e-02 -8.14787579e-02
   -1.17370954e-01  6.58149654e-01  2.30477535e+00  9.56029788e-03
    3.14490491e-01 -7.25963489e-02]]

 [[ 4.95160145e+04  4.33568416e+03  9.81611992e+03  4.26495463e+04
    1.16514515e+04  4.67703991e+04  7.21889834e+04  6.48256937e+04
    1.39240224e+03  8.24674450e+04]
  [ 1.11253175e+02  2.08771552e+01  1.28950825e+02  3.75048708e+01
    1.43446606e+02  1.85934529e+02  1.91719727e+02  1.21550181e+02
    2.84894319e+02  1.88804184e+02]
  [ 6.14501575e+00  2.30917994e+03  1.30356655e+03  3.95867582e+05
    1.48988922e+01  9.94134065e+03  2.88339343e+01  4.75869714e+06
    1.00058502e+04  2.33627934e+01]]

 [[ 1.71292461e+04  5.68839870e+03  5.84483919e+03  1.50530773e+04
    3.11228032e+03  1.75164319e+04  7.56912862e+03  5.21695242e+03
    3.93538785e+03  4.10389426e+04]
  [ 1.26237162e+02  9.21971516e+01  3.78654646e+01  1.08443442e+01
    2.78656136e+01  3.63668967e+01  9.39671141e+01  3.02617157e+01
    3.16096124e+01  2.38133979e+01]
  [ 2.97082459e+00  1.30443516e+00  3.31614507e+00  7.04012411e+00
    9.37745540e+02  3.15347382e+03  2.31841936e+00  2.40935089e+01
    1.74839122e+00  6.58945335e+00]]

 [[ 2.26843494e+03  5.02594414e+03  2.78073470e+03  3.12047885e+03
    3.09413661e+03  1.94854669e+03  3.05154356e+03  2.81271310e+03
    1.93050817e+03  1.83229125e+03]
  [ 5.30712460e+00  6.58160719e+00  9.37438117e+00  2.49741751e+00
    1.21182364e+01  9.80829378e+00  3.20662049e+00  1.76601105e+01
    9.29501130e+00  4.24034636e+01]
  [ 9.82357667e-01  5.20312200e-01  2.55623177e+00  4.87897131e-01
    1.16310463e-01 -3.36534102e-02  2.37320322e+00  2.07533592e+00
   -1.71439197e-01  2.05109028e+00]]

 [[ 5.42331353e+04  3.22674344e+04  5.06700948e+04  5.09502918e+04
    1.70142746e+05  1.77535490e+04  2.94958325e+04  1.73151806e+04
    2.13549641e+05  3.56911359e+05]
  [ 5.76317836e+02  7.38675256e+02  9.68935465e+02  9.85690044e+02
    3.38919828e+02  5.86561079e+02  1.34534740e+03  2.00376057e+03
    1.33519354e+03  9.13964261e+02]
  [ 1.17981771e+01  1.17678729e+01  3.80976406e+00  3.51906336e+05
    1.21070873e+01  1.82567588e+04  2.57646098e+00  1.57514072e+06
    2.82278618e+01  7.59366664e-01]]

 [[ 3.42662437e+05  1.60905138e+04  2.21468904e+04  9.73311478e+04
    2.38464658e+04  2.43242084e+05  8.03068593e+04  2.87226664e+04
    7.61332266e+04  4.55765429e+04]
  [ 1.45030194e+03  6.77414151e-01  2.52793527e+02  1.22392063e+02
    2.46590668e+02  3.72457412e+03  4.31290032e+02  5.91841887e+02
    1.61560064e+02  6.96145125e+00]
  [ 2.63406251e+01  4.00638988e+01  1.09948413e+00  1.21803812e+01
    4.66353908e+00  8.55789883e-01  1.33928606e+00  3.01383111e+00
    8.03819152e+00  1.20791979e+01]]

 [[ 9.51135665e+02  9.21923665e+02  7.37346714e+04  7.94352259e+04
    1.14498870e+02  1.66002649e+02  3.13878423e+03  4.60430277e+01
    3.76879268e+02  1.29768845e+02]
  [ 7.20652222e-04  6.17209990e-04  1.50265600e-03  4.75193446e-04
    7.12445145e-04  3.77456196e-04  7.35800675e-04  5.69395591e-04
    1.12874660e-03  7.74990998e-04]
  [ 1.57679124e+00  1.36809159e+00  3.38870669e+00  5.72719720e-01
    1.29839103e+00  1.14885221e+00 -4.28213228e-04  9.40749563e-02
    1.36118416e+00  5.25408792e-01]]

 [[ 1.41444868e+05  3.63948316e+04  1.40236202e+05  4.31799892e+04
    5.09731857e+04  1.69143995e+04  2.62683671e+04  1.74481582e+05
    2.15633063e+05  1.27305046e+05]
  [ 4.85777753e+02  2.12373377e+02  4.04418723e+01  4.75735535e+01
    4.05469125e+02  2.25218005e+03  1.64504691e+02  1.03547452e+03
    2.48709712e+03  1.81312576e+03]
  [ 2.84684885e+00  6.53044961e+03  9.74105458e+00  3.97876899e+00
    8.12552206e+05  1.45894478e+00  1.79827447e+03  2.58428736e+02
    2.43521089e+00  7.12286439e+03]]

 [[ 1.96460016e+04  2.57234767e+03  5.64260295e+04  6.86320535e+04
    8.84981244e+04  9.50204612e+04  1.91416011e+03  2.99438831e+04
    1.03897647e+03  8.66594352e+03]
  [ 7.63443881e+00  1.30588674e+01  9.59181482e-01  2.39955840e+00
    9.39049206e-02  6.75011780e+00  2.34366196e+02  1.55826062e-01
    2.68415422e+02  1.12359331e+00]
  [ 1.76588547e+03  5.88325700e+00  2.08514780e+00  7.87339229e+02
   -5.58878435e-02  3.41990179e+00  3.22561451e+00  6.42042973e-01
    7.02311733e-01  1.23452315e+00]]

 [[ 4.52844185e+04  2.62068791e+01  1.05067441e+04  1.05914009e+03
    3.45831034e+01  6.79115131e+01  4.42851824e+02  1.50024165e+02
    3.14497175e+01  1.07731716e+03]
  [ 2.60333880e-01  1.70810795e-01  1.38234015e-01  1.06100403e-01
    1.93304629e-01  1.78856506e-01  1.40583307e-01  1.51993106e-01
    3.13665466e-01  2.73598443e-01]
  [ 4.26259493e-01  3.54563418e+00  7.82635580e-01  1.68546122e+00
    5.26251078e+00  1.91611568e+00  1.92173807e+00  7.81930066e+00
    9.61555778e+00  5.16390892e-01]]

 [[ 1.03022806e+05  6.29406183e+04  1.82811998e+05  2.12482176e+04
    1.01881320e+05  4.30600705e+04  4.74890104e+04  3.57048109e+04
    3.24209949e+03  2.86180431e+04]
  [ 3.96889500e+02  4.83663268e+02  1.27563367e+03  2.19100367e+02
    4.02596837e+02  7.59145161e+01  6.71770728e+02  3.43124695e+02
    5.06660679e+03  1.78521422e+01]
  [ 5.44608272e+00  1.16547002e+05  4.42146858e+06  1.02741188e+01
    6.51925992e+04  6.76784054e+00  3.24301123e+06  9.10615253e-01
    4.83757804e+00  9.12623030e+04]]

 [[ 1.25227094e+02  3.24276633e+03  1.11364183e+03  7.58493739e+02
    2.26796458e+04  5.38722843e+04  1.78902666e+03  4.83137283e+03
    1.44140376e+04  9.76966397e+04]
  [ 3.65718703e+01  1.45822387e+00  3.70458610e-01  3.67560074e+01
    1.11459404e+01  2.78225963e+00  7.03462108e+00  1.10790617e+01
    1.76571834e+01  4.13661200e+01]
  [ 5.15903954e+00  1.62013075e+01  1.28353338e+01  1.44989024e+00
    5.97900371e+00  1.82008979e+00  5.32839421e+00  8.56807253e-01
    9.39902110e+00  2.30359682e+00]]

 [[ 5.63198444e+04  4.63462476e+01  9.67093059e+02  1.81079925e+02
    4.95366803e+03  1.84175976e+02  1.99923624e+02  1.05970074e+03
    1.39190339e+04  6.67744087e+02]
  [ 3.60086814e-01  1.73406703e+00  9.36439960e-01  1.43445586e+00
    2.32847418e+00  1.34728686e+00  1.45816066e+00  4.85962542e-01
    1.03250751e+00  9.42123836e-01]
  [ 5.34917367e+00  1.36059038e+00  3.80007423e+04  1.88592087e+00
    1.57421746e+00  1.57273456e+00  2.94051119e+00  2.67982940e+00
    1.91818818e+00  1.18769761e+04]]

 [[ 1.10141945e+04  3.88092186e+03  1.00098060e+04  4.66154611e+04
    4.12783977e+04  1.15259637e+05  1.57178392e+05  5.81392747e+04
    1.15926214e+05  1.60992421e+04]
  [ 7.55070891e+01  6.50017797e+01  1.72437845e+02  3.63917378e+02
    5.20859632e+02  7.83276707e+02  9.74598142e+02  4.12831102e+02
    3.14019941e+02  9.41431290e+01]
  [ 4.49438330e+04  2.93541139e+00  1.03987944e+06  3.51017846e+05
    1.78446838e+00  1.03576901e+01  1.48522020e+04  7.04165518e+00
    2.03019773e+01  7.13680387e-01]]

 [[ 4.55122785e+04  9.56640186e+03  1.06514854e+05  8.26791126e+03
    1.48620521e+05  1.34808725e+04  2.62059257e+04  4.50946648e+03
    1.93431392e+05  4.03614410e+03]
  [ 6.41105387e+00  9.17846287e+02  1.44761870e+01  1.69149461e+02
    2.77389546e+01  1.57384800e+01  4.38761665e+00  2.96980155e+01
    4.80527851e+00  2.66257105e+01]
  [ 1.94465513e+01  8.86757643e-01  7.48640987e+00  1.26718344e+01
    7.88466646e-02  1.06960727e+01  3.31822068e+00  3.86662499e+02
   -5.27389664e-02  1.20430642e+00]]

 [[ 2.58450026e+03  1.92117457e+02  4.53552249e+03  1.00296135e+03
    3.39204639e+03  4.36439105e+02  6.59560045e+03  8.74132069e+02
    1.85142649e+03  2.12385935e+03]
  [ 1.52986986e+00  2.26056998e+00  3.74338625e+00  2.36657656e+00
    1.13222351e+01  1.00690713e+01  7.96940449e+00  8.03372299e+00
    2.40074267e+00  4.71571978e+00]
  [ 1.15661372e+00 -5.17001733e-03  8.02667728e+00  1.32360407e+00
    1.10971958e+01  1.50954020e+00  1.87679668e+00  5.89898499e+04
    1.13871327e+00  4.80834984e+00]]

 [[ 7.45959566e+04  2.05608434e+05  4.85434463e+04  1.97412831e+05
    3.45754976e+04  6.80885929e+04  3.58441025e+04  2.71130216e+05
    7.74198130e+04  5.74069180e+03]
  [ 1.03775976e+03  9.42034723e+01  3.21519962e+02  2.58220399e+03
    1.81536033e+03  5.02875401e+01  1.54980020e+02  4.07879612e+02
    8.86963991e+01  3.47394586e+02]
  [ 7.46275717e+01  8.96814774e+04  4.79087395e+00  3.42607767e+04
    8.41602673e+00  2.28314401e+04  1.40885456e+07  2.77013548e+05
    4.14412056e+00  2.87488059e+00]]

 [[ 5.94592051e+03  4.13663430e+04  6.24825155e+03  1.17288031e+04
    1.56440350e+03  7.52700188e+03  1.12099131e+05  1.34266653e+03
    4.28750183e+03  1.17718937e+04]
  [ 3.08598959e+01  3.06969052e+01  7.54672238e+02  1.20386600e+02
    7.59589161e+01  2.35860875e+02  1.39876367e+01  6.26429615e+02
    1.44706580e+02  8.57219862e+01]
  [ 3.87039369e+00  4.45193895e+00  3.71580402e+04  5.54305179e-01
    9.50005043e+00  9.48796062e+00  1.62441814e+00  5.19369086e-01
    1.70888866e+04  8.81464032e-01]]

 [[ 1.74553010e+04  6.91992866e+02  7.45721171e+03  3.13817048e+03
    1.67928299e+04  6.14940256e+03  1.66992152e+03  1.46904214e+03
    1.35492172e+04  3.63511266e+03]
  [ 5.12429322e+00  4.10343138e+01  1.20217207e+01  1.56893956e+01
    1.90971714e+01  1.18782944e+01  1.05780563e+01  2.65085972e+01
    1.34947961e+01  7.59044068e+00]
  [ 3.46776197e+01  1.49516030e+01  8.44907342e-01  4.25894943e+00
    3.30308019e+03  1.20831052e+01  1.43844923e+00  1.76984289e-01
    1.97390678e+00  2.45664971e-01]]

 [[ 3.77091677e+04  1.48562787e+05  7.86797058e+04  2.29621955e+04
    2.01305295e+05  5.92755833e+04  8.66546082e+04  1.80969793e+05
    3.08000782e+04  5.58992790e+04]
  [ 5.63129269e+03  5.95081910e+02  2.43456093e+03  8.41181629e+01
    2.36266101e+03  1.39237315e+03  1.62794697e+02  5.60614162e+02
    7.69724649e+02  3.28295850e+02]
  [ 1.58990618e+05  1.69692594e+06  2.21099391e+06  3.85795222e+04
    1.24752022e+05  1.14057897e+07  6.98376290e+05  2.65432586e+06
    7.01412715e+06  1.19487263e+07]]

 [[ 1.00871839e+05  3.40376739e+04  8.29813267e+04  2.14172155e+04
    1.45073047e+04  7.68300863e+04  2.18209865e+05  1.99630975e+04
    7.81958624e+04  4.62076972e+04]
  [ 1.52417232e+02  4.36742840e+02  1.19985988e+03  9.11506173e+01
    5.40639979e+02  1.37712444e+02  3.19436893e+02  4.01784569e+02
    1.23831938e+02  3.88279028e+02]
  [ 3.26184908e+06  8.54821322e+04  7.45218078e+00  5.47368332e+05
    1.57915342e+06  1.23616720e+01  1.00151336e+01  1.48488833e+01
    2.83684374e+00  5.81039200e+05]]

 [[ 1.51648140e+04  5.78281358e+04  8.56929343e+04  1.09199329e+04
    1.52571057e+04  2.05598535e+04  6.37926384e+03  2.17729749e+04
    6.18909762e+04  2.78668584e+04]
  [ 1.81653653e+02  5.42013195e+01  9.77313256e+01  7.78481400e+01
    1.99938126e+02  5.91299808e+01  4.37855142e+01  1.04588644e+02
    1.09084284e+02  3.54353357e+01]
  [ 4.89478166e+00  1.23200994e+00  2.08065876e+02  3.31082982e+00
    3.13348658e+00  1.42641446e+04  4.84977971e+05  3.26801675e+05
    2.66761128e+00  2.21387143e+00]]

 [[ 5.32859563e+04  8.31978173e+04  1.94754692e+05  2.58473751e+04
    9.55006936e+04  1.07494762e+05  1.49551364e+05  7.81588999e+04
    1.93159437e+05  5.31509636e+04]
  [ 4.67462674e+01  1.04895151e+03  2.07555413e+03  2.03811636e+02
    1.39757589e+03  7.90158105e+02  5.17121852e+01  5.74131180e+02
    7.33198960e+02  2.16108380e+03]
  [ 7.55255900e-01  5.61831403e+01  9.12599395e+00  2.61987372e+00
    2.77640565e+04  1.79663603e+01  8.58552399e+00  6.97184481e+00
    4.72064994e+00  4.40494961e+00]]

 [[ 1.13589750e+05  7.46328412e+03  3.89728948e+04  2.24722426e+05
    2.64158674e+04  1.70930771e+04  8.17424987e+03  1.87867238e+04
    7.27437668e+04  2.50859206e+04]
  [ 2.92156260e+02  1.29453985e-03  4.38043201e+00  1.23613828e+02
    1.40111425e-01  1.77328010e+02  1.65963177e-03  1.08364479e+01
    1.08786717e-02  8.13989311e-01]
  [ 2.57141956e+01  1.86744713e+00 -4.91757222e-03  4.93580677e+00
    3.43202699e-01  8.47313368e+00  9.80268837e+00  5.50616147e+00
    1.14213366e+03  3.41958580e+00]]

 [[ 4.29095566e+03  5.95353201e+00  3.81484830e+01  1.58794142e+02
    3.40550639e+02  2.55473008e+04  4.43005969e+04  3.84209264e+03
    2.44625487e+01  1.40142970e+03]
  [ 1.23023610e-04  2.65241800e-04  7.12733519e-04  3.96264458e-04
    5.23950674e-04  5.39613612e-04  5.21733883e-04  2.92548941e-04
    2.01742533e-04  2.44408959e-04]
  [-4.04842643e-05  1.14809625e+00 -5.16529832e-03  2.33182246e+00
    7.24350057e-01  2.67814510e+00  2.02284776e-01  1.03207781e-01
    1.25403017e+00  3.66785757e+00]]

 [[ 9.23997152e+04  3.52484743e+04  4.10048770e+05  1.64228840e+05
    2.08866539e+04  1.10560226e+05  5.61608772e+04  6.25548226e+04
    2.68674804e+04  5.65582151e+04]
  [ 1.08676104e+01  6.78519328e+02  2.98347291e+01  1.76489429e+02
    6.49056216e+02  5.25053385e+01  6.16625390e+02  3.04844097e+01
    3.34880694e+02  3.01410308e+01]
  [ 2.20759042e+04  2.26482522e+04  1.17071126e-01  3.33154021e+00
    1.92690871e+01 -2.01133261e-02  2.21723630e+01  3.90251314e+00
    1.90553939e+00  3.01967415e+01]]

 [[ 4.88830824e+02  8.31867805e+03  8.53927077e+02  7.84829593e+03
    6.21220965e+04  1.72118230e+04  4.75117369e+03  4.46822465e+04
    1.06179697e+05  3.07853478e+03]
  [ 5.45766482e-01  3.55884270e+00  2.42412419e+00  2.33432184e-01
    8.82942617e-01  1.30098562e+00  1.92361493e+00  1.19948898e+00
    1.01301774e+00  1.02084256e+00]
  [ 9.95636547e+02  1.25982962e+00  9.61278576e-01  2.57204848e+00
    1.06945857e+01  2.64521570e+00  1.20702439e+01  2.80798850e+00
    5.78453988e+00  1.18293914e+00]]

 [[ 3.93079038e+03  7.04631053e+01  3.86087853e+02  4.84611209e+02
    1.26084347e+02  5.48799101e+01  5.23553085e+01  2.69414838e+03
    5.63398328e+04  2.98817937e+02]
  [ 2.82922696e-01  1.42140049e-01  4.65694922e-02  2.62200282e-01
    6.28625957e-01  7.35936570e-01  1.66950313e-01  2.44520359e-01
    6.39170939e-01  1.55869929e-01]
  [ 1.13326441e-01  2.25284938e+00 -1.09237299e-03  7.88677692e-01
    1.43865584e+00  2.23371077e+00  6.88580980e+00  1.35294347e+00
    1.16576697e+00  3.27800391e+00]]

 [[ 3.17878341e+04  1.17844691e+05  6.88637388e+04  2.78270118e+04
    2.46890737e+04  5.19694157e+03  1.19081690e+05  2.86647526e+04
    9.77743604e+03  7.56731708e+04]
  [ 1.53635504e+02  1.32461399e+02  4.60327671e+01  2.26868986e+01
    7.69445325e+01  1.22419476e+03  6.06049421e+00  6.69655844e+01
    6.82457220e+02  3.43369208e+01]
  [ 1.85158394e+04  2.22996018e+01  2.69441772e+03  4.08140787e+00
    3.33345956e+00  3.40950928e+04  3.45704118e+00  1.76491288e+01
    2.76240865e+01  2.08980027e+02]]

 [[ 6.19111414e+04  2.06456600e+04  1.77067062e+04  1.43481607e+04
    2.80979675e+04  5.98740000e+04  2.11935818e+03  3.02222385e+03
    9.25104650e+03  7.06910400e+04]
  [ 1.33384620e+01  1.00453483e+01  2.79266531e+00  6.17920632e+00
    4.58540935e+00  3.97360225e+00  3.07983026e+00  1.96780824e+00
    2.91767110e+01  5.81432417e+01]
  [ 6.68922627e+00  1.93213028e+00  2.37407901e+00  1.15117009e+01
    6.13192194e-02  9.04599017e-01  2.24747753e+00  3.43006857e+00
    1.88124169e+02  1.04085793e+00]]

 [[ 1.36034846e+02  3.55147695e+02  9.82966855e+01  2.18681892e+02
    6.93170323e+03  1.07708532e+02  1.78735634e+02  2.35373983e+04
    2.06504640e+03  3.84014486e+02]
  [ 1.87769065e+00  6.53787262e-01  7.38319155e-01  1.01353449e+00
    4.26707778e+00  1.43856203e+00  5.00256917e-01  3.93801373e-01
    1.83754912e+00  2.04212576e+00]
  [ 4.25509000e+00  3.87332071e-01  1.19865007e+00  6.41971119e-01
    3.69315067e+00  2.50339777e+00  1.82662395e+00  2.09969532e+00
    4.15567989e-01  2.77175105e+02]]

 [[ 1.14942274e+05  6.65508323e+04  6.20440979e+04  7.92792376e+04
    4.16316228e+04  1.04317801e+04  2.32499975e+03  1.82512296e+04
    2.70936322e+04  1.47967312e+04]
  [ 2.16941290e+02  7.63867072e+02  3.65956122e+00  4.00312056e+01
    2.87721554e+03  6.31144755e+01  7.56083336e+02  1.26000048e+02
    8.78881364e+02  2.20543907e+02]
  [ 1.87663655e+00 -1.00131469e-01  1.75781514e+03  6.64469161e+04
    3.11960333e+00  1.01455923e+01  2.43696700e+05  1.58458106e+02
    1.36397259e+01  3.37393575e+01]]

 [[ 1.86031974e+03  5.46352814e+03  1.51293224e+04  6.42848117e+03
    4.46813315e+03  1.63289715e+04  8.60613063e+03  2.68106543e+03
    3.68080494e+03  1.70315667e+04]
  [ 7.35934289e+00  7.25092351e+00  4.90325023e+01  1.15854733e+01
    1.57120897e+01  6.62001122e+00  2.46630964e+01  3.67480144e+00
    3.51682487e+01  2.70783043e+02]
  [ 1.58617746e+00  1.17974686e+00  3.38085877e+00  5.01200158e+00
    1.69539500e+04  1.69638609e+00  2.55839642e-02  7.01100184e+00
    4.85972704e-01  1.53919170e+00]]

 [[ 1.49647547e+02  4.07233523e+02  2.29941865e+03  1.38216604e+03
    1.38786703e+03  7.33561138e+02  5.58564397e+02  1.25784353e+03
    6.87086048e+02  3.74202352e+02]
  [ 4.61906449e+00  3.64844223e+00  3.24744266e+00  1.35200404e+00
    2.67507034e+00  3.00130813e+00  4.55894759e+00  1.88155348e+00
    2.37086302e+00  2.99422468e+00]
  [ 8.41671982e-01 -1.04841521e-02  4.36983096e-01  1.09763592e+03
    2.40931207e+00  4.70742515e+00  4.17261892e-01  3.31503587e+00
    1.10115704e+00  1.71577725e+02]]

 [[ 1.50992701e+05  2.35680739e+04  6.05404680e+04  8.26393007e+03
    1.22998730e+05  6.11958979e+03  4.07282548e+04  2.13201769e+04
    3.52478857e+03  2.37849984e+05]
  [ 7.06909326e+02  7.69927084e+01  5.37107103e+02  6.21330162e+02
    7.36509667e+02  1.42902464e+02  3.32672211e+02  7.87506784e+01
    5.50622152e+01  3.23193631e+02]
  [ 2.00720668e+01  2.66243041e+05  5.71000871e+00  1.86687642e+03
    6.18913205e+01  3.24058692e+01  8.95735777e+06  2.99184584e+01
    1.57508988e+00  3.44733274e+03]]

 [[ 3.30726078e+04  4.13414653e+04  2.65048290e+04  2.72254417e+03
    1.26196341e+05  6.11048901e+03  2.76927362e+04  3.42604124e+04
    5.36019364e+03  3.00047985e+04]
  [ 2.05279274e+02  6.42173196e+02  5.12645897e+01  2.05695124e+01
    1.89661853e+02  1.44653129e+02  5.71556870e+01  2.88353197e+01
    1.51870902e+01  6.75539660e+01]
  [ 4.74897136e+00  9.45653685e+00  2.61895539e+04  6.58695267e+04
    4.51970752e+00  4.17890914e-01  3.31685822e+03  6.48307688e+00
    2.24796309e+00  2.74052947e+00]]

 [[ 2.83915588e+03  6.91388551e+03  1.04228416e+04  2.24047141e+04
    7.71216408e+03  1.36128081e+04  5.80890054e+03  3.03960254e+04
    6.58822586e+03  1.10129404e+04]
  [ 8.40470567e+00  2.57649921e+01  6.17405627e+00  9.45293595e+00
    1.49635131e+01  6.69030247e+00  1.50829013e+01  8.79224750e+00
    9.38653533e+00  2.89081320e+01]
  [ 5.57460348e-01  8.18725982e-01  8.67587964e-01  1.63783239e+00
    2.09595554e-01  9.63901316e-01  1.17519774e+02  1.45449883e+00
    9.27491851e+00  2.23615423e+00]]

 [[ 5.54896489e+04  8.21641952e+04  5.96408684e+04  2.15425494e+04
    9.65121217e+04  1.93563638e+05  1.16238815e+05  1.17080326e+05
    5.61671594e+04  5.38413355e+05]
  [ 1.03685551e+02  9.65438708e+02  2.95296103e+03  4.21095229e+02
    9.62000910e+02  6.98054802e+02  7.47675550e+02  4.96666101e+02
    7.11976758e+02  7.69134639e+02]
  [ 1.86211005e+06  1.38618869e+05  3.04250310e+05  8.61146138e+03
    2.86257959e+05  2.90611038e+06  2.21972536e+04  2.73090488e+06
    1.36632187e+06  7.04023808e+04]]

 [[ 2.43228121e+04  1.40634309e+05  1.46513513e+04  3.12313414e+04
    4.39338218e+04  5.42018268e+04  4.17281891e+04  1.99882097e+04
    1.42736884e+05  7.06507630e+04]
  [ 3.15871868e+02  6.50729873e+01  3.85135874e+02  1.28398191e+02
    1.54899813e+02  6.46138724e+02  2.74000442e+02  3.09605588e+02
    1.31523873e+03  1.22895938e+02]
  [ 1.93175763e+03  4.24748831e+01  3.22072639e+02  1.07596017e+04
    3.28180097e+04  4.77743131e+02  1.12066541e+05  1.41695474e+06
    7.45357367e+05  3.69782181e+02]]

 [[ 2.65991878e+04  2.04754003e+04  2.32105405e+04  7.11961170e+03
    2.80301548e+04  1.36872963e+04  1.40273178e+04  1.76283769e+04
    1.89629900e+05  1.84879642e+04]
  [ 4.95007624e+01  9.38713508e+01  3.68839812e+01  1.26707509e+02
    5.01377353e+01  5.79796790e+01  1.07042828e+02  1.64481437e+02
    3.34905012e+01  8.81355270e+01]
  [ 9.62171103e+00  8.26277646e+00  2.70919767e+01  1.92436160e+05
    3.39850471e+00  5.59373718e+00  3.50971536e+03  1.18110092e+00
    2.19165633e+00  4.51830381e+00]]

 [[ 1.82759775e+05  5.15849331e+05  1.24157240e+05  7.85569341e+04
    3.26693195e+05  3.38299432e+04  4.65221969e+04  1.88270292e+05
    2.04689021e+05  4.10699206e+04]
  [ 6.72383637e+02  4.68639499e+02  3.28159674e+03  1.12084732e+03
    5.94100002e+03  3.86100127e+03  2.68648892e+03  1.03360687e+03
    1.11128968e+03  3.68405856e+03]
  [ 2.13439119e+05  1.17269427e+03  9.47250595e+06  9.20863795e+05
    2.74951134e+05  2.24699479e+05  1.30722725e+01  1.47977662e+03
    4.98786250e+03  1.30321584e-01]]

 [[ 5.60067519e+04  1.91934593e+05  2.17459291e+05  6.47822678e+04
    2.44938626e+05  2.30604351e+05  1.21836437e+05  9.19987309e+04
    5.00423401e+04  7.53335035e+04]
  [ 2.14057581e+03  4.21868445e+03  3.93115829e+03  2.07044508e+03
    7.80321596e+02  2.39440988e+03  5.32271600e+02  1.43545191e+03
    3.51049298e+03  1.03757263e+03]
  [ 2.37001931e+01  4.91000230e+04  5.18791209e+00  1.72643794e+04
    5.67282184e+00  2.07513266e+00  9.32437410e+05  8.80166954e+00
    2.31910138e+00  3.19205106e+00]]

 [[ 1.16659062e+05  6.85222492e+03  1.24801353e+05  9.38057561e+04
    1.21385925e+05  1.31761623e+04  1.35678187e+05  9.95915237e+04
    3.01057175e+05  1.95088932e+05]
  [ 2.19515723e+02  2.71212653e+00  6.31879577e+02  4.24074651e+02
    1.86830066e+02  4.73661948e+02  3.03195020e+03  1.35030267e+03
    9.90782345e+02  3.68281834e+03]
  [-5.01938491e-03  9.17638018e+04  2.56999170e+01  2.67656737e+00
    1.63731969e+00  1.51422242e+01  3.83080599e+04  8.23690777e+00
    1.27951901e+01  2.04403484e+01]]

 [[ 4.42803641e+04  5.30184442e+04  5.04138537e+04  1.55048841e+05
    1.57545032e+05  1.35626800e+05  2.22276067e+05  9.98313848e+04
    1.06378446e+05  1.64803043e+04]
  [ 4.89064799e+03  2.40579705e+03  5.26772219e+03  1.58451512e+03
    8.65911502e+02  1.42734032e+03  4.02464408e+02  8.35026597e+02
    4.45191711e+03  2.25594057e+03]
  [ 1.84421353e+02  5.52970485e+06  1.07550430e+05  3.59955536e+04
    3.19654493e+00  1.69154445e+05  4.62813821e+05  7.95396351e+05
    8.48491207e+05  1.78128099e+00]]

 [[ 9.24763635e+04  1.36248989e+05  1.67180921e+05  1.24741436e+05
    1.20034341e+05  4.88537664e+04  1.11286919e+05  8.24227658e+04
    9.18271813e+04  1.13715203e+05]
  [ 4.87322373e+02  4.23727994e+01  1.68945449e+02  9.43391275e+01
    3.40592003e+02  1.53790631e+03  1.92938956e+02  2.35988630e+02
    9.41298456e+01  6.68442351e+02]
  [ 2.77342965e+03  2.03535670e+01  2.43411567e+03  6.82957006e+04
    3.21323712e+04  1.76885081e+01  1.01831889e+04  1.53463450e+00
    9.31037999e+03  6.32881700e+00]]

 [[ 1.32915763e+05  4.42968591e+04  4.15362635e+04  1.11536868e+05
    4.27785769e+04  4.20932129e+04  1.88993348e+04  3.70391589e+04
    8.11210193e+04  5.63932719e+04]
  [ 9.52625969e+01  1.21985416e+02  6.20689059e+01  8.90907686e+02
    4.19309209e+02  4.19348014e+00  7.10344802e+01  6.98283385e+01
    1.76460425e+02  2.54468184e+01]
  [ 1.36361761e+05  6.05416482e+00  3.28833464e+00  1.96868343e+06
    1.40435477e+00  6.14118904e+04  1.28982117e+00  3.41555537e+03
    1.09564974e+02  7.64527331e+05]]

 [[ 1.16194927e+05  2.13288734e+04  1.41664343e+05  1.95893914e+05
    2.08123868e+05  1.72401558e+05  2.45115289e+05  3.62197365e+05
    2.08988227e+05  1.03721246e+05]
  [ 1.44753851e+03  1.56003497e+03  4.07861498e+03  3.91805110e+03
    2.13984381e+03  2.36421657e+03  3.75696137e+03  7.14989596e+02
    4.49718468e+03  8.36457881e+02]
  [ 1.87472397e+05  4.08843943e+05  8.42019164e+03  7.00413961e+06
    1.73725521e+02  9.15384177e+04  7.41889768e+05  1.41534983e+06
    5.35172690e+05  1.44914812e+05]]

 [[ 1.27325904e+05  2.01274155e+05  1.70487409e+05  1.08758244e+05
    5.10253470e+04  2.99197980e+05  2.56189570e+04  8.56535528e+04
    1.68080586e+04  7.96088194e+04]
  [ 6.77149364e+02  7.58195371e+02  7.26922867e+02  3.55567420e+03
    1.15838620e+03  4.55897483e+03  3.70681220e+03  1.13818116e+03
    1.05620802e+03  1.68717070e+03]
  [ 6.29779780e+00  1.74633688e+04  1.38713451e+04  2.29809714e+04
    6.76125876e+05  2.02052893e+00  3.61985999e+01  3.95303492e+03
    1.92858371e+00  4.13863329e+04]]

 [[ 6.39223741e+04  1.03231980e+05  1.71604876e+05  2.88271767e+04
    1.01051139e+05  1.72590319e+04  1.16016392e+05  4.76289007e+03
    1.37776621e+04  2.02668150e+04]
  [ 1.46505685e+02  1.77261486e+02  1.06949944e+02  3.52875231e+01
    2.66368545e+01  3.87271765e+02  3.06308460e+01  1.03218459e+02
    5.97927892e+01  2.46559146e+01]
  [ 9.09226695e+00  2.53303529e+03  1.65793696e+05  7.80014349e-01
    7.59836591e+00  3.01144366e+00  1.13625965e+02  1.85000098e+00
    3.72364499e+02  1.36940307e+01]]

 [[ 6.68964814e+04  1.71531312e+05  2.59649766e+04  2.57145276e+04
    2.32302106e+05  1.65364610e+05  9.10255178e+04  8.49022952e+04
    2.31320426e+04  1.17294477e+04]
  [ 1.58382689e+03  1.28525885e+03  2.49973891e+02  1.86826521e+02
    4.90198922e+03  3.51277397e+03  1.20702611e+03  1.89246776e+03
    8.68803005e+02  1.91858404e+03]
  [ 2.39244886e+06  2.99012974e+00  1.78871510e+05  5.82527434e+06
    3.04290215e+03  1.59055884e+06  3.49454146e+05  6.11568617e+03
    2.64935302e+02  6.05044015e+00]]

 [[ 4.60201751e+04  1.60799139e+05  8.54074255e+04  3.58089281e+04
    3.59692702e+04  1.88712855e+05  1.44992506e+05  1.25259617e+05
    1.14425938e+05  1.08775554e+05]
  [ 5.41870004e+02  3.71292633e+02  8.99201473e+02  9.95549987e+02
    3.45030707e+02  7.70306346e+02  2.69903211e+03  1.32829289e+03
    1.44673948e+03  1.14089356e+03]
  [ 1.86939016e+03  5.14009701e+00  1.11965876e+01  1.99093690e+01
    7.97157569e+02  4.38556050e+05  4.48949336e+04  2.19482141e+06
    2.13410085e+00  1.51539586e+04]]

 [[ 1.78167300e+05  1.14906031e+04  1.32516873e+05  1.12010309e+05
    2.79486309e+04  1.79907963e+05  1.71657094e+04  1.15044937e+04
    3.82637125e+03  1.20449351e+04]
  [ 1.09092955e+03  7.11196527e+02  1.84004928e+01  2.14065408e+02
    7.50023520e+02  5.60514633e+01  1.24051846e+01  7.75458546e+01
    2.73101112e+02  4.92850978e+01]
  [ 8.77386918e+04  7.16633174e+00  1.21814409e+00  1.03864396e+01
    2.79317122e+01  2.54382892e-01  3.08865497e+05  1.70582221e+00
    1.91924266e+00  6.17121881e+03]]

 [[ 3.89677491e+04  2.67241719e+05  2.14720798e+04  7.15756653e+04
    5.10107915e+04  1.35716361e+05  8.19343110e+04  3.73099946e+04
    5.43490627e+04  1.83597093e+05]
  [ 1.92647440e+03  3.11059170e+03  3.53387614e+03  3.01083452e+03
    1.29965060e+03  2.27404648e+02  3.62016725e+03  1.38762919e+03
    4.38204393e+03  3.77229840e+02]
  [ 7.92146641e+04  8.64452249e+04  1.80307599e+06  2.10667006e+03
    1.45068238e+06  8.01937420e+06  2.09012067e+04  9.37866197e+00
    2.59724258e+05  2.28013494e+03]]

 [[ 5.47752641e+04  1.11979068e+05  2.23210967e+05  3.97826464e+04
    9.80412785e+04  3.01753117e+05  7.34863564e+04  8.48703864e+04
    7.03170539e+04  8.62020126e+04]
  [ 1.10290009e+02  3.46463131e+02  7.98255127e+02  1.23241739e+03
    2.57766463e+03  3.69245333e+02  5.03436976e+02  8.87968863e+02
    8.23317317e+02  2.47882428e+02]
  [ 5.58319129e+05  3.53206215e+00  9.78667169e+04  4.81152251e+03
    9.55986999e+00  2.40425010e+00  8.90749190e+02  3.14550262e+06
    4.41780591e+03  3.30819383e+06]]

 [[ 4.06717224e+04  1.28192301e+05  1.00341655e+04  7.46232094e+04
    3.07859516e+04  6.05376672e+04  5.94947094e+04  2.63301861e+04
    3.00585301e+04  4.09919416e+04]
  [ 4.72264767e+02  9.30663291e+02  2.30648324e+02  2.74907057e+01
    1.66707275e+02  8.08649477e+01  3.30905084e+02  3.09115013e+02
    9.35407360e+01  2.37719144e+02]
  [ 1.15330728e+05  7.40325138e+03  1.58911549e+06  1.05097323e+05
    1.12332917e+05  6.94550764e+05  1.47375845e+01  1.86169369e+04
    2.49809867e+03  2.40862269e+00]]

 [[ 4.14683257e+05  2.04587931e+05  3.13963168e+05  1.26867512e+05
    1.36633644e+05  2.54159867e+05  2.00685426e+05  2.01071360e+05
    2.81042580e+05  3.30237672e+05]
  [ 4.00060127e+03  4.15514502e+02  2.44561499e+03  4.73078342e+03
    1.64075998e+03  4.34155145e+02  5.33611502e+03  3.93969478e+03
    3.37424739e+03  4.91758007e+03]
  [ 1.42202250e+07  5.21263417e+06  4.32222904e+05  3.38013793e+05
    3.04050622e+04  2.55826020e+06  2.41110714e+05  1.08909411e+07
    2.17032129e+07  8.66526742e+05]]

 [[ 5.34601564e+05  1.63473885e+05  2.85851390e+05  4.15696814e+05
    1.61431566e+05  2.13416608e+05  1.60224577e+05  6.06060146e+04
    3.19324388e+05  6.16039259e+04]
  [ 4.52554142e+03  3.08607117e+03  2.64103324e+03  3.24972804e+03
    1.02437129e+03  3.23215585e+03  1.13976059e+03  2.01943655e+03
    1.23514390e+03  3.33517984e+03]
  [ 4.29186085e+06  6.00875373e+05  5.85205389e+05  2.03004017e+06
    5.88469425e+05  2.36197428e+07  1.14549730e+07  2.09185031e+06
    3.23537038e+05  1.32691026e+06]]

 [[ 1.21085897e+05  3.30093740e+04  5.91951640e+04  1.22621067e+05
    4.98449275e+04  8.79352912e+04  1.48816622e+05  1.92281084e+04
    1.41149721e+05  6.57509321e+04]
  [ 6.79498823e+02  5.97895488e+02  5.47321847e+02  2.80111497e+02
    2.36125558e+03  9.61436023e+02  8.51538662e+02  2.17257810e+03
    4.54707081e+02  2.73041971e+02]
  [ 4.35271810e+04  1.35182800e+05  5.61929701e+05  8.91139939e+05
    6.42380695e+06  1.40870796e+06  6.02476023e+05  1.80808380e+04
    2.19269459e+07  6.20963011e+02]]

 [[ 5.84475912e+04  2.46129387e+05  1.34767137e+05  3.05513619e+04
    1.82559023e+05  1.19107024e+05  1.23707856e+05  7.32004319e+04
    9.65354354e+04  1.79122472e+05]
  [ 1.13135162e+03  1.27049944e+03  9.24911572e+02  8.17059629e+02
    2.66609626e+02  3.79427976e+03  1.61786084e+03  2.55056356e+03
    1.01219515e+03  2.02458640e+03]
  [ 1.87267332e+00  3.02340371e+04  1.33852369e+06  3.43059295e+04
    7.20376688e+03  5.73312644e+03  7.24552043e+04  4.32527293e+05
    1.18157851e+01  1.89403250e+05]]

 [[ 6.03185362e+04  3.80464859e+04  3.40284694e+04  1.12551813e+05
    1.33457495e+05  1.48943132e+05  1.04925999e+05  1.34875307e+05
    3.10294733e+04  6.89105869e+04]
  [ 1.53363196e+02  2.68015338e+02  2.39070704e+02  5.47108978e+02
    3.09664443e+03  2.02471185e+02  1.02837358e+02  1.09142690e+03
    1.35342218e+02  1.01723493e+03]
  [-3.53523589e-02  3.78627756e+02  7.23459688e+05  6.58065123e+00
    7.44964199e+04  1.77900785e+04  1.70756282e+01  5.22531634e+03
    9.96207674e+04  2.70469773e+00]]]