[[[ 3.40212247e+02  4.86813485e+00  1.62264287e+02  1.17521235e+02
    1.30796706e+00  1.03974881e-04  2.18974151e+02  6.27625788e-05
    1.60922910e+02  2.82258078e+02]
  [ 3.00010161e+00  3.00006627e+00  3.00013313e+00  3.00004085e+01
    3.00004797e+00  3.00004028e+00  3.00004020e+00  3.00011160e+00
    3.00018359e+00  3.00036763e+01]
  [-3.72426432e+00 -1.83759195e+00 -1.04028173e+01 -1.04018819e+01
   -1.04014411e+01 -1.04028218e+01 -5.08750580e+00 -1.04023753e+01
   -2.76587301e+00 -5.08724616e+00]]

 [[ 3.41395004e+00  1.93223766e+02  1.65613718e-05  8.89684825e+01
    7.18036743e+01  2.91045615e+01  1.38286985e+02  1.64771628e+02
    2.52195065e-05  2.26922645e+00]
  [ 3.00000399e+00  3.00015149e+00  3.00000217e+00  3.00000532e+00
    3.00000101e+00  3.00000210e+01  3.00002387e+00  3.00001468e+00
    3.00000257e+00  3.00006664e+00]
  [-5.12878501e+00 -3.72428592e+00 -1.04028661e+01 -1.04028415e+01
   -3.72426439e+00 -1.04028486e+01 -1.04027769e+01 -3.72429437e+00
   -2.76578076e+00 -1.04025673e+01]]

 [[ 1.90998291e-06  1.66183376e+02  7.60245572e-06  1.36874816e+01
    2.68125638e-06  1.30524666e+00  1.63992963e+01  5.47739819e+01
    5.68713474e+00  6.96752156e+00]
  [ 3.00007727e+00  3.00003200e+00  3.00001050e+00  3.00000689e+00
    3.00001253e+00  3.00021523e+01  3.00005200e+00  3.00009391e+00
    3.00001159e+00  3.00000148e+00]
  [-3.72427374e+00 -1.04028348e+01 -2.76589208e+00 -1.04028801e+01
   -1.04028024e+01 -1.04029390e+01 -1.04028010e+01 -3.72428922e+00
   -3.72429244e+00 -3.72424048e+00]]

 [[ 1.68713073e-02  1.55574011e+01  7.25965798e-03  3.33055050e-02
    2.23485295e-02  1.17736644e+00  1.97745562e-02  9.70225625e-02
    2.08882441e-02  6.78949653e-02]
  [ 3.02958791e+00  3.00291701e+00  3.14478311e+00  3.00123945e+00
    3.11683347e+00  3.14957833e+00  3.10145509e+00  3.02355534e+00
    3.04775785e+00  3.03726981e+00]
  [-2.75750837e+00 -1.03280459e+01 -8.78484594e+00 -1.03301760e+01
   -5.03546354e+00 -5.08293414e+00 -2.75688943e+00 -3.71130988e+00
   -5.03826724e+00 -3.71059545e+00]]

 [[ 2.38806564e-03  2.10380376e-02  1.07963517e-02  3.21459036e-01
    1.68767766e-02  5.20398436e-03  4.82101108e-04  6.59560612e-03
    8.22105628e-03  8.51778277e-03]
  [ 3.03554660e+00  3.00090343e+00  3.00383393e+00  3.01193733e+00
    3.06075596e+00  3.01118398e+00  3.03314761e+00  3.00388955e+00
    3.00189286e+00  3.00970501e+00]
  [-5.05870460e+00 -5.11444766e+00 -3.72217786e+00 -2.73745115e+00
   -5.07762976e+00 -3.70504654e+00 -1.02901220e+01 -3.71742468e+00
   -1.03193675e+01 -2.75435585e+00]]

 [[ 4.66552651e-03  1.45229271e-03  5.91948764e-04  3.38150296e-03
    1.41298918e-03  2.04416722e-03  2.06664594e-03  5.07055773e-03
    4.58483306e-03  3.27772751e-03]
  [ 3.00123509e+00  3.00032928e+00  3.03536016e+00  3.04136196e+00
    3.03266904e+00  3.00172078e+00  3.00049188e+00  3.02082292e+00
    3.01151828e+00  3.02143394e+00]
  [-5.08368618e+00 -3.72356899e+00 -3.68938962e+00 -1.83668145e+00
   -3.64709919e+00 -3.72057853e+00 -1.83365415e+00 -3.67718011e+00
   -5.08565528e+00 -3.71826396e+00]]

 [[ 8.41865150e+00  4.73975386e-01  6.55538370e-01  2.83507443e-01
    1.65229409e-02  2.11980259e-01  3.34797068e-01  4.31819100e-01
    6.05632283e-01  1.43013428e-01]
  [ 3.46463194e+00  3.04667663e+00  3.01732204e+00  3.01212154e+00
    3.25843981e+00  3.01369926e+00  3.06584339e+00  3.30780131e+00
    3.11128729e+00  3.00298923e+00]
  [-4.94362988e+00 -2.64365947e+00 -3.64930447e+00 -4.29612290e+00
   -3.39815729e+00 -2.43677217e+00 -2.73503689e+00 -9.31194916e+00
   -1.81893840e+00 -3.68119716e+00]]

 [[ 1.43989719e-02  8.01861517e-02  2.61378540e-02  1.59454041e-02
    7.36070258e-02  1.33258334e-02  1.68315396e-01  4.91151192e-03
    1.57122251e-02  3.13672327e-02]
  [ 3.25226130e+00  3.03749894e+00  3.24963147e+00  3.10258577e+00
    3.04905459e+00  4.01839410e+00  3.24655094e+00  3.53182480e+00
    3.60925387e+00  4.54498883e+00]
  [-5.05078253e+00 -8.77643242e+00 -9.13759550e+00 -2.75141410e+00
   -4.52429215e+00 -2.70177553e+00 -7.53154072e+00 -7.58463298e+00
   -2.74158395e+00 -1.03454292e+01]]

 [[ 2.03093820e-02  3.80377501e-03  2.55911238e-02  8.59216134e-02
    1.93409968e-02  7.32743249e-03  1.24188847e-02  4.77276317e-02
    1.13172026e-01  1.57438527e-02]
  [ 3.04796350e+00  3.02461497e+00  3.05537209e+00  3.05440794e+00
    3.02248115e+00  3.00850179e+00  3.01870817e+00  3.17842278e+00
    3.15078108e+00  3.01034193e+00]
  [-1.02376244e+01 -1.01636531e+01 -9.96526414e+00 -8.53720507e+00
   -1.00801360e+01 -3.72084351e+00 -5.08587426e+00 -1.83184380e+00
   -2.74918396e+00 -1.03663963e+01]]

 [[ 1.70020865e-01  3.93665070e-01  3.32058111e-01  1.50824401e+00
    2.19586372e-01  3.06464290e-01  2.05134258e-01  1.30696978e-01
    5.87673574e+01  1.32062825e+00]
  [ 3.38228442e+00  3.03116529e+00  4.60198898e+00  3.05872388e+01
    3.67559308e+00  9.60150214e+00  3.84297583e+00  3.19293651e+00
    3.48065662e+00  3.98332113e+00]
  [-2.97819969e+00 -9.53777325e+00 -3.17841859e+00 -4.04568804e+00
   -4.44179301e+00 -2.26633796e+00 -2.23544582e+00 -2.28719726e+00
   -3.20616181e+00 -2.21692863e+00]]

 [[ 1.54932234e-01  3.80293811e-01  1.69068576e-01  1.20153604e-01
    1.25197490e-01  1.96571479e-01  8.52097721e-02  6.92251312e-02
    3.21357521e-01  1.51015977e-01]
  [ 3.00007387e+00  3.08901951e+00  3.01969907e+00  3.04057471e+00
    3.20156904e+00  3.04601643e+00  3.98833923e+00  3.64682065e+00
    3.03636043e+00  3.59764526e+00]
  [-4.56502648e+00 -3.17898327e+00 -2.88370238e+00 -9.33132361e+00
   -4.32609041e+00 -3.50400939e+00 -2.48231268e+00 -2.61641924e+00
   -1.80064303e+00 -6.02452342e+00]]

 [[ 2.00198274e-01  2.82365179e-02  6.78051997e-02  8.82399726e-02
    5.10115737e-02  2.24246001e-02  2.47174122e-02  4.28511017e-02
    5.54170075e-02  2.15605626e-01]
  [ 3.02023814e+00  3.07837809e+00  3.00901134e+00  3.59829566e+00
    3.02132574e+00  3.03251862e+00  3.19690286e+00  3.09868960e+00
    3.05447817e+00  3.10122049e+00]
  [-3.70497897e+00 -1.00457148e+01 -5.03220578e+00 -3.68332414e+00
   -9.70713997e+00 -4.98552755e+00 -9.10563807e+00 -1.82742139e+00
   -2.74591250e+00 -3.61125916e+00]]

 [[ 3.58048956e-01  7.13704170e-01  5.43483184e+00  2.01101177e+00
    9.54846153e-01  2.26922450e+00  1.04499159e+01  2.18997731e+00
    5.48385369e+00  2.50330003e+00]
  [ 1.55357469e+01  8.10222786e+00  1.96657919e+01  2.54521264e+01
    4.26634962e+00  6.32091744e+00  3.08656330e+00  4.93791650e+00
    3.32989231e+00  3.09710411e+00]
  [-2.57036991e+00 -3.48229856e+00 -9.52370877e+00 -1.11641696e+00
   -9.17049235e+00 -2.38641179e+00 -2.28032072e+00 -1.14670474e+00
   -3.27454155e+00 -2.41475904e+00]]

 [[ 3.99127690e-01  2.82334853e+00  2.57538165e+00  4.45355549e-01
    5.57957400e-01  1.92620643e+00  2.24665855e-01  4.04864206e-01
    2.82171289e+00  7.63392881e-01]
  [ 7.24436610e+00  7.89405464e+00  4.68129382e+00  7.60002137e+00
    3.02810149e+01  3.50461918e+01  3.11382740e+00  3.86323719e+00
    6.69413799e+00  6.37844744e+00]
  [-3.57123882e+00 -2.56130173e+00 -5.90178178e+00 -1.88118640e+00
   -4.65495741e+00 -2.45318592e+00 -1.81007717e+00 -3.25540132e+00
   -3.53487250e+00 -4.09172957e+00]]

 [[ 3.71478981e-01  2.85619522e-01  2.87480511e-01  1.04368969e+00
    2.40710493e-01  6.54000806e-01  5.30839764e+00  9.31809324e-01
    3.84142431e-01  5.26167595e-02]
  [ 8.85219979e+00  3.25821510e+00  1.49556331e+01  3.03624362e+00
    7.73437465e+00  3.82516277e+00  3.23530699e+00  7.01251132e+00
    3.35157712e+00  3.56563282e+01]
  [-9.47098886e+00 -3.31455553e+00 -6.64705730e+00 -9.11399052e+00
   -3.65740566e+00 -3.57878856e+00 -3.68176831e+00 -3.29961830e+00
   -1.99705146e+00 -2.46165279e+00]]

 [[ 1.16225722e+01  1.81692090e+01  3.16149485e+01  1.18163684e+01
    5.30443998e+01  1.16409314e+01  1.95651335e+00  1.55631462e+01
    2.05746994e+01  3.92895372e+01]
  [ 4.06074055e+00  3.15314578e+01  6.36213553e+00  3.00384861e+00
    3.10948376e+00  1.09160349e+01  3.04067361e+00  3.69743366e+00
    1.22205185e+01  3.28750058e+00]
  [-3.96379445e+00 -1.22915894e+00 -1.71919626e+00 -1.82617607e+00
   -9.61786193e-01 -2.88133109e+00 -3.03905721e+00 -9.99788502e-01
   -2.20828004e+00 -1.22941324e+00]]

 [[ 2.43652185e+00  1.70507889e+00  1.14291017e+01  5.66658340e+01
    7.61174594e-01  6.10678698e+00  7.19941600e+00  3.36844000e+00
    5.72716059e+00  5.38555095e+00]
  [ 3.21796838e+01  3.58756723e+00  3.29289442e+00  3.29806460e+00
    2.69684322e+01  3.49171757e+01  3.99029990e+00  1.17804101e+01
    5.09989936e+00  3.09786341e+00]
  [-1.10372156e+00 -1.79038619e+00 -1.49077759e+00 -1.77818691e+00
   -1.82576561e+00 -9.77234727e+00 -2.07263281e+00 -2.67718487e+00
   -1.21418923e+00 -5.50067240e+00]]

 [[ 4.53958002e+00  3.30533080e+00  7.58255030e-01  2.84176384e+00
    2.81785251e+00  4.49887488e+00  1.47668042e+01  4.40706380e+00
    4.24023711e+00  2.03319801e+00]
  [ 3.16539746e+01  7.50078874e+00  3.73350463e+01  2.51190302e+01
    4.47811695e+00  4.73335619e+00  3.85781683e+00  3.49077462e+00
    4.39021685e+00  4.67083357e+00]
  [-2.57010960e+00 -5.11048122e+00 -2.44712503e+00 -3.50937256e+00
   -2.73969505e+00 -1.54616568e+00 -1.75666437e+00 -1.75415155e+00
   -7.93349921e+00 -6.70071459e+00]]

 [[ 7.89790201e+01  6.53075826e+02  2.03881710e+02  2.60917446e+02
    1.18758726e+03  2.28432829e+02  1.27049325e+02  7.40708648e-04
    4.59629406e+00  1.12398630e+02]
  [ 3.00001282e+00  3.00000064e+00  3.00000021e+00  3.00012629e+00
    3.00006415e+00  3.00000151e+00  3.00003015e+00  3.00000395e+00
    3.00010552e+00  3.00001378e+00]
  [-3.72428119e+00 -1.04028405e+01 -3.72429655e+00 -1.04024195e+01
   -1.04028092e+01 -1.04027722e+01 -2.76588494e+00 -5.12859137e+00
   -1.04028043e+01 -3.72428353e+00]]

 [[ 6.28506684e+02  1.43168405e+02  1.38165733e-05  6.34109420e-06
    2.55253762e+00  2.32120160e-06  1.89528711e+03  1.11387993e+02
    1.74410099e+02  2.26813032e-05]
  [ 3.00000182e+00  3.00000032e+00  3.00000350e+00  3.00000313e+00
    3.00001073e+00  3.00000320e+00  3.00001191e+00  3.00000126e+00
    3.00001055e+00  3.00000153e+00]
  [-5.08764632e+00 -1.04028492e+01 -2.76589422e+00 -5.08766714e+00
   -5.08767062e+00 -1.83759113e+00 -1.04027931e+01 -3.72428270e+00
   -3.72429870e+00 -1.04028151e+01]]

 [[ 1.06347107e-06  1.57672256e+01  1.22455074e-06  8.21703091e-06
    3.29215942e+02  4.19652184e-06  1.04655193e-06  8.50055713e+01
    9.28785767e-07  1.41865892e-05]
  [ 3.00001997e+00  3.00000396e+00  3.00000717e+00  3.00002502e+00
    3.00000071e+00  3.00000055e+00  3.00000026e+00  3.00000238e+00
    3.00005360e+01  3.00000110e+00]
  [-3.72429707e+00 -1.04028407e+01 -1.83759160e+00 -1.04028321e+01
   -3.72429614e+00 -3.72429987e+00 -1.04028404e+01 -1.04028105e+01
   -5.08765564e+00 -1.04028295e+01]]

 [[ 3.03774606e-02  8.49514746e-02  1.66405542e-02  2.58513400e-03
    1.35563075e-01  3.04373110e-02  7.10609597e-02  2.56162344e-02
    1.34551589e-02  3.20202514e-03]
  [ 3.00174285e+00  3.00313454e+00  3.04308829e+00  3.01467716e+00
    3.01162437e+00  3.00103312e+00  3.00209133e+00  3.01878596e+00
    3.00794067e+00  3.00623508e+00]
  [-1.02557580e+01 -2.76190488e+00 -9.67210644e+00 -1.03668879e+01
   -1.03155068e+01 -1.02462212e+01 -1.03530321e+01 -5.08351435e+00
   -2.75406115e+00 -1.03576566e+01]]

 [[ 8.94520600e-03  8.11582850e-03  7.13522721e-03  4.16841110e-03
    1.27832538e-03  5.22540455e-03  1.66661096e-02  1.80037899e-03
    3.74587599e-02  4.59883435e-03]
  [ 3.00157439e+00  3.00318429e+00  3.02678630e+00  3.00059947e+00
    3.01182539e+00  3.00805056e+00  3.00988012e+00  3.00088017e+00
    3.00074829e+00  3.01907835e+00]
  [-5.08535962e+00 -1.03703382e+01 -3.72320828e+00 -1.03871269e+01
   -1.03656281e+01 -2.76410768e+00 -1.03276417e+01 -1.03886816e+01
   -2.76407072e+00 -1.83636839e+00]]

 [[ 1.05928328e-02  1.41735052e-03  8.29725161e-04  1.02767116e-03
    1.05169339e-02  2.95603718e-03  7.55509965e-04  4.94192293e-03
    1.34142357e-03  2.28280195e-03]
  [ 3.00348014e+00  3.00340015e+00  3.00471791e+00  3.00202248e+00
    3.00135794e+00  3.00860792e+00  3.00142593e+00  3.00470666e+00
    3.03294784e+00  3.00065852e+00]
  [-5.08385713e+00 -3.72045055e+00 -1.03793336e+01 -5.08633575e+00
   -1.03978821e+01 -1.03807353e+01 -2.76587209e+00 -3.72044509e+00
   -3.72294442e+00 -1.03918486e+01]]

 [[ 4.22010752e-01  2.88968390e-02  3.80748226e-01  8.02982124e-02
    4.24393849e-02  1.71814269e-02  1.14207392e-01  1.42529344e-01
    1.02893793e-01  1.82049460e-02]
  [ 3.02708108e+00  3.03938338e+00  3.16793643e+00  3.01749096e+00
    3.01395811e+00  3.13062603e+00  3.48336906e+00  3.04190894e+00
    3.00479575e+00  3.12865661e+00]
  [-3.71755325e+00 -2.76064891e+00 -5.06816713e+00 -3.65937357e+00
   -1.00571294e+01 -1.02267199e+01 -1.02761169e+01 -1.00171378e+01
   -3.32731308e+00 -1.03636658e+01]]

 [[ 3.53022412e-02  7.96317898e-02  1.48524381e-01  1.07130420e-01
    2.21703283e-02  3.53849969e-02  5.14536979e-02  3.60251016e-01
    4.71065091e-02  1.18212812e-02]
  [ 3.00382069e+00  3.13958353e+00  3.00467365e+00  3.07370979e+00
    3.00104860e+00  3.00451567e+00  3.17074545e+00  3.01250348e+00
    3.00233578e+00  3.01929232e+00]
  [-1.03068570e+01 -5.08095639e+00 -3.71085516e+00 -2.74641683e+00
   -1.03135634e+01 -9.97971917e+00 -2.74696146e+00 -9.97215232e+00
   -3.70437238e+00 -4.49931685e+00]]

 [[ 3.02274777e-02  2.80073704e-03  1.20777141e-02  1.31650980e-02
    7.51340668e-02  3.08416392e-03  6.40446231e-02  3.61306822e-02
    8.67845412e-03  2.56655434e-03]
  [ 3.00351849e+00  3.00095253e+00  3.00009789e+00  3.01018878e+00
    3.00350604e+00  3.00917654e+00  3.01185178e+00  3.05296611e+00
    3.00088892e+00  3.00156118e+00]
  [-5.03955836e+00 -3.72350503e+00 -1.83535328e+00 -1.83519001e+00
   -2.76204999e+00 -1.03648827e+01 -2.76269464e+00 -5.06773592e+00
   -5.11951562e+00 -3.70690554e+00]]

 [[ 7.42804276e-02  9.75569666e-02  3.52068334e-01  6.24835988e-01
    1.70217225e-01  2.26304130e-01  7.97503497e-02  4.23820248e-01
    4.46464006e-01  4.59730696e+00]
  [ 3.01589243e+00  3.03920187e+00  3.01638023e+00  3.04252971e+00
    3.05562711e+00  3.03376168e+00  3.73895658e+00  6.95793366e+00
    4.53913013e+00  3.07462239e+00]
  [-6.82834338e+00 -3.55528695e+00 -9.90717702e+00 -9.85545032e+00
   -2.25878470e+00 -2.73054972e+00 -9.75197630e+00 -9.89102965e+00
   -9.49330773e+00 -8.80450652e+00]]

 [[ 1.18408311e-01  1.69493874e-01  6.52679978e-03  3.37770937e-02
    1.64709314e-01  4.72001345e-02  8.34094120e-02  7.17255647e-02
    1.18019721e-01  2.41101148e-01]
  [ 3.09268000e+00  3.03636328e+00  3.18497827e+00  3.09092957e+00
    3.11598641e+00  3.09851068e+00  3.36343804e+00  3.19598464e+00
    3.80611585e+00  3.04077657e+00]
  [-3.53736789e+00 -5.08683790e+00 -2.75613275e+00 -4.91133596e+00
   -1.03149107e+01 -3.67172498e+00 -1.03954480e+01 -2.76145244e+00
   -3.72307506e+00 -2.75622255e+00]]

 [[ 1.18725996e-01  2.11852168e-02  2.56749412e-02  2.37582171e-02
    2.39438880e-02  5.42233412e-02  5.05640744e-02  3.38138168e-01
    1.69315642e-01  3.75754959e-02]
  [ 3.01075552e+00  3.12904935e+00  3.03241338e+00  3.00811529e+00
    3.04034672e+00  3.02399088e+00  3.23263810e+00  3.01518934e+00
    3.45476587e+00  3.07425126e+00]
  [-3.70287750e+00 -9.96475825e+00 -3.69753756e+00 -1.83277532e+00
   -5.09229482e+00 -3.61740353e+00 -1.00639480e+01 -2.75746070e+00
   -2.74795095e+00 -2.75774227e+00]]

 [[ 2.16150540e+00  4.18175236e-01  1.37014158e+00  3.19729802e+00
    1.77781129e+00  2.20199949e+00  3.05490869e+00  2.51523876e-01
    4.07224947e-01  1.54809724e+00]
  [ 6.11765752e+00  3.01881720e+00  9.13257192e+00  3.32519098e+00
    4.05923149e+00  4.13215956e+00  3.22871686e+00  3.17116533e+00
    6.91341946e+00  4.27950556e+00]
  [-5.24672149e+00 -2.00391249e+00 -4.38701674e+00 -2.72523212e+00
   -3.36298801e+00 -3.61624639e+00 -2.06531775e+00 -2.43571348e+00
   -8.68997569e+00 -5.78509730e+00]]

 [[ 5.29201934e-01  4.65684185e-01  6.50466459e-01  2.06072901e-01
    9.45346244e-02  4.72436224e-01  2.75932565e-01  4.94019862e-01
    3.11944468e-01  2.16632983e-01]
  [ 3.27801156e+00  5.48478101e+00  4.06790690e+00  5.13595626e+00
    3.66801830e+00  3.14377908e+00  3.03775565e+00  3.15297837e+00
    3.22213073e+00  3.00575866e+00]
  [-5.12039565e+00 -2.44719184e+00 -3.62878063e+00 -9.83537283e+00
   -2.64530949e+00 -9.56233073e+00 -3.70186566e+00 -5.05289134e+00
   -5.09715001e+00 -6.70226606e+00]]

 [[ 4.45415358e-02  4.05301399e-01  3.02773018e-02  8.73899535e-02
    4.21701409e-01  2.75360259e-01  4.03350867e-01  7.20990032e-02
    1.02183118e-01  4.38210070e-01]
  [ 5.55481950e+00  3.01406305e+00  3.02960003e+00  3.43286697e+00
    3.01723745e+00  3.36324049e+00  3.20824307e+00  3.05107469e+00
    3.25383009e+00  3.03753180e+00]
  [-2.66381918e+00 -8.29806992e+00 -8.44804167e+00 -2.62758224e+00
   -1.03422309e+01 -4.89255080e+00 -9.30270669e+00 -1.00517026e+01
   -1.02785736e+01 -3.67348836e+00]]

 [[ 3.26846188e+00  1.61847537e+01  1.40267851e+00  1.97973310e+01
    1.30084345e+01  1.31843298e+01  2.07653145e+01  3.29484023e+00
    1.11617427e+01  2.53115502e+01]
  [ 9.05874674e+00  2.28866101e+01  1.20336955e+01  4.42042217e+00
    5.87146681e+00  3.46673643e+00  3.66922414e+00  3.37422630e+01
    3.40986438e+00  6.32516557e+00]
  [-2.10847254e+00 -1.83605954e+00 -2.71413181e+00 -3.95532925e+00
   -1.32786170e+00 -1.76178287e+00 -2.11115635e+00 -4.71591372e+00
   -2.57265712e+00 -5.74485131e+00]]

 [[ 7.56627535e-01  1.10266942e+00  2.51283583e+00  2.46726668e+00
    9.53889897e+00  3.43266396e+00  1.09311866e+00  2.97162653e+00
    1.94312727e+00  1.04374743e+00]
  [ 8.46650141e+00  3.12795413e+00  2.89051354e+01  3.31562631e+00
    3.01077762e+00  4.76539463e+00  3.00345256e+00  4.86517816e+00
    3.47834432e+00  8.49654697e+00]
  [-4.50593329e+00 -1.97488042e+00 -1.45645926e+00 -5.46404644e+00
   -3.10366019e+00 -1.72032409e+00 -9.84822018e+00 -2.42688319e+00
   -4.69532797e+00 -2.34946960e+00]]

 [[ 1.37930503e+00  2.01290004e+00  2.81480843e+00  1.07248898e+00
    6.81069768e-01  5.16596265e-01  2.83880439e+00  4.84920189e+00
    2.17699084e-01  1.37355235e+00]
  [ 3.67820732e+00  3.25213255e+00  7.01590346e+00  3.41252297e+00
    3.04293134e+00  3.28973360e+00  3.62177614e+00  3.00102630e+00
    3.23122633e+00  3.00559404e+00]
  [-5.84543380e+00 -9.67199136e+00 -3.33354684e+00 -2.67448025e+00
   -2.06427455e+00 -3.34439364e+00 -2.41368690e+00 -3.19471116e+00
   -4.20765156e+00 -2.57754641e+00]]

 [[ 8.77963065e-05  3.79367951e+01  2.06522661e+02  1.85647661e-04
    3.09454170e+01  4.45249677e-05  1.60347789e-04  1.24595457e-03
    5.90117976e+01  5.27560653e+00]
  [ 3.00015046e+00  3.00008820e+00  3.00000164e+00  3.00057249e+00
    3.00027249e+00  3.00007032e+00  3.00009878e+00  3.00001084e+00
    3.00028742e+00  3.00001158e+00]
  [-1.04028532e+01 -1.04027322e+01 -2.76587000e+00 -1.04021550e+01
   -1.04008626e+01 -1.04025999e+01 -1.04024529e+01 -5.12871763e+00
   -3.72425578e+00 -3.72427568e+00]]

 [[ 1.97557644e-05  1.48510877e+01  4.48868119e+00  6.85935442e-02
    7.25678261e-04  1.03767280e-04  8.05555057e-05  8.37099733e-04
    2.00864921e-05  1.71003500e-04]
  [ 3.00000080e+01  3.00000257e+00  3.00000813e+00  3.00007014e+00
    3.00000694e+00  3.00004823e+00  3.00004206e+00  3.00010599e+00
    3.00010311e+00  3.00000508e+00]
  [-1.04025451e+01 -1.83758985e+00 -1.04026504e+01 -1.83758208e+00
   -1.04015183e+01 -1.04028149e+01 -1.83759100e+00 -2.76589382e+00
   -1.04028270e+01 -1.83758767e+00]]

 [[ 5.99458574e-05  1.62539733e-05  5.48573783e+01  7.53358653e+01
    1.67853829e-05  1.49795090e-05  4.58429001e-06  1.09250372e-05
    3.21064666e-06  1.77709042e-05]
  [ 3.00001626e+00  3.00000081e+00  3.00000926e+00  3.00000555e+00
    3.00000435e+01  3.00000447e+00  3.00010327e+00  3.00000469e+00
    3.00001245e+00  3.00000290e+00]
  [-5.08766726e+00 -1.04028569e+01 -2.76589030e+00 -1.04027390e+01
   -5.12881135e+00 -1.04028041e+01 -1.04028335e+01 -5.12876731e+00
   -2.76588889e+00 -2.76589366e+00]]

 [[ 2.80088521e-01  6.01712286e-02  4.98407697e-02  1.82627221e-01
    1.50624351e-01  5.46007345e-02  1.76077281e-01  1.65830179e-01
    1.02558396e-01  1.96692634e-01]
  [ 3.01372760e+00  3.00673517e+00  4.88672757e+00  3.00540902e+00
    3.01615487e+00  3.10745593e+00  3.16697048e+00  3.03146451e+00
    3.18684714e+00  3.14323396e+00]
  [-5.09010282e+00 -9.79085165e+00 -4.99762086e+00 -5.03742290e+00
   -9.94008076e+00 -4.69701912e+00 -4.97293804e+00 -9.86074031e+00
   -9.70434157e+00 -1.03322032e+01]]

 [[ 7.76326151e-03  4.71511238e-02  9.38914671e-03  1.06830031e-01
    3.98055855e-02  5.60206062e-02  2.26832823e-03  3.70931340e-02
    2.36058250e-02  5.63241177e-02]
  [ 3.15177849e+00  3.06623499e+00  3.00252929e+00  3.03007235e+00
    3.02520246e+00  3.00831473e+00  3.01769364e+00  3.01068236e+00
    3.00267217e+00  3.00530162e+00]
  [-3.72125099e+00 -3.70647599e+00 -9.72185351e+00 -5.08446239e+00
   -5.07726222e+00 -1.03658291e+01 -1.02771141e+01 -1.03416288e+01
   -1.03494097e+01 -1.02183221e+01]]

 [[ 6.50977244e-03  3.68921303e-02  1.19508671e-02  1.29494847e-02
    1.44218967e-03  1.92462859e-02  5.44782115e-03  1.22182729e-02
    1.75683872e-02  4.85595285e-03]
  [ 3.00282914e+00  3.00038828e+00  3.00887907e+00  3.00816498e+00
    3.00473980e+00  3.00381643e+00  3.02650805e+00  3.00844906e+00
    3.00315792e+00  3.01129876e+00]
  [-3.70555624e+00 -5.12421559e+00 -1.02142426e+01 -1.02222323e+01
   -1.03487099e+01 -3.71459481e+00 -5.12340685e+00 -2.76320139e+00
   -2.76434195e+00 -1.03240770e+01]]

 [[ 7.89593446e-01  9.27612129e+00  1.88589778e-01  2.29133777e+00
    1.65399163e-01  5.11171750e-01  7.81481225e-02  5.75238651e+00
    9.08731717e-02  1.57432109e+00]
  [ 3.38779231e+00  3.16383491e+00  4.03986256e+00  3.00458543e+00
    3.16686941e+00  3.10268073e+00  5.12387911e+00  8.89382893e+00
    3.07026068e+00  3.07861350e+00]
  [-4.43316854e+00 -9.03864073e+00 -2.49148702e+00 -9.74193442e+00
   -9.32487405e+00 -3.48920983e+00 -3.61196533e+00 -9.50684802e+00
   -8.64748468e+00 -2.60913654e+00]]

 [[ 1.45470562e-01  3.99013629e-01  1.73378997e-01  5.74129216e-01
    1.56564596e+00  1.07960170e-01  1.65503943e-01  8.50576824e-02
    1.92779346e-01  6.89018473e-02]
  [ 3.07541524e+00  3.03063228e+00  3.03973310e+00  3.03002311e+00
    3.69092200e+00  3.14380793e+00  3.03401735e+00  3.02040720e+00
    3.12597814e+00  3.09834550e+00]
  [-8.60484467e+00 -9.20966834e+00 -3.61999481e+00 -2.66175414e+00
   -2.42134640e+00 -9.86450447e+00 -1.02049248e+01 -9.77025418e+00
   -3.70903639e+00 -8.30896249e+00]]

 [[ 3.54636055e-02  5.22216468e-02  4.78895106e-02  1.36770976e-02
    7.05304288e-03  4.30100497e-02  4.74215543e-02  3.39242425e-02
    4.36911738e-03  4.20273818e-02]
  [ 3.01867636e+00  3.00494773e+00  3.01099337e+00  3.24392169e+00
    3.01388437e+00  3.07421273e+00  3.01777936e+00  3.10639454e+00
    3.09949734e+00  3.01530851e+00]
  [-5.11171136e+00 -9.58685261e+00 -1.02479549e+01 -1.03627091e+01
   -1.02817418e+01 -3.68617705e+00 -9.40520448e+00 -5.06266324e+00
   -9.93002353e+00 -2.73786152e+00]]

 [[ 8.98166747e-01  1.36619501e+00  1.15670250e+00  7.43860916e-01
    1.08308380e+00  8.14863993e-02  2.03313470e+02  9.17514031e-01
    4.30723943e+00  1.06358199e+00]
  [ 3.47445552e+00  4.35558865e+00  3.88159898e+00  3.09220167e+00
    3.03976146e+00  3.02455439e+00  3.62054354e+00  3.18877470e+00
    4.70854281e+00  3.26609884e+00]
  [-5.36769638e+00 -2.46748530e+00 -3.66008705e+00 -4.27520432e+00
   -2.79090552e+00 -2.65953405e+00 -3.84950582e+00 -7.38811365e+00
   -6.97965382e+00 -6.71140311e+00]]

 [[ 1.86168834e-01  8.52768940e-01  9.16757459e-01  1.44480634e+00
    3.41892663e-01  4.27919174e-01  2.87686826e-01  5.25340339e-02
    3.34329295e-01  4.87997590e-01]
  [ 3.13155218e+00  3.53275969e+00  3.18722221e+00  3.46709218e+00
    3.11367615e+00  3.30178286e+00  3.01154820e+00  4.16671403e+00
    3.78342406e+00  3.56284726e+00]
  [-2.86383306e+00 -4.41809522e+00 -3.54737724e+00 -2.56964571e+00
   -1.03294426e+01 -7.99469136e+00 -2.74512178e+00 -2.27450685e+00
   -3.33821589e+00 -2.66302141e+00]]

 [[ 1.47572399e-01  1.31957984e-01  1.26526176e-01  6.24389594e-02
    2.00632680e-01  3.88644638e-02  3.30025744e-01  1.40545799e-02
    2.19741055e-01  9.59864279e-02]
  [ 3.03320082e+00  3.08244746e+00  3.13699518e+00  3.14580061e+00
    3.03836719e+00  3.88100991e+00  3.00643794e+00  3.15169035e+00
    3.08590339e+00  3.02132169e+00]
  [-3.29956730e+00 -8.64778897e+00 -1.02288168e+01 -9.03773102e+00
   -2.67837145e+00 -9.63133335e+00 -2.75900935e+00 -2.75440484e+00
   -8.07374478e+00 -2.69063995e+00]]

 [[ 4.17557252e+00  6.43582047e+00  1.06599395e+01  7.97987170e+00
    4.32569159e+00  3.26934676e+00  2.25791164e+02  1.43790319e+03
    4.10405065e+00  1.14881535e+01]
  [ 8.03879642e+00  3.33354033e+00  3.30063314e+00  3.34054613e+00
    5.70012143e+00  3.90168498e+00  1.23691710e+01  3.15826309e+00
    3.05403357e+00  3.61998962e+00]
  [-2.93217392e+00 -2.71823982e+00 -1.80558116e+00 -4.95686844e+00
   -1.17647031e+00 -3.29455270e+00 -1.61962595e+00 -1.56089352e+00
   -3.38151380e+00 -2.59394401e+00]]

 [[ 3.09810789e-01  1.01256223e+00  1.90395045e+00  2.71251916e+00
    1.03781636e+00  3.45723868e-01  8.78990023e-01  1.35773873e+00
    1.33970244e+00  1.45369021e+00]
  [ 1.68229134e+01  3.26693299e+00  3.08490522e+00  3.32272525e+01
    4.35624286e+00  3.10448422e+01  1.49449787e+01  1.63285206e+01
    3.03343417e+00  5.56225606e+00]
  [-5.63694639e+00 -5.16214811e+00 -3.56931695e+00 -4.58803756e+00
   -5.05478847e+00 -3.28283434e+00 -2.69146788e+00 -6.82302719e+00
   -4.57449851e+00 -1.68485884e+00]]

 [[ 6.93089307e-01  1.24167913e+00  1.21451240e+00  2.97701221e-01
    3.80342051e+00  2.16204610e-01  1.70759906e-01  1.50017549e-01
    4.51405225e-01  6.88017009e-01]
  [ 3.91383925e+01  3.04303250e+01  3.10437034e+00  3.18578509e+01
    3.08004387e+00  3.49671536e+00  3.34851767e+00  4.44862715e+00
    3.28517689e+00  6.70519171e+00]
  [-4.24514763e+00 -3.45202732e+00 -2.68295439e+00 -7.36658846e+00
   -1.78891460e+00 -2.60177278e+00 -1.83026839e+00 -3.38870550e+00
   -9.92642387e+00 -2.59120433e+00]]

 [[ 1.21412263e+03  1.37514767e+02  5.62676156e+01  7.18924248e+01
    2.08252465e+01  4.51991551e+01  4.44566878e+00  8.41239021e+01
    4.81505411e+01  1.30115079e+02]
  [ 5.43492373e+00  1.87307007e+01  1.41002865e+01  5.82212698e+00
    9.08658033e+00  2.04986097e+01  7.05135311e+00  8.27962695e+00
    9.38152814e+00  3.30295928e+01]
  [-9.10871330e-01 -9.54316722e-01 -7.43826716e-01 -1.61455316e+00
   -1.65312778e+00 -1.27197536e+00 -2.85489751e+00 -2.94073096e+00
   -1.93095704e+00 -1.97991792e+00]]

 [[ 2.55937613e+01  9.97305714e+00  1.37620017e+01  2.14167593e+01
    3.61559906e+00  7.56286983e+00  1.41148079e+01  1.53977147e+01
    1.14344714e+01  2.11443331e+01]
  [ 3.49971670e+01  4.86201664e+00  2.25544350e+01  6.28794635e+00
    4.07770157e+01  1.21034902e+01  5.95468749e+00  3.01670569e+00
    3.29647928e+00  1.01416444e+01]
  [-3.09621203e+00 -8.21897552e-01 -1.67187996e+00 -2.20151743e+00
   -1.25066663e+00 -2.63594552e+00 -2.00755349e+00 -9.26641507e-01
   -1.53091465e+00 -2.67902329e+00]]

 [[ 2.04950978e+00  2.54050887e+00  6.52333715e+00  2.10045260e+00
    3.89283357e+00  6.27390348e+00  2.12945422e+00  2.25377066e+01
    8.59406605e+00  1.33030936e+01]
  [ 3.95757749e+00  3.60096908e+01  3.61995666e+01  2.32749216e+01
    3.05139456e+00  3.23807698e+01  3.06716048e+00  9.39596260e+00
    4.91934625e+00  1.70069682e+01]
  [-2.48758485e+00 -3.08408095e+00 -2.31257467e+00 -2.19132187e+00
   -1.12159241e+00 -2.40450664e+00 -1.86092418e+00 -3.57479130e+00
   -3.82435794e+00 -1.47529801e+00]]

 [[ 2.69760952e-04  2.78424250e+02  8.09896636e-05  4.63275976e-05
    1.32286587e-03  1.68307841e-04  7.01745080e-05  7.02449228e-05
    2.99700567e-04  7.86646309e-05]
  [ 3.00011423e+00  3.00001036e+00  3.00001873e+00  3.00009604e+00
    3.00000566e+00  3.00000501e+00  3.00005804e+00  3.00016341e+00
    3.00000084e+00  3.00015709e+00]
  [-1.04023629e+01 -1.04028153e+01 -1.04016963e+01 -5.12871987e+00
   -2.76588423e+00 -1.83759084e+00 -1.83758374e+00 -5.08765225e+00
   -2.76589062e+00 -1.83759210e+00]]

 [[ 2.64630231e-04  7.80615965e-05  1.42583224e-05  7.33450691e-06
    6.58445409e-05  9.91529814e+00  8.57499514e+01  3.43060636e-05
    3.04771821e-04  1.94787946e-04]
  [ 3.00001897e+00  3.00000427e+00  3.00000047e+00  3.00000012e+00
    3.00000723e+00  3.00001035e+00  3.00000372e+00  3.00003009e+00
    3.00000055e+00  3.00002450e+00]
  [-1.04027831e+01 -3.72427125e+00 -1.04026983e+01 -1.04028034e+01
   -3.72426082e+00 -1.04029244e+01 -5.08762806e+00 -5.12880210e+00
   -1.83759275e+00 -1.04025042e+01]]

 [[ 2.67952519e-05  1.26961661e-05  8.18692227e-06  1.25235025e+01
    5.36586146e-06  2.90331529e-05  9.12888722e-06  6.89926815e-06
    1.08719982e-05  1.98048687e-05]
  [ 3.00000530e+00  3.00000386e+00  3.00000443e+00  3.00000612e+00
    3.00000086e+01  3.00000202e+00  3.00000474e+00  3.00000238e+00
    3.00001602e+00  3.00000173e+00]
  [-1.04028695e+01 -3.72429952e+00 -3.72429450e+00 -1.04029012e+01
   -1.04028185e+01 -2.76589427e+00 -1.04028884e+01 -1.04028400e+01
   -3.72429643e+00 -1.04028097e+01]]

 [[ 1.69558547e-01  1.24066173e-01  9.47098563e-01  9.86843641e-02
    8.80081746e-02  1.06769298e-01  8.97903337e-02  4.18977165e-01
    1.70910546e-01  2.55037109e-02]
  [ 3.03839998e+00  3.03201539e+00  3.00237088e+00  3.00783248e+00
    3.00788331e+00  3.03712460e+00  3.01211155e+00  3.03385796e+00
    3.05016696e+00  3.00493360e+00]
  [-1.03452192e+01 -1.03592271e+01 -1.82518311e+00 -1.03636801e+01
   -5.11662438e+00 -9.90251984e+00 -1.01559731e+01 -1.02968821e+01
   -1.03589231e+01 -2.75069929e+00]]

 [[ 1.62459602e-02  4.95033458e-02  5.50497817e-02  2.15605253e-02
    1.40805290e-02  9.06328721e-02  6.46969514e-02  2.86133598e-02
    2.10475672e-02  7.98042928e-03]
  [ 3.02705989e+00  3.00187288e+00  3.00070189e+00  3.00208180e+00
    3.02405024e+00  3.06593315e+00  3.00205948e+00  3.00203596e+00
    3.00859417e+00  3.00130701e+00]
  [-1.03504531e+01 -1.03607201e+01 -5.12591980e+00 -1.03953367e+01
   -5.12514771e+00 -1.03732734e+01 -1.01744923e+01 -1.03676701e+01
   -5.05552483e+00 -2.74130840e+00]]

 [[ 1.84548711e-03  2.83350464e-03  5.74144740e-04  8.28743284e-03
    3.01258288e-03  8.23230789e-03  1.34542673e-03  1.50264665e-02
    5.18320901e-03  3.56356504e-03]
  [ 3.00156846e+00  3.00462502e+00  3.00741408e+00  3.01278865e+00
    3.00005736e+00  3.00884527e+00  3.00071884e+00  3.00294504e+00
    3.00012420e+00  3.00313301e+00]
  [-1.03827951e+01 -4.23469073e+00 -5.11326021e+00 -1.03350906e+01
   -3.72344518e+00 -1.03776509e+01 -2.76216283e+00 -2.76562864e+00
   -5.10553748e+00 -1.83744200e+00]]

 [[ 4.04678990e+00  3.04571201e-01  5.38777386e-01  2.42726989e-01
    1.34997806e-01  1.97083687e+00  1.30319318e-01  3.98193557e-01
    3.23143248e-01  7.57266215e-01]
  [ 3.08110822e+00  3.24507095e+00  3.33105370e+00  3.12909158e+00
    3.01044446e+00  3.03785062e+00  3.02589496e+00  3.00178075e+00
    3.12229893e+00  3.05056054e+00]
  [-7.68503788e+00 -9.73427286e+00 -1.02790485e+01 -9.61016851e+00
   -3.65234508e+00 -2.75124132e+00 -1.02830509e+01 -9.30513707e+00
   -3.63760845e+00 -5.07949977e+00]]

 [[ 1.11092683e-01  1.66600741e-01  1.32903648e-01  4.62144180e-02
    3.53880490e-01  8.46946747e-03  8.45464464e-02  1.80253998e-01
    4.94353165e-01  6.94229268e-02]
  [ 3.00621243e+00  3.01561183e+00  3.00514671e+00  3.00207557e+00
    3.01070944e+00  3.00433745e+00  3.01590902e+00  3.00065794e+00
    3.00200407e+00  3.00946942e+00]
  [-1.00422733e+01 -3.68909515e+00 -2.71199400e+00 -9.83477234e+00
   -3.66381918e+00 -5.12161769e+00 -5.08745158e+00 -1.00059619e+01
   -2.74309865e+00 -1.02071284e+01]]

 [[ 1.16827982e-01  1.96376014e-02  8.56794546e-03  1.10666479e-02
    2.18307964e-02  8.86816581e-03  7.42202638e-02  4.38578259e-02
    5.91865067e-03  5.91523908e-03]
  [ 3.00800646e+00  3.01050296e+00  3.00077579e+00  3.00630649e+00
    3.01693355e+00  3.00438270e+00  3.00702337e+00  3.00672558e+00
    3.00204221e+00  3.06554414e+00]
  [-5.06458445e+00 -3.71988152e+00 -1.02279687e+01 -1.01150939e+01
   -5.07645193e+00 -5.05603573e+00 -1.83533376e+00 -1.03452207e+01
   -1.83659447e+00 -1.03307671e+01]]

 [[ 1.53033453e+00  5.84170431e+00  1.41638751e+00  1.01292648e+00
    2.00978880e+00  1.00661434e+00  1.32901108e+00  1.11145106e+00
    1.91671754e+00  7.75021487e-01]
  [ 3.65740439e+00  3.27238720e+00  3.38277232e+00  3.19374573e+00
    3.13435784e+00  3.01596905e+00  3.18112937e+00  3.00212207e+00
    3.00862140e+00  3.78277720e+00]
  [-4.95594070e+00 -4.67809160e+00 -3.63804975e+00 -8.73339631e+00
   -2.73736417e+00 -3.52459375e+00 -1.00030082e+01 -8.65806614e+00
   -8.18375255e+00 -2.50523291e+00]]

 [[ 7.06972045e-02  2.55422678e-01  2.83020359e-01  3.35575606e-01
    1.16651415e+00  3.60304373e-01  1.40471159e-01  1.92666855e-01
    5.67289564e-02  2.76499160e-01]
  [ 3.12338279e+00  3.07786838e+00  3.76038092e+00  3.02652421e+00
    3.04653632e+00  3.09931124e+00  3.06081535e+00  3.08065758e+00
    3.14737883e+00  3.02701673e+00]
  [-9.53542066e+00 -9.65790010e+00 -8.01594684e+00 -8.93987375e+00
   -1.00504332e+01 -3.66848514e+00 -2.74368811e+00 -3.67217519e+00
   -9.46990481e+00 -1.03520327e+01]]

 [[ 1.29561539e-01  6.19560379e-02  6.01889912e-02  1.15413459e-01
    7.69391081e-02  7.02849926e-02  6.24467652e-02  9.45088180e-02
    2.08297466e-01  8.10057867e-02]
  [ 3.00361756e+00  3.06427020e+00  3.18087024e+00  3.01945205e+00
    3.49534191e+00  3.16311666e+00  3.04576939e+00  3.02145045e+00
    3.00011826e+00  3.01472831e+00]
  [-3.69803936e+00 -1.03832502e+01 -1.80850001e+00 -1.00425081e+01
   -3.69467195e+00 -1.00367216e+01 -3.71593480e+00 -3.68901349e+00
   -1.03098774e+01 -3.70076307e+00]]

 [[ 2.93927828e+00  1.34633113e+00  1.26359672e+01  3.68038544e+00
    1.76685132e+00  8.56417135e-01  1.42992297e+00  5.36632715e+00
    8.60251001e+00  5.06223956e+00]
  [ 3.44174729e+00  6.01266425e+00  4.39419020e+00  3.09357560e+00
    4.97161709e+00  8.03142129e+00  4.73316167e+00  8.46314886e+00
    4.39966245e+00  5.81451320e+00]
  [-1.61921751e+00 -8.10444964e+00 -2.91288412e+00 -4.10864148e+00
   -2.34143757e+00 -2.98681352e+00 -4.75171855e+00 -2.57032329e+00
   -3.46019278e+00 -2.11840402e+00]]

 [[ 9.84403191e-01  1.42015093e+00  1.63584858e+00  6.88688781e-01
    1.23022168e+00  2.37528529e+00  1.04170960e+00  4.43495668e-01
    1.59582981e+00  1.51836901e+00]
  [ 3.20847561e+00  5.71564315e+00  3.04637095e+00  3.12227401e+00
    3.34221205e+00  4.33774561e+00  3.16330195e+00  3.76585042e+00
    3.07623701e+00  3.70268603e+00]
  [-2.63856275e+00 -2.77245839e+00 -8.18381359e+00 -7.86079922e+00
   -2.39032271e+00 -2.69906460e+00 -3.63490123e+00 -7.76005080e+00
   -3.71152037e+00 -1.03380718e+01]]

 [[ 5.58989485e-01  2.31793495e-01  2.52490028e-02  1.37781762e-01
    2.49216091e-01  7.25620151e-01  2.39945977e-01  1.76661869e-01
    1.21074510e-01  6.41955321e-01]
  [ 3.86271969e+00  3.14974003e+00  3.00670842e+00  3.20170981e+00
    3.03702582e+00  3.00022586e+00  3.14246871e+00  3.06320720e+00
    3.25635341e+00  3.21072900e+00]
  [-7.71648911e+00 -9.27271542e+00 -3.66826678e+00 -9.61144204e+00
   -7.76452304e+00 -1.83247868e+00 -3.50045827e+00 -1.03607939e+01
   -3.71517146e+00 -6.86870389e+00]]

 [[ 8.05067487e+01  9.10871957e+00  1.30757765e+02  2.36363462e+01
    2.01519640e+01  3.58011308e+01  5.12930161e+01  1.30730373e+02
    1.85936496e+01  1.81635337e+02]
  [ 4.79215731e+00  4.68369998e+00  4.92502981e+00  3.63166974e+00
    1.82795432e+01  5.59030815e+00  3.29933176e+00  8.85377952e+00
    5.10088374e+00  6.10865484e+00]
  [-1.63470289e+00 -3.66636505e+00 -8.04655574e+00 -1.28102127e+00
   -1.16582917e+00 -4.38388806e+00 -7.48694599e-01 -4.47390673e+00
   -1.63322895e+00 -5.34721043e+00]]

 [[ 4.73897796e+00  4.73823333e+00  5.46413581e+01  2.24802910e+01
    1.92319643e+01  1.11059774e+01  1.61992808e+01  1.13285288e+01
    7.50411653e+00  6.53279216e+00]
  [ 3.46173145e+01  7.73615327e+00  3.06266289e+00  1.32428138e+01
    3.28739915e+00  3.51571581e+00  3.66438612e+00  3.24663242e+00
    3.47447331e+00  8.84127334e+00]
  [-1.58115032e+00 -2.14626269e+00 -3.33710262e+00 -2.17276487e+00
   -3.16826523e+00 -2.10444023e+00 -3.64595398e+00 -3.68953081e+00
   -3.34815981e+00 -1.66134798e+00]]

 [[ 3.61840019e+00  7.24878538e-01  5.82605254e+00  1.46790333e+00
    2.71695033e+00  4.50427316e+00  8.61019297e+00  1.04347248e+00
    1.85820380e+00  9.29884915e+00]
  [ 4.97014628e+00  3.01615986e+00  3.47461426e+00  5.82355893e+00
    7.22451668e+00  3.06812520e+00  5.78200208e+00  3.56651975e+00
    3.86546326e+00  3.04126777e+01]
  [-6.82814004e+00 -3.70470124e+00 -2.05346705e+00 -5.73864379e+00
   -7.03785264e+00 -2.34454450e+00 -7.56665044e+00 -8.11252895e+00
   -2.73353847e+00 -3.95490412e+00]]

 [[ 8.88546431e+01  1.41226356e+02  9.36477473e-04  7.39939597e+02
    1.36246783e-04  1.61995849e-04  1.39573219e+03  2.93228975e-04
    1.70452489e+01  1.38633591e-04]
  [ 3.00007724e+00  3.00002944e+00  3.00000152e+00  3.00002967e+00
    3.00038818e+01  3.00001037e+00  3.00005360e+00  3.00012407e+00
    3.00002570e+00  3.00059084e+00]
  [-1.04018362e+01 -5.08747534e+00 -3.72427955e+00 -3.72428468e+00
   -1.04026619e+01 -1.04025667e+01 -1.04001383e+01 -3.72426109e+00
   -1.04022791e+01 -1.04021153e+01]]

 [[ 2.07888775e-05  3.45758767e-03  2.69894321e-05  6.03341417e-05
    1.15102563e-04  2.49897865e-05  1.21283447e-04  4.04742155e-04
    1.70333665e-05  7.37401346e-05]
  [ 3.00002977e+00  3.00002278e+01  3.00006822e+00  3.00003777e+00
    3.00021704e+01  3.00000328e+00  3.00001805e+00  3.00005030e+01
    3.00008814e+00  3.00001931e+00]
  [-5.08766089e+00 -1.04000040e+01 -1.04020014e+01 -1.04027557e+01
   -1.04028360e+01 -3.72428878e+00 -2.76588897e+00 -3.72429125e+00
   -1.04026741e+01 -2.76589480e+00]]

 [[ 1.87765890e-05  1.37098620e-05  7.88037843e-05  9.47723612e-06
    5.61115252e-06  6.79283255e-06  7.13945713e-06  9.40497461e-05
    3.92119797e-06  3.98211008e-06]
  [ 3.00002021e+00  3.00003228e+00  3.00027327e+00  3.00001754e+00
    3.00009115e+00  3.00000099e+00  3.00003966e+00  3.00002361e+00
    3.00000483e+00  3.00002841e+00]
  [-3.72429942e+00 -1.04028793e+01 -3.72428546e+00 -2.75192919e+00
   -1.04024203e+01 -1.04028857e+01 -1.04028467e+01 -1.04028002e+01
   -2.76588843e+00 -3.72429989e+00]]

 [[ 2.54473394e-01  1.07642585e-01  2.26856292e-01  1.85492789e-01
    2.13973062e-02  9.60056555e-01  1.57785208e-01  6.13297866e-02
    4.14713688e-02  1.72815691e-01]
  [ 3.00016062e+00  3.01970492e+00  3.15651992e+00  3.25116355e+00
    3.02249637e+00  3.00256407e+00  3.00932190e+00  3.00376581e+00
    3.00470907e+00  3.20693772e+00]
  [-1.02089729e+01 -9.42417290e+00 -1.03665634e+01 -1.83370804e+00
   -1.01927092e+01 -3.68386100e+00 -4.90616010e+00 -5.07639645e+00
   -5.11838386e+00 -3.71573653e+00]]

 [[ 2.24898962e-01  5.17818164e-02  8.84824357e-02  2.42278406e-02
    7.74550092e-02  1.15120622e-01  1.55453111e-02  2.39642728e-02
    4.91254531e-02  1.06890224e-02]
  [ 3.03038763e+00  3.01213400e+00  3.00880275e+00  3.00517447e+00
    3.18104072e+00  3.00149841e+00  3.11457197e+00  3.01517150e+00
    3.00762656e+00  3.01038849e+00]
  [-1.02467304e+01 -2.75588619e+00 -1.03828185e+01 -3.58252105e+00
   -1.03569072e+01 -1.03729586e+01 -3.71847035e+00 -5.11847212e+00
   -3.71506598e+00 -9.99209792e+00]]

 [[ 7.44173987e-03  3.00102680e-02  1.01819968e-01  8.22653088e-02
    1.48882069e-02  1.12972627e-03  1.43456635e-02  3.01973441e-02
    9.80674046e-03  2.05718350e-03]
  [ 3.00060598e+00  3.00199756e+00  3.00309455e+00  3.00785461e+00
    3.00265665e+00  3.04035253e+00  3.01377358e+00  3.01429743e+00
    3.01351206e+00  3.00558963e+00]
  [-2.76494819e+00 -1.03825441e+01 -1.03902185e+01 -2.75622619e+00
   -5.07071132e+00 -5.10744054e+00 -3.72360793e+00 -2.74910522e+00
   -3.72263687e+00 -2.75617561e+00]]

 [[ 2.19226185e+00  3.19590706e-01  4.60044648e-01  6.31731930e-01
    2.07575235e-01  2.50675516e+00  9.56519391e-01  1.68284036e-01
    3.32227645e-01  8.06565409e-02]
  [ 4.03643110e+00  5.22675527e+00  3.06296286e+00  4.64559183e+00
    3.27358876e+00  3.67276771e+00  5.42618578e+00  3.07312955e+00
    3.11578467e+00  4.73809013e+00]
  [-2.72706568e+00 -4.99527023e+00 -4.44726581e+00 -4.89489495e+00
   -3.53910870e+00 -4.41727779e+00 -1.00756037e+01 -3.69184220e+00
   -9.71177056e+00 -9.76814792e+00]]

 [[ 8.66201232e-02  1.55069311e-01  4.98585073e-02  1.80471587e-01
    3.14170052e-01  3.86916768e-02  3.25188809e-02  3.08851393e-01
    1.03598885e-01  1.27832831e-01]
  [ 3.02648658e+00  3.08533654e+00  3.04208683e+00  3.00818616e+00
    3.42564261e+00  3.76844553e+00  3.08842084e+00  3.00331113e+00
    3.95956118e+00  3.01225151e+00]
  [-8.51436966e+00 -1.00926059e+01 -1.03533218e+01 -9.57305859e+00
   -8.64520942e+00 -5.01355070e+00 -2.47161617e+00 -3.70363946e+00
   -4.75303008e+00 -3.71141421e+00]]

 [[ 5.67311836e-03  1.08878122e-01  1.05851364e-01  3.61052030e-02
    2.64705634e-02  1.63210048e-02  1.97601992e+00  6.76961770e-01
    1.00721731e-01  1.87864711e-02]
  [ 3.02815940e+00  3.09176945e+00  3.23362558e+00  3.14982208e+00
    3.01249713e+00  3.23186683e+00  3.03028852e+00  3.01591564e+00
    3.20042508e+00  3.06215356e+00]
  [-3.63781008e+00 -5.05320114e+00 -2.73517565e+00 -2.75994409e+00
   -1.00736072e+01 -5.12326352e+00 -9.79698590e+00 -2.68801002e+00
   -4.88878168e+00 -3.70857279e+00]]

 [[ 2.84415011e+00  4.39588206e-01  2.43319924e+00  6.71890526e-01
    1.81944425e+00  1.38800537e+00  1.25534057e+00  6.89713321e+00
    6.74538498e-01  3.86117694e+00]
  [ 3.20422798e+00  3.61159911e+00  3.03248753e+00  5.09494466e+00
    3.19191899e+00  3.40428493e+00  6.06898331e+00  5.48646908e+00
    8.41030951e+00  3.03113528e+00]
  [-3.28131542e+00 -8.69497156e+00 -2.38485367e+00 -1.59119689e+00
   -3.05493461e+00 -1.86983346e+00 -8.12507482e+00 -9.19685540e+00
   -2.65762154e+00 -3.77470753e+00]]

 [[ 1.81694119e-01  4.11051475e-01  4.47425185e-01  6.32453056e-02
    3.55672573e-01  4.48718074e+00  5.04951769e+00  6.89515358e+00
    1.26931797e+00  1.31177705e+00]
  [ 3.33632307e+00  3.00572066e+00  3.07618338e+00  4.18437307e+00
    3.02964021e+00  3.07717407e+00  3.01071747e+00  4.02383607e+00
    5.74867724e+00  3.71568586e+00]
  [-9.23283780e+00 -1.96889292e+00 -4.26537098e+00 -2.68930953e+00
   -1.72570743e+00 -7.31293439e+00 -9.26222654e+00 -3.29647518e+00
   -2.71509002e+00 -2.64151349e+00]]

 [[ 4.00249018e-01  1.46068957e-01  5.81574032e-02  6.49508870e-02
    1.80076450e-01  1.13967867e+00  9.32931476e-01  1.15198690e-01
    1.15572567e-01  3.14321700e-02]
  [ 3.15654851e+00  2.32314299e+01  3.01004891e+00  3.02052130e+00
    3.18602017e+00  3.02642560e+00  3.10875951e+00  3.32891075e+00
    3.15775830e+00  3.67534759e+00]
  [-1.81919643e+00 -2.51225661e+00 -3.71607007e+00 -4.89314809e+00
   -2.75560195e+00 -1.00388215e+01 -4.86627038e+00 -4.67012504e+00
   -1.01613496e+01 -4.88815021e+00]]

 [[ 4.57414851e+00  1.21589894e+00  2.78329908e+01  1.18485229e+01
    8.37316669e+01  6.07383460e+00  5.74337358e+02  2.54333511e+01
    6.59467443e+00  1.64943776e+02]
  [ 1.46045907e+01  1.26263581e+01  3.31040428e+00  4.40229007e+00
    1.29421900e+01  5.33085830e+00  3.10550065e+00  9.26211663e+00
    1.05136080e+01  3.35787861e+01]
  [-9.65541372e+00 -1.81917769e+00 -1.03948394e+00 -9.45947885e-01
   -2.05323506e+00 -1.44316568e+00 -1.37955715e+00 -1.87854869e+00
   -2.73765489e+00 -1.53220086e+00]]

 [[ 3.32815442e+00  1.86036678e+00  7.71677679e+00  2.52440129e+00
    3.51688934e-01  2.17600688e+00  1.97629479e+00  2.51084009e+00
    6.43532753e+00  3.10203234e+00]
  [ 3.06514000e+00  7.74044065e+00  3.07093836e+00  3.56077218e+00
    3.14761440e+00  5.38001592e+00  4.28667000e+00  3.22634916e+00
    3.40017254e+00  3.04332966e+00]
  [-1.57323785e+00 -9.27667291e+00 -2.27460651e+00 -2.31873254e+00
   -3.10675087e+00 -1.70255566e+00 -2.69218943e+00 -5.07453835e+00
   -1.99931318e+00 -1.98037335e+00]]

 [[ 1.20677704e+00  3.58487975e-01  6.88496282e-01  5.78222206e-01
    4.30876645e-01  1.12884921e+00  5.71531628e-01  4.45256187e+00
    7.48999428e-01  9.46329372e-01]
  [ 9.19982412e+00  3.21320322e+00  3.78198429e+00  3.19745747e+00
    3.01264204e+00  3.27118967e+00  3.80115932e+00  3.10741527e+00
    3.72913756e+00  3.38159325e+00]
  [-6.62005083e+00 -3.36331588e+00 -8.59668737e+00 -1.01045929e+01
   -1.80756902e+00 -9.13741346e+00 -3.41172314e+00 -1.97401232e+00
   -2.54664480e+00 -2.66170750e+00]]

 [[ 1.13717290e+01  2.15482668e+01  5.00517492e+01  8.66899759e+01
    2.38616331e+01  2.80161356e+02  1.96603711e+01  1.66754435e+02
    7.87603871e+01  2.89912141e+01]
  [ 2.84080622e+01  7.47342829e+00  2.55813323e+01  9.84083424e+00
    1.27384596e+01  1.58653189e+01  4.87072974e+01  3.00747634e+01
    2.20699423e+01  8.02047999e+00]
  [-1.06209176e+00 -7.15982699e+00 -7.11683902e-01 -1.02111648e+00
   -7.90746646e+00 -1.16605595e+00 -1.13290880e+00 -1.65141043e+00
   -2.46786234e+00 -9.74474435e-01]]

 [[ 6.10587815e+00  1.12601217e+01  4.11486113e+00  1.28759730e+02
    2.50460778e+01  1.06678834e+01  1.72407539e+01  1.45141115e+01
    3.06644698e+01  2.20066379e+01]
  [ 1.38788849e+01  2.24609957e+01  1.17037196e+01  5.42641569e+00
    2.85614709e+01  3.27765949e+00  1.51553702e+01  1.55947564e+01
    1.00983102e+01  3.01077749e+01]
  [-3.48998937e+00 -2.15151993e+00 -4.31478415e+00 -1.62248788e+00
   -7.21466291e-01 -7.05861395e-01 -1.74526098e+00 -7.65742300e+00
   -1.57050697e+00 -1.00562484e+00]]

 [[ 1.19140928e+00  1.09743720e+00  4.99778665e+00  3.23678184e+00
    9.51522233e+00  1.43437063e+00  5.89213909e+00  3.22684413e+01
    4.52897129e+00  3.07513883e+00]
  [ 1.04519808e+01  4.90173210e+00  3.82769223e+01  1.21267967e+01
    3.26774905e+01  1.12850293e+01  3.10093620e+01  8.25588033e+00
    9.05253627e+00  4.61556262e+00]
  [-4.39945829e+00 -1.65763839e+00 -1.62844826e+00 -1.31210432e+00
   -2.50641163e+00 -2.04317206e+00 -1.97324842e+00 -8.15735420e+00
   -4.99819675e+00 -2.11511388e+00]]

 [[ 2.23851614e+02  1.00953729e+03  5.12312933e+00  5.25651894e-04
    1.30801411e-04  2.84219963e+01  6.06198920e-05  3.93036569e-01
    1.70773028e-04  2.32806256e+02]
  [ 3.00009038e+01  3.00008121e+00  3.00004990e+00  3.00000072e+00
    3.00006896e+00  3.00003121e+00  3.00000421e+00  3.00000515e+00
    3.00000251e+00  3.00000633e+00]
  [-5.08763332e+00 -3.72427040e+00 -3.72426651e+00 -3.72429656e+00
   -2.76588637e+00 -5.12877579e+00 -1.04023190e+01 -5.08754265e+00
   -2.76589085e+00 -2.76582195e+00]]

 [[ 9.94047749e+00  4.80193855e-05  1.01013287e-04  5.00503016e-05
    7.77267371e-05  8.07121960e-05  1.29460669e-04  7.70604954e-05
    1.22973340e-04  7.49530445e-05]
  [ 3.00000331e+00  3.00000649e+00  3.00005677e+00  3.00004413e+00
    3.00009184e+00  3.00002952e+00  3.00004753e+00  3.00001611e+00
    3.00001804e+00  3.00001110e+00]
  [-1.04029008e+01 -2.76589233e+00 -1.83759228e+00 -5.08764208e+00
   -3.72429134e+00 -5.12875915e+00 -1.04028211e+01 -1.04028541e+01
   -1.83759170e+00 -3.72429301e+00]]

 [[ 1.33525867e-05  8.71562324e-06  2.21004198e-05  7.44526636e-06
    3.95849571e-05  2.12905738e-06  1.88919718e-05  5.06357349e-06
    2.86916056e-05  8.89303738e-06]
  [ 3.00000612e+00  3.00000015e+00  3.00001021e+00  3.00000043e+00
    3.00001660e+00  3.00000491e+00  3.00000280e+00  3.00000050e+00
    3.00001319e+00  3.00002844e+00]
  [-2.76589679e+00 -3.72430006e+00 -3.72429701e+00 -1.04028353e+01
   -1.04028456e+01 -1.04028525e+01 -2.76589432e+00 -2.76589700e+00
   -1.04028251e+01 -5.08766633e+00]]

 [[ 5.17305592e-02  1.87757347e-01  1.48303268e-01  5.70582901e-02
    1.00731195e-01  8.23577849e-02  8.68430737e-02  5.76569506e-02
    1.74371859e-02  2.08241787e-01]
  [ 3.00964953e+00  3.01886465e+00  3.00124509e+00  3.18928422e+00
    3.02804274e+00  3.03450646e+00  3.07673539e+00  3.00927196e+00
    3.00042136e+00  3.02830430e+00]
  [-5.12551394e+00 -9.87515158e+00 -2.75127610e+00 -4.19190537e+00
   -5.04340942e+00 -5.01630481e+00 -3.67612763e+00 -1.00873681e+01
   -1.03193299e+01 -1.00219785e+01]]

 [[ 2.67481043e-02  5.92888941e-02  3.79287198e-02  3.59976253e-02
    2.31699723e-02  1.31989866e-01  9.88145657e-02  7.27289041e-03
    7.87084099e-02  2.38932970e-02]
  [ 3.01206089e+00  3.00012246e+00  3.01501232e+00  3.01881718e+00
    3.02252582e+00  3.04339684e+00  3.02607497e+00  3.01857681e+00
    3.00424514e+00  3.00760706e+00]
  [-2.75998051e+00 -1.03807230e+01 -1.03627023e+01 -5.07441727e+00
   -5.08553098e+00 -2.75269637e+00 -5.07225032e+00 -2.76058644e+00
   -3.72131790e+00 -2.76406109e+00]]

 [[ 7.52444531e-03  1.59856976e-03  5.46304224e-02  8.71394075e-03
    1.50935682e-02  1.49584594e-02  1.90970782e-03  2.23913943e-03
    1.92482467e-02  3.26030053e-03]
  [ 3.00039641e+00  3.00371537e+00  3.05348897e+00  3.00785618e+00
    3.01107356e+00  3.01038490e+00  3.00270725e+00  3.00057315e+00
    3.00460859e+00  3.00607426e+00]
  [-1.03575111e+01 -5.08691053e+00 -3.72284585e+00 -3.71890546e+00
   -1.03771335e+01 -1.03980375e+01 -1.03694135e+01 -2.76524580e+00
   -1.03990736e+01 -1.03662596e+01]]

 [[ 3.20229917e-01  7.65959681e-01  1.81692386e-01  3.81188451e-01
    2.26372303e-01  2.94858775e-01  4.62605587e-01  8.77325045e-01
    1.06057853e+00  3.09941592e+00]
  [ 3.05632869e+00  3.08166957e+00  3.19170444e+00  3.07512496e+00
    3.03131433e+00  3.00833186e+00  3.23376080e+00  3.11386488e+00
    3.75107548e+00  3.05386519e+00]
  [-9.76094513e+00 -7.23853602e+00 -3.58743910e+00 -5.02221036e+00
   -2.69571391e+00 -8.19486053e+00 -9.39314295e+00 -8.29451438e+00
   -4.36048580e+00 -5.00800955e+00]]

 [[ 2.68244424e-02  6.69364209e-02  6.19382258e-01  2.01706311e-01
    4.78244858e-02  9.95595497e-02  2.17217656e-01  3.35580600e-01
    7.45932820e-02  1.20541880e-01]
  [ 3.01334316e+00  3.04088831e+00  3.10289149e+00  3.02982148e+00
    3.00013284e+00  3.01126465e+00  3.07229525e+00  3.00019984e+00
    3.00449324e+00  3.07331749e+00]
  [-3.68225110e+00 -9.91646673e+00 -9.54229932e+00 -9.92429890e+00
   -5.06944808e+00 -1.01825597e+01 -2.75109026e+00 -5.06475792e+00
   -1.00569424e+01 -9.91643306e+00]]

 [[ 4.45167089e-02  9.43479662e-03  3.94134491e-02  3.36402950e-02
    2.67160791e-02  2.28664328e-02  4.26350665e-02  2.52648974e-02
    1.69406853e-01  1.83451429e-02]
  [ 3.13378538e+00  3.01663294e+00  3.00264842e+00  3.00293114e+00
    3.02350046e+00  3.04848327e+00  3.00101275e+00  3.00655040e+00
    3.00210072e+00  3.01816476e+00]
  [-1.03570047e+01 -1.03674151e+01 -2.75939692e+00 -2.75130135e+00
   -1.03525130e+01 -1.83741666e+00 -2.78503443e+00 -1.03019311e+01
   -2.75069193e+00 -1.03678911e+01]]

 [[ 1.67415717e+00  4.72014950e-01  1.36013914e+00  5.21545348e+00
    9.32546710e-01  1.84329850e+00  1.97544942e+00  4.89171135e+01
    1.68436272e+00  7.10936215e-01]
  [ 3.15481923e+00  3.00603722e+00  3.27606528e+00  3.15460842e+00
    3.16464852e+00  4.36742504e+00  3.02118329e+00  3.06572695e+00
    3.11192874e+00  3.10429511e+00]
  [-1.00307094e+01 -4.97105150e+00 -4.09005434e+00 -2.52551852e+00
   -9.52218978e+00 -7.10127146e+00 -3.52902016e+00 -8.48352427e+00
   -9.04102951e+00 -9.71266658e+00]]]