[[[ 4.15909357e-01  6.78263599e-01  1.84137073e-01  2.10555651e-01
    1.38801068e+00  1.84716748e-01  1.87550845e-01  2.68709184e-01
    1.08724699e+00  9.72610826e-02]
  [ 3.01203679e+00  3.00122985e+00  3.06531880e+00  3.32596861e+00
    3.00935509e+00  3.34652663e+00  3.01150582e+00  3.02033368e+00
    3.19586982e+00  3.84637617e+00]
  [-9.17792006e+00 -3.49998240e+00 -5.01053499e+00 -9.89654244e+00
   -2.69864768e+00 -4.46306705e+00 -3.68527226e+00 -9.56358694e+00
   -5.22669553e+00 -1.03479286e+01]]

 [[ 1.51653659e-01  3.78119515e-02  6.63834068e-02  2.71858651e-02
    3.66445699e-02  5.71405714e-02  6.85923060e-02  2.21145113e-01
    1.33102840e-01  3.04231593e-01]
  [ 3.09551282e+00  3.00632027e+00  3.02209890e+00  3.30294231e+00
    3.00547301e+00  3.00219049e+00  3.00946943e+00  3.04141489e+00
    3.01848911e+00  3.05829982e+00]
  [-5.11764035e+00 -1.02525464e+01 -4.96171074e+00 -5.09212228e+00
   -9.59017299e+00 -3.58970222e+00 -1.01487693e+01 -4.98817619e+00
   -9.80531143e+00 -9.99718366e+00]]

 [[ 1.19873969e+01  5.34463105e+00  9.31074473e+00  3.44430324e+00
    1.18480181e+01  3.68261439e+00  1.73275464e+01  7.29964114e+00
    2.61259302e+01  1.59285494e+00]
  [ 5.78263343e+00  4.55988457e+00  3.72713542e+00  3.49665552e+00
    4.01066685e+00  5.75888697e+00  5.60463093e+00  3.26561162e+00
    3.57614529e+00  5.38283838e+00]
  [-2.04087321e+00 -4.62149506e+00 -2.89583407e+00 -1.95724215e+00
   -2.81177623e+00 -2.71572713e+00 -6.18180341e+00 -5.03840509e+00
   -2.60656513e+00 -3.17651381e+00]]

 [[ 2.42647583e+00  7.29394933e-01  1.12910536e+00  9.85892777e-01
    8.07406559e+00  6.79686657e-01  1.38096781e+00  3.49080177e+00
    2.28833374e+00  5.52563514e+00]
  [ 3.39747418e+00  3.90553353e+00  3.15732056e+00  3.42263086e+00
    3.02406702e+00  3.09782038e+00  3.06459134e+00  3.10786483e+00
    3.11253395e+00  3.20989338e+00]
  [-8.37579951e+00 -2.43760725e+00 -3.31620331e+00 -2.70766338e+00
   -2.60768319e+00 -8.44408696e+00 -4.81676886e+00 -9.49991001e+00
   -9.98038382e+00 -4.56319361e+00]]

 [[ 2.53586546e-01  6.28029831e-01  2.72715695e-01  6.78140750e-01
    2.38311641e-01  1.64896310e-01  4.22114005e-01  2.38598597e+00
    3.36993885e-01  4.00757266e-01]
  [ 3.02908141e+00  3.41508950e+00  3.27434102e+00  3.01455978e+00
    4.79019501e+00  3.76050561e+00  4.37648937e+00  3.00290968e+00
    3.47021611e+00  3.54676178e+00]
  [-4.23810207e+00 -9.79570609e+00 -2.72239272e+00 -4.86807067e+00
   -2.67934213e+00 -2.71249381e+00 -2.69909989e+00 -3.71944348e+00
   -9.41454997e+00 -4.91348259e+00]]

 [[ 2.48232987e+01  1.47906129e+01  2.37621634e+02  1.50349950e+02
    7.48274472e+01  2.87194643e+01  2.08353224e+02  1.75904819e+01
    6.75065590e+01  2.63962812e+01]
  [ 5.28022630e+00  5.62508696e+00  6.95323520e+00  6.51028046e+00
    5.01088639e+00  3.45483456e+00  4.89442445e+00  3.25761231e+00
    3.63136586e+00  4.93088671e+00]
  [-1.47989065e+00 -2.08170935e+00 -1.17804414e+00 -1.21836881e+00
   -1.33216006e+00 -1.64096413e+00 -1.51191146e+00 -1.84296322e+00
   -2.51699697e+00 -3.63455819e+00]]

 [[ 9.93260620e+00  2.89098405e+01  4.43511773e+00  1.14556948e+01
    2.35336217e+01  2.49571234e+01  9.19013930e+00  5.63966141e+00
    1.07670761e+01  6.19044533e+00]
  [ 3.60281645e+00  4.86637892e+00  1.26878436e+01  3.09517758e+00
    5.62141664e+00  3.45028620e+00  3.94158295e+00  3.21512583e+00
    3.66853197e+00  3.17549841e+00]
  [-2.75938347e+00 -1.65384751e+00 -2.47220110e+00 -2.05104193e+00
   -2.19542330e+00 -1.79239552e+00 -3.21852639e+00 -6.46289433e+00
   -1.71228851e+00 -2.10301059e+00]]

 [[ 1.60464810e+00  7.33826864e-01  7.54733855e-01  1.04986864e+00
    6.45862973e+00  4.35114426e-01  3.08867356e+00  5.46783632e+00
    3.66633199e+00  3.15863167e+00]
  [ 4.83256169e+00  3.01588718e+00  4.21580451e+00  3.00093004e+00
    3.43383458e+00  3.27704735e+00  3.13698778e+00  7.40623125e+00
    3.00781326e+00  3.22728386e+00]
  [-1.41480654e+00 -2.70898622e+00 -4.81500056e+00 -1.79871953e+00
   -4.77802943e+00 -3.86296687e+00 -3.51529901e+00 -1.77980383e+00
   -2.75211859e+00 -5.77073934e+00]]

 [[ 1.76256067e+03  2.01703789e+03  1.05329627e+03  3.42854329e-03
    5.44369382e+01  2.16670204e+02  1.08533552e+03  2.46733349e+00
    5.87533475e-01  3.65193454e+03]
  [ 3.00065702e+00  3.00044126e+00  3.00008646e+01  3.00027529e+00
    3.00024784e+00  3.00013625e+00  3.00002090e+00  3.00046929e+00
    3.00005342e+00  3.00008618e+00]
  [-3.72399442e+00 -2.76555780e+00 -1.03959640e+01 -1.03916865e+01
   -1.03966583e+01 -1.83591414e+00 -1.04004205e+01 -5.08596674e+00
   -1.04006827e+01 -3.72392965e+00]]

 [[ 9.78959016e-04  4.83466567e+02  1.04175440e-01  3.01162203e-04
    3.43506124e-04  1.64197055e-04  2.43468460e-02  3.59792292e-04
    3.35260946e-02  1.65023420e-03]
  [ 3.00022930e+00  3.00002392e+00  3.00007467e+00  3.00001323e+00
    3.00055829e+00  3.00085472e+00  3.00000154e+01  3.00014238e+00
    3.00004551e+00  3.00077794e+00]
  [-1.04010210e+01 -1.83666504e+00 -1.83721481e+00 -2.76581033e+00
   -5.08747045e+00 -2.76581247e+00 -3.72423251e+00 -1.83742493e+00
   -1.83741881e+00 -2.76580314e+00]]

 [[ 8.77553154e-05  1.37690644e-04  5.20352380e-04  4.43635027e-04
    1.18658467e-04  1.48369284e-04  1.36210570e-04  2.18925322e-04
    8.30558617e-05  1.43040043e-03]
  [ 3.00000920e+00  3.00008250e+00  3.00003137e+00  3.00001053e+00
    3.00003047e+00  3.00000791e+00  3.00008533e+00  3.00000322e+00
    3.00000298e+00  3.00001249e+00]
  [-1.04021251e+01 -1.04027967e+01 -1.04026963e+01 -3.72415187e+00
   -3.72428842e+00 -1.04027807e+01 -1.04028818e+01 -5.08757017e+00
   -1.83754923e+00 -1.04027876e+01]]

 [[ 1.23414507e+02  1.43384537e+02  7.73116807e+00  7.40444968e+00
    1.23883233e+03  1.02027645e+02  1.38407498e+02  8.34056859e+00
    7.58535676e+01  1.31482213e+02]
  [ 3.59589756e+00  3.21879744e+00  3.00499415e+00  3.00369043e+00
    3.00623807e+00  3.26988316e+00  3.01017094e+00  3.20323393e+00
    4.56791914e+00  3.01661126e+00]
  [-4.92020809e+00 -5.02183329e+00 -7.28732147e+00 -8.00820615e+00
   -8.35384885e+00 -7.98370976e+00 -7.56275395e+00 -7.61006687e+00
   -7.49232835e+00 -3.47219275e+00]]

 [[ 3.48003259e-01  3.97330765e-01  6.24902836e-01  1.38560628e+00
    1.75665513e+00  7.97400142e-01  1.17124133e+01  7.08172409e+02
    2.60145679e+00  8.41739062e-02]
  [ 3.34885120e+00  3.05587438e+00  3.04458387e+00  3.00047881e+00
    3.05130053e+00  3.05473297e+00  3.04944921e+00  3.07119317e+00
    3.00120609e+00  3.00961144e+00]
  [-7.22706047e+00 -3.35147516e+00 -3.54372500e+00 -9.71139407e+00
   -7.70829355e+00 -9.72418716e+00 -3.48852939e+00 -2.61035633e+00
   -9.45009046e+00 -9.36209458e+00]]

 [[ 9.63728052e-02  4.41729068e-01  1.80094823e-01  1.07304984e-01
    4.08789478e+00  1.28702290e-01  7.72380873e-02  1.33563110e-01
    2.30926689e-01  2.11727819e-02]
  [ 3.04951361e+00  3.10081190e+00  3.04500676e+00  3.09606101e+00
    3.00763424e+00  3.00490103e+00  3.04198817e+00  3.00398644e+00
    3.00413316e+00  3.01574163e+00]
  [-3.68157663e+00 -1.03518934e+01 -1.00825962e+01 -4.99980677e+00
   -1.02069981e+01 -2.74037052e+00 -3.58254860e+00 -9.60961888e+00
   -8.58934236e+00 -9.95269841e+00]]

 [[ 3.48595634e+02  6.83879278e+00  8.52057840e+00  5.03644100e+01
    2.30900096e+01  1.20312851e+01  1.93606903e+00  1.16674060e+03
    1.17459043e+02  3.01563837e+01]
  [ 3.99449355e+00  3.03965852e+00  5.34533121e+00  1.00268991e+01
    1.03745685e+01  3.07452295e+00  4.18909245e+00  3.83859947e+00
    7.26905922e+00  6.52420484e+00]
  [-6.26490153e+00 -3.63999598e+00 -4.89369258e+00 -3.24502985e+00
   -7.49361665e+00 -2.77166407e+00 -2.35042002e+00 -3.67981441e+00
   -3.09404113e+00 -6.93704634e+00]]

 [[ 5.98288451e+00  1.33950122e+00  2.31528478e+00  4.74844178e+00
    1.53871542e+00  1.37154774e+01  3.34805679e+00  2.22897203e+00
    2.89104335e+00  7.11426044e-01]
  [ 3.31899157e+00  3.51075138e+00  3.71269836e+00  3.52637906e+00
    3.11474385e+00  3.11631683e+00  3.03926307e+00  3.06610468e+00
    3.22155902e+00  3.07734470e+00]
  [-6.94441876e+00 -5.82702694e+00 -3.47053976e+00 -9.14020334e+00
   -4.29946110e+00 -3.37822779e+00 -4.63391396e+00 -6.84561999e+00
   -6.14285200e+00 -4.41129125e+00]]

 [[ 2.11246678e+00  2.41931853e-01  1.75651730e+00  2.16731904e+00
    5.88369310e-01  8.60510282e-01  4.33270248e+00  5.35701567e-01
    3.36587023e-01  1.24382565e-01]
  [ 3.03802034e+00  3.33374374e+00  3.09272173e+00  3.02822273e+00
    3.03745350e+00  3.17592685e+00  3.04344698e+00  3.10454657e+00
    3.05204750e+00  3.00859606e+00]
  [-7.44479589e+00 -3.62297443e+00 -2.45673960e+00 -4.76226518e+00
   -2.70827167e+00 -3.39572777e+00 -9.37662165e+00 -4.04816346e+00
   -9.40087450e+00 -2.76135025e+00]]

 [[ 6.25614635e+02  1.41327762e+01  2.10550807e+03  1.36587330e+02
    1.06384349e+01  1.40244396e+03  1.26749100e+02  2.78022651e+02
    2.01078841e+02  9.24897834e+01]
  [ 5.82259660e+00  5.08280419e+00  4.11051618e+00  3.25655444e+00
    8.99483876e+00  4.82109571e+00  5.02730278e+00  3.43353361e+00
    1.19607949e+01  4.67461613e+00]
  [-2.14075310e+00 -4.09070760e+00 -2.24899309e+00 -4.38017936e+00
   -1.94926087e+00 -1.76022177e+00 -2.91768200e+00 -1.65030697e+00
   -2.81593708e+00 -1.95358905e+00]]

 [[ 3.92901428e+00  4.00865906e+00  7.74411694e+00  4.50960394e+01
    1.26654589e+00  2.03964400e+01  2.48398052e+00  2.46370243e+00
    2.34891078e+02  6.63369361e+00]
  [ 3.08803424e+00  3.88393148e+00  5.36025231e+00  6.05590234e+00
    3.19755469e+00  9.17202034e+00  4.43413896e+00  1.78682097e+01
    6.90808682e+00  4.40149950e+00]
  [-2.27408796e+00 -2.41941824e+00 -2.02695642e+00 -4.31042061e+00
   -3.57030406e+00 -1.36921399e+00 -3.75369859e+00 -2.76714908e+00
   -2.27964299e+00 -5.46590236e+00]]

 [[ 1.24570557e+00  9.47545901e-01  1.94101705e+00  2.56060780e+00
    4.85999569e-01  1.58932672e+00  5.15051844e+00  8.84571003e-01
    2.13694790e+00  1.30152611e+00]
  [ 3.39228628e+00  3.53294448e+00  3.04065291e+00  3.01622703e+00
    3.01564658e+00  3.02777813e+00  3.05578770e+00  3.16532659e+00
    3.18512051e+00  3.10376415e+00]
  [-7.95411764e+00 -3.52075511e+00 -1.79364645e+00 -3.94595311e+00
   -4.96527612e+00 -7.96920186e+00 -2.38832586e+00 -2.47730538e+00
   -9.89294958e+00 -9.02907238e+00]]

 [[ 1.20892481e+02  9.03304191e+01  5.71278705e+01  3.61261925e+02
    1.37397379e+02  3.37820735e+01  4.78272970e+01  9.56162665e+00
    2.49422620e+02  3.57596754e+02]
  [ 2.26898051e+01  1.26051687e+01  5.41555512e+00  6.96931345e+00
    1.10716400e+01  3.37330553e+00  1.96102048e+01  7.62114969e+00
    3.15955065e+00  1.36734910e+01]
  [-1.52075301e+00 -2.40953130e+00 -1.08056880e+00 -3.27865940e+00
   -2.67019617e+00 -1.45253763e+00 -1.41648075e+00 -7.47524654e-01
   -9.95914893e-01 -1.51069358e+00]]

 [[ 7.99857869e+01  1.66851583e+01  2.55374778e+01  1.37067072e+02
    2.40562601e+01  5.58619664e+01  9.24200425e+01  1.43197959e+01
    2.90689019e+01  2.71167820e+01]
  [ 6.28918509e+00  7.33922321e+00  2.58546936e+01  8.14251293e+00
    5.66678289e+00  3.93927920e+00  6.61867352e+00  2.25502708e+01
    3.46265846e+00  2.07690639e+01]
  [-4.81689492e+00 -1.44390415e+00 -2.03531579e+00 -1.80826376e+00
   -1.69205146e+00 -2.38049344e+00 -1.32388084e+00 -1.20821578e+00
   -2.83878509e+00 -1.61955135e+00]]

 [[ 3.23832515e+00  9.63140167e+00  6.36539692e+00  6.45096790e+00
    2.06479896e+01  8.53196559e+00  1.78767998e+01  1.32921267e+01
    2.18711212e+00  2.97668918e+00]
  [ 3.05614180e+01  3.66589519e+00  1.23437822e+01  4.28245918e+00
    6.46277357e+00  6.50782569e+00  1.90715808e+01  4.22201417e+00
    3.80323696e+00  3.22844853e+00]
  [-7.42501893e+00 -2.46760377e+00 -2.41720570e+00 -3.06900352e+00
   -2.18262628e+00 -1.74586729e+00 -2.55145472e+00 -1.51281827e+00
   -3.72045815e+00 -4.93171121e+00]]

 [[ 2.17536807e+03  8.25555279e+02  2.67799645e+02  9.03092013e+01
    2.23744239e+03  4.94776514e+02  3.74821265e+02  2.63819575e+02
    6.95771221e+02  2.33470209e+02]
  [ 6.04070656e+00  2.01785536e+01  1.77145725e+01  3.37398566e+01
    3.46217082e+01  1.59601667e+01  3.19370892e+01  4.06389494e+01
    2.79807845e+01  3.02159340e+00]
  [-8.35498781e-01 -9.56528168e-01 -7.74783637e-01 -7.63146725e-01
   -1.00500335e+00 -1.27143776e+00 -1.35506087e+00 -1.09173662e+00
   -1.23537516e+00 -1.43145772e+00]]

 [[ 2.05471800e+02  2.24877383e+02  1.92650295e+02  4.47878102e+02
    2.39143855e+01  2.65791219e+02  7.18598277e+01  7.05643371e+02
    5.25281038e+01  2.72169606e+02]
  [ 1.24668529e+01  3.13200934e+00  1.21661366e+01  3.33963416e+00
    5.23531217e+01  4.73674768e+00  3.04095906e+00  1.40541405e+01
    1.19722568e+01  3.05447601e+01]
  [-6.66675630e-01 -1.40230741e+00 -1.40910526e+00 -6.90572794e-01
   -6.77644135e-01 -2.19817543e+00 -2.14057931e+00 -8.53286447e-01
   -9.34785764e-01 -6.75757429e-01]]

 [[ 8.42597231e+01  2.22068928e+01  1.89204919e+01  1.55773192e+02
    8.22856654e+01  1.20875830e+02  3.63120625e+01  5.15876953e+01
    3.91925507e+01  4.25843118e+01]
  [ 5.78215757e+00  1.26394742e+01  5.10085558e+00  3.38128399e+00
    1.44614956e+01  4.54056678e+00  7.70710541e+00  4.13832256e+00
    5.92337339e+00  4.39411856e+00]
  [-2.22406200e+00 -1.43032297e+00 -1.30232736e+00 -1.26646659e+00
   -8.55036880e-01 -3.40145831e+00 -2.18535017e+00 -2.16659033e+00
   -1.91056923e+00 -8.02830365e-01]]

 [[ 4.99062921e+02  5.66454318e+02  1.21108748e+02  1.66593062e+02
    4.58047595e+01  7.84898007e-01  5.25037995e+01  5.44401446e+00
    9.71935909e+02  8.92159748e+02]
  [ 3.00040419e+00  3.00061731e+00  3.00012385e+00  3.00003423e+00
    3.00015400e+00  3.00000573e+00  3.00036984e+00  3.00002718e+00
    3.00045173e+00  3.00015942e+00]
  [-5.08737438e+00 -1.03971231e+01 -2.76582854e+00 -1.03985967e+01
   -1.04021532e+01 -3.72403990e+00 -2.76578760e+00 -5.08731971e+00
   -1.03680041e+01 -1.04008032e+01]]

 [[ 4.43543288e-04  1.88518609e-03  1.33970251e-03  4.58622596e-04
    3.55036118e-03  1.72812711e-03  4.32681270e-04  4.14886121e+01
    8.41768154e-04  4.56197882e-03]
  [ 3.00000508e+00  3.00001763e+00  3.00013644e+00  3.00003398e+00
    3.00008366e+00  3.00001993e+00  3.00001248e+00  3.00013061e+00
    3.00000764e+00  3.00005292e+00]
  [-1.03999005e+01 -1.04013322e+01 -3.72419678e+00 -1.04013906e+01
   -3.72425030e+00 -3.72404190e+00 -2.76551728e+00 -1.03974134e+01
   -1.04015242e+01 -2.76579769e+00]]

 [[ 7.08161161e-04  2.22552043e-04  2.62988025e-03  3.05554151e-04
    1.39409833e-04  1.55846708e-04  1.58346296e-04  4.34294470e-04
    2.99700387e-04  1.58945350e-04]
  [ 3.00005305e+00  3.00002219e+00  3.00000515e+00  3.00000888e+00
    3.00000440e+00  3.00000478e+00  3.00000485e+00  3.00000532e+00
    3.00000039e+00  3.00000685e+00]
  [-2.76587374e+00 -2.76587555e+00 -1.04024812e+01 -3.72419541e+00
   -1.04027651e+01 -1.04028725e+01 -3.72427244e+00 -1.04026982e+01
   -1.04015733e+01 -3.72427242e+00]]

 [[ 8.29834173e+00  9.45073628e+00  6.82238653e+02  6.34912025e+02
    4.76804459e+00  4.64939943e+01  8.13242321e-01  1.15577967e+02
    1.78369506e+01  1.15513347e+01]
  [ 3.21811172e+00  3.09457856e+00  3.07928970e+00  3.03259807e+00
    3.32793182e+00  3.23812283e+00  3.18312152e+00  3.14387312e+00
    3.07346646e+00  3.03149577e+00]
  [-4.08571676e+00 -9.17847049e+00 -8.36270706e+00 -8.00165431e+00
   -2.56750123e+00 -4.17537382e+00 -7.16646195e+00 -3.52483870e+00
   -3.41737754e+00 -2.69891890e+00]]

 [[ 3.39666061e-01  6.04574426e-01  2.60490771e-01  1.29975313e+00
    2.61455507e-01  2.71384086e-01  3.14870339e-01  4.87821537e-01
    1.58785644e-01  3.91219220e-01]
  [ 3.02127455e+00  3.02403512e+00  3.00229336e+00  3.01587606e+00
    3.10024732e+00  3.02757947e+00  3.13405981e+00  3.01822627e+00
    3.01087426e+00  3.00038529e+00]
  [-2.66901645e+00 -9.68022442e+00 -3.63669885e+00 -4.11069786e+00
   -8.43766298e+00 -3.70041914e+00 -2.70422677e+00 -7.03683136e+00
   -3.44254677e+00 -4.47238085e+00]]

 [[ 6.00787228e-01  1.50507938e-01  1.23545968e-01  1.69808916e-01
    8.53271081e-02  2.28328335e-01  2.18055549e-01  6.09059478e-02
    1.37963078e-01  1.33354346e-01]
  [ 3.00101606e+00  3.00051053e+00  3.00014784e+00  3.00191865e+00
    3.00282199e+00  3.00862146e+00  3.00208634e+00  3.00260294e+00
    3.00098897e+00  3.00474050e+00]
  [-1.02087240e+01 -9.84870430e+00 -2.76442392e+00 -4.92260960e+00
   -1.02142433e+01 -1.02026661e+01 -9.84752108e+00 -1.02517232e+01
   -1.00955891e+01 -9.90230631e+00]]

 [[ 1.14759607e+02  1.73493103e+01  2.49950326e+01  2.07046104e+03
    2.03194179e+01  4.29386813e+00  2.33339379e+01  2.00125770e+00
    3.62734983e+01  3.31196068e+00]
  [ 3.43255513e+00  3.77760076e+00  4.20361327e+00  6.90198079e+00
    5.77432230e+00  3.27570007e+00  3.29951542e+00  4.14385784e+00
    3.10845003e+00  3.28939453e+00]
  [-3.68487518e+00 -2.10535192e+00 -3.27164380e+00 -3.54947359e+00
   -3.92057312e+00 -7.72529465e+00 -6.80796679e+00 -5.57602397e+00
   -3.40654547e+00 -2.93631666e+00]]

 [[ 7.41486523e-01  2.50272989e+00  3.84595604e+00  1.23835101e+01
    1.27560235e+00  1.64733465e+00  1.83127550e+00  2.12601324e+00
    5.86244104e+00  1.77474225e+00]
  [ 3.14784962e+00  3.03081425e+00  3.41237303e+00  3.18389777e+00
    3.10939831e+00  3.00164073e+00  3.03868284e+00  3.27148097e+00
    3.97096059e+00  3.00729152e+00]
  [-7.27914117e+00 -4.96560471e+00 -4.59250344e+00 -5.09610303e+00
   -3.65905886e+00 -3.51264473e+00 -6.20514587e+00 -5.08839395e+00
   -3.59013207e+00 -8.19109958e+00]]

 [[ 3.52776495e-01  7.84710156e-01  1.01317099e+00  8.07889054e-01
    4.68747437e-01  3.24455035e+00  3.09357647e+00  3.30394043e+00
    6.01127499e-01  5.70393434e-01]
  [ 3.05030547e+00  3.02596403e+00  3.00394143e+00  3.00389558e+00
    3.00486984e+00  3.06812301e+00  3.01636157e+00  3.00213377e+00
    3.00397763e+00  3.05177549e+00]
  [-9.01392155e+00 -1.02156051e+01 -1.00030676e+01 -9.78623663e+00
   -9.40787226e+00 -8.81240863e+00 -1.00149025e+01 -9.44054101e+00
   -8.77930080e+00 -9.51162688e+00]]

 [[ 1.33575003e+01  2.18611826e+02  2.29533769e+01  1.28334094e+02
    8.43978795e+01  3.03864683e+02  1.49525436e+02  5.15321698e+01
    2.58130239e+01  1.21226372e+01]
  [ 5.48405661e+00  3.91185767e+00  3.58608246e+00  1.00819387e+01
    7.32317961e+00  5.33131357e+00  3.53063632e+00  3.00229204e+00
    4.80622915e+00  5.03077727e+00]
  [-2.69315430e+00 -3.20177388e+00 -6.76558538e+00 -2.23654271e+00
   -2.66935146e+00 -2.90967809e+00 -3.83645667e+00 -1.78457820e+00
   -2.55862046e+00 -6.48694666e+00]]

 [[ 3.82919888e+00  5.81221571e+00  2.20636321e+01  5.33532704e+00
    5.43400998e+00  7.52570319e+00  4.62425126e+00  9.56481366e+00
    1.06117612e+01  9.94385287e+00]
  [ 4.31076905e+00  3.36308211e+00  3.25394223e+00  4.12869307e+00
    3.27761535e+00  3.13160873e+00  3.01492759e+00  3.34182037e+00
    3.73333102e+00  3.08161978e+00]
  [-3.09810064e+00 -4.25288391e+00 -5.40581462e+00 -4.44331311e+00
   -4.76801399e+00 -2.66892669e+00 -2.41345160e+00 -9.42244269e+00
   -3.22248359e+00 -3.22215547e+00]]

 [[ 1.45982224e+00  6.10498746e-01  2.07328106e+00  1.12158045e+01
    2.49788157e+00  1.03356146e+00  4.94829532e+00  1.47869352e+00
    1.06916069e+00  4.78186255e+00]
  [ 3.12941476e+00  3.02660731e+00  3.06514296e+00  3.00561580e+00
    3.33028299e+00  3.00384286e+00  3.04872604e+00  3.03218031e+00
    3.04586115e+00  3.05105857e+00]
  [-7.79506036e+00 -6.60122668e+00 -3.87983914e+00 -9.17284846e+00
   -9.97098615e+00 -9.01954448e+00 -6.60302760e+00 -7.64843744e+00
   -1.00554193e+01 -3.67183303e+00]]

 [[ 6.14046061e+02  6.75979883e+01  1.50013190e+02  2.65723169e+02
    8.61828348e+01  1.20905761e+02  1.34072713e+02  1.17300636e+02
    1.47528376e+01  4.45746048e+01]
  [ 8.82977848e+00  7.96924320e+00  4.08916400e+00  7.37513168e+00
    9.00342178e+00  6.69823065e+00  7.46724705e+00  6.98052756e+00
    1.77445412e+01  8.58799700e+00]
  [-1.20132028e+00 -1.88626913e+00 -2.60438775e+00 -1.61475428e+00
   -1.27566377e+00 -2.31283261e+00 -3.20940210e+00 -1.99595316e+00
   -1.44158504e+00 -1.76667122e+00]]

 [[ 2.51577907e+01  1.69619434e+01  1.96882015e+01  1.37619916e+01
    1.48309868e+02  4.16598091e+01  9.39216316e+00  5.21655102e+01
    3.11277477e+01  5.59472995e+01]
  [ 3.96016007e+00  9.46674046e+00  8.85420158e+00  5.04784149e+00
    3.60719576e+00  5.92562861e+00  3.01419760e+00  3.33302700e+00
    4.03771511e+00  3.01911096e+00]
  [-2.29868529e+00 -1.65386509e+00 -4.79813098e+00 -4.62645956e+00
   -3.60470285e+00 -2.15620860e+00 -4.01085089e+00 -1.52551781e+00
   -2.62204878e+00 -3.07236066e+00]]

 [[ 1.21182008e+01  3.10977925e+00  7.35162191e+00  1.39356105e+01
    3.71348737e+00  7.55497820e+00  1.50435195e+01  4.61219433e+00
    2.95309811e+01  6.96481376e+00]
  [ 3.05857433e+00  3.20600106e+00  6.73414142e+00  3.03600101e+00
    4.33081652e+00  5.11240720e+00  3.12591977e+00  4.27063900e+00
    3.68842926e+00  3.01836751e+00]
  [-8.31460874e+00 -2.13965565e+00 -6.81781416e+00 -2.14547172e+00
   -4.48295130e+00 -2.73084392e+00 -3.93269172e+00 -3.19078395e+00
   -3.18542066e+00 -9.02233568e+00]]

 [[ 1.10662142e+03  6.45761536e+02  3.94465149e+02  9.95726749e+02
    7.40097798e+02  7.84354990e+02  3.19347809e+02  2.60451964e+02
    3.78439824e+02  1.71863168e+02]
  [ 3.70974708e+00  7.06457023e+00  7.28808219e+00  1.27149445e+01
    3.03691481e+00  1.29271364e+01  6.28064655e+00  2.39951444e+01
    1.74657452e+01  8.29062765e+00]
  [-1.75639328e+00 -1.62347677e+00 -1.88071424e+00 -9.23859529e-01
   -1.85334048e+00 -1.08486885e+00 -1.76756744e+00 -1.23696579e+00
   -1.31824263e+00 -2.98223272e+00]]

 [[ 1.06744719e+02  1.47423102e+02  1.55007419e+02  1.72656002e+02
    2.40032566e+02  1.51475266e+02  5.51556634e+01  9.49040679e+01
    5.35747122e+02  9.18350730e+01]
  [ 4.76487563e+00  3.52840742e+00  3.69896279e+00  4.07420037e+00
    4.21092972e+00  5.08298942e+00  7.52683715e+00  6.69007778e+00
    1.28383281e+01  9.81634610e+00]
  [-1.56476257e+00 -2.02779386e+00 -1.80215288e+00 -3.02636750e+00
   -1.16445647e+00 -1.55680036e+00 -1.02125036e+00 -1.75445538e+00
   -1.20225036e+00 -1.48076793e+00]]

 [[ 2.68850781e+01  6.77496982e+01  4.12195278e+01  3.55120733e+01
    3.69462595e+01  1.61249140e+02  3.24418079e+01  5.01667073e+01
    7.83391273e+01  3.12861810e+02]
  [ 3.37093580e+00  3.01532655e+00  4.67236145e+00  1.57776515e+01
    8.34098467e+00  4.67339458e+00  4.58616607e+00  3.75694017e+00
    3.49983457e+01  4.48076705e+00]
  [-2.43485366e+00 -1.34233738e+00 -2.17979677e+00 -1.42532892e+00
   -1.87108437e+00 -1.07312352e+00 -8.67223686e+00 -1.87307715e+00
   -1.99865229e+00 -1.72662223e+00]]

 [[ 4.47337253e+02  9.37543310e+02  4.58379967e+03  8.29948815e+02
    5.16740271e+03  2.26730267e+03  1.48808922e+03  5.72261385e+03
    2.02609837e+03  1.40576173e+03]
  [ 3.00139269e+00  3.00344904e+00  3.00091199e+00  3.00161888e+00
    3.00022148e+00  3.00058115e+00  3.00106805e+00  3.00006629e+00
    3.00054793e+00  3.00209445e+00]
  [-1.01485121e+01 -4.91737331e+00 -5.03116665e+00 -1.03983622e+01
   -4.61557120e+00 -1.03925276e+01 -9.02372539e+00 -1.00880969e+01
   -3.72256550e+00 -2.65308341e+00]]

 [[ 1.52856296e+03  1.11166980e+03  2.07011359e+03  2.66709884e+03
    2.58361354e+03  2.92384138e+03  1.51744352e+03  4.28966385e+02
    1.56031839e+03  9.27504893e+01]
  [ 3.00005401e+00  3.00018611e+00  3.00042054e+00  3.00006976e+00
    3.00091635e+00  3.00205000e+00  3.00010563e+00  3.00138254e+00
    3.00012468e+01  3.00189401e+00]
  [-1.04018455e+01 -5.08468780e+00 -1.03914231e+01 -2.47317961e+00
   -1.83723851e+00 -1.03977834e+01 -1.03947145e+01 -5.02152417e+00
   -3.72280836e+00 -1.03916022e+01]]

 [[ 3.76277810e-01  8.83278014e-03  3.21466529e+00  1.32973271e+02
    4.82785248e-01  1.57751075e-03  5.72166853e+02  3.63000990e+02
    4.17404387e+02  1.16000904e+02]
  [ 3.00003175e+00  3.00003931e+00  3.00044849e+00  3.00022424e+00
    3.00008491e+00  3.00028338e+00  3.00001595e+00  3.00036025e+00
    3.00003440e+00  3.00016157e+00]
  [-3.72398263e+00 -5.08596692e+00 -1.04011372e+01 -2.76562109e+00
   -1.03955139e+01 -3.72160996e+00 -2.76558854e+00 -3.72406697e+00
   -1.03909273e+01 -3.72418384e+00]]

 [[ 5.06337746e+03  8.73364078e+02  2.73890795e+03  6.84410088e+02
    4.50691455e+02  3.01387618e+03  1.04809758e+03  1.15452643e+03
    1.15710937e+03  2.06311235e+03]
  [ 3.64154320e+00  3.01170867e+00  3.79175925e+00  3.39963170e+00
    4.53436933e+00  3.48536610e+00  3.31296526e+00  3.15964660e+00
    3.09717694e+00  3.11198732e+00]
  [-8.70039392e+00 -3.47803724e+00 -3.33348203e+00 -5.55377376e+00
   -4.53969495e+00 -4.30131316e+00 -5.08991038e+00 -3.59176191e+00
   -3.41615276e+00 -3.32710736e+00]]

 [[ 7.21216562e+02  5.07297494e+02  1.23610151e+02  1.46001262e+02
    3.68301262e+02  8.43049548e+00  2.08293039e+03  2.99463572e+02
    1.80735202e+01  4.66587694e+01]
  [ 3.09368431e+00  3.24320486e+00  3.35276105e+00  3.31310583e+00
    4.07535217e+00  3.08021938e+00  3.03449896e+00  3.12927600e+00
    3.16799896e+00  3.25175741e+00]
  [-2.36024543e+00 -5.97880895e+00 -5.97073905e+00 -6.06655427e+00
   -9.57067043e+00 -6.32276063e+00 -6.05921663e+00 -8.76922709e+00
   -5.62402568e+00 -7.83112360e+00]]

 [[ 6.26889337e+02  2.57343220e+01  3.90070584e+01  7.19098133e-01
    1.52015634e+01  9.31046224e+00  4.11208812e-01  2.56483021e+00
    4.18902566e-01  9.59918299e+00]
  [ 3.29210972e+00  3.00881441e+00  3.02555304e+00  3.01454969e+00
    3.11626853e+00  3.26187444e+00  3.02479248e+00  3.18035700e+00
    3.03501921e+00  3.35172419e+00]
  [-7.03667741e+00 -3.61491985e+00 -4.57499312e+00 -7.83179834e+00
   -4.17094868e+00 -8.05732336e+00 -9.91555027e+00 -8.72921937e+00
   -3.24022238e+00 -9.28383391e+00]]

 [[ 3.74761769e+03  5.22334365e+02  1.38547695e+02  7.87609021e+02
    2.18069660e+02  2.16214614e+03  7.50022322e+02  3.26957972e+03
    4.56699949e+03  1.42954434e+03]
  [ 5.36039123e+00  3.82725893e+00  3.53766729e+00  6.48058563e+00
    6.81463134e+00  3.62288935e+00  6.43354684e+00  3.11409034e+00
    3.30827969e+00  4.35068131e+00]
  [-2.03459205e+00 -2.17027208e+00 -2.80574169e+00 -2.55005193e+00
   -5.52204443e+00 -3.81009262e+00 -4.64809342e+00 -2.10318546e+00
   -4.17411507e+00 -1.86992279e+00]]

 [[ 1.73780895e+02  6.27196167e+02  2.30327712e+01  2.91572796e+02
    3.40930359e+02  4.86606703e+02  4.24794924e+02  2.91959085e+02
    2.82304159e+02  3.30688181e+02]
  [ 3.50522008e+00  7.50804519e+00  3.45213746e+00  3.42037020e+00
    3.10235766e+00  4.84583421e+00  3.09215850e+00  3.34152987e+00
    6.33668962e+00  4.15538814e+00]
  [-3.05911760e+00 -3.29065228e+00 -3.15348743e+00 -3.36711139e+00
   -2.66938970e+00 -2.40658986e+00 -4.93768497e+00 -2.70017572e+00
   -3.18950393e+00 -5.51898116e+00]]

 [[ 9.54406638e+01  9.02142431e+00  1.71957733e+01  6.40217865e+01
    2.78012840e+02  1.40074565e+01  9.53901529e+01  1.16685108e+02
    6.24438224e+00  1.15788843e+01]
  [ 3.80666680e+00  3.15621868e+00  3.27394740e+00  7.96288791e+00
    3.60295852e+00  3.12444371e+00  3.26580287e+00  3.03294236e+00
    4.54599317e+00  3.37810362e+00]
  [-2.77738308e+00 -3.97889075e+00 -5.63296992e+00 -4.96419019e+00
   -3.63870839e+00 -6.82682547e+00 -4.55609564e+00 -4.30770780e+00
   -4.53365124e+00 -3.53174267e+00]]

 [[ 1.21552221e+03  2.32231782e+03  1.91653400e+03  3.05212584e+03
    7.48300830e+02  2.85570373e+02  3.30491765e+03  1.35260246e+03
    2.63828718e+03  3.22061893e+02]
  [ 1.05945358e+01  3.22432056e+00  3.02381557e+00  8.40190598e+00
    4.18537780e+00  3.30947962e+00  5.40780058e+00  6.79780712e+00
    1.90230130e+01  6.13465740e+00]
  [-1.56917699e+00 -1.59237339e+00 -1.32118923e+00 -1.97941411e+00
   -3.02497051e+00 -1.58825177e+00 -1.86973839e+00 -1.81029887e+00
   -2.11697063e+00 -1.33248012e+00]]

 [[ 1.59123172e+03  1.32981513e+01  5.22056337e+02  1.24853753e+02
    1.90399555e+02  2.44435362e+01  6.31386084e+02  3.23808771e+02
    3.71473178e+01  4.77120915e+02]
  [ 3.34840982e+00  6.40235641e+00  5.24033817e+00  5.23366050e+00
    1.59009839e+01  9.38772309e+00  3.18288475e+00  3.22785714e+00
    4.73950006e+00  4.09424551e+00]
  [-2.60927712e+00 -2.16832173e+00 -2.79864299e+00 -1.45281564e+00
   -2.36701062e+00 -2.06603538e+00 -1.73719657e+00 -1.60299254e+00
   -1.71121895e+00 -2.50183423e+00]]

 [[ 6.65805615e+01  5.19921481e+01  3.52078564e+01  9.26952579e+01
    2.80462308e+01  3.69620038e+01  1.46020843e+01  2.39654025e+01
    1.77493835e+01  3.03999085e+01]
  [ 3.28860361e+00  3.22249290e+00  5.84952676e+00  4.68058315e+00
    4.05512892e+00  3.13639336e+00  5.57857301e+00  6.66717921e+00
    3.83324058e+00  3.37327881e+00]
  [-4.34557732e+00 -1.60237249e+00 -3.16437961e+00 -3.81948050e+00
   -2.04423887e+00 -2.62852616e+00 -2.28552543e+00 -3.51199184e+00
   -4.48657861e+00 -4.32767972e+00]]

 [[ 6.73346717e+02  9.76443484e+01  1.99188944e+03  2.04708416e+03
    3.33155346e+03  1.47859934e+03  1.40727902e+03  6.48877373e+03
    1.60912374e+03  3.56206648e+02]
  [ 1.04826833e+01  6.61353769e+00  4.14580276e+00  4.48734980e+00
    1.04403963e+01  2.56388311e+01  5.29738006e+00  4.24938903e+00
    7.23412348e+00  1.33224853e+01]
  [-1.06528680e+00 -1.30113903e+00 -1.15341377e+00 -1.09716868e+00
   -9.80879099e-01 -1.22562827e+00 -1.32366997e+00 -1.65428997e+00
   -1.68592421e+00 -1.20765427e+00]]

 [[ 4.99499705e+02  7.43551700e+02  3.38945774e+01  1.78864457e+03
    4.00354456e+02  9.35850797e+02  4.88137577e+02  4.77277549e+02
    5.32423951e+02  4.49322439e+02]
  [ 4.04888009e+00  6.76864799e+00  2.96554861e+01  1.31716249e+01
    6.19143261e+00  7.69723538e+00  1.59871838e+01  1.37424381e+01
    1.63059689e+01  5.80119482e+00]
  [-1.00432288e+00 -2.09930563e+00 -1.00371852e+00 -1.40353577e+00
   -1.23583550e+00 -1.03866384e+00 -1.65350100e+00 -1.89426045e+00
   -6.92503994e-01 -1.52600952e+00]]

 [[ 1.70587681e+02  4.74429192e+01  5.18018650e+01  6.19171475e+01
    2.56515343e+01  1.17924439e+02  8.90824719e+01  3.84948196e+01
    2.93943588e+01  6.23512337e+01]
  [ 1.53887578e+01  4.00276593e+00  4.46469212e+00  3.25029398e+00
    3.90232577e+00  6.91154475e+00  3.11854093e+00  4.42470478e+00
    2.40286804e+01  3.22506034e+01]
  [-3.02225961e+00 -1.34509630e+00 -1.55928425e+00 -1.65943609e+00
   -1.82673777e+00 -8.89463301e-01 -1.79523127e+00 -2.07616663e+00
   -2.71470954e+00 -1.83337308e+00]]

 [[ 1.87894380e+03  3.57283724e+03  1.92420571e+03  2.48365183e+02
    2.49610877e+03  4.46053082e+03  4.50755341e+03  1.33410106e+03
    3.89671889e+03  2.30138845e+03]
  [ 2.23503415e+01  1.54028135e+01  2.21929837e+01  5.14336049e+00
    1.70938121e+01  3.43742583e+00  4.79231587e+00  1.47004700e+01
    7.46279326e+00  5.94471863e+00]
  [-1.24862733e+00 -7.76134975e-01 -1.20136106e+00 -1.76759093e+00
   -1.40973450e+00 -1.00161278e+00 -8.32833890e-01 -7.56775508e-01
   -9.17587536e-01 -1.95235406e+00]]

 [[ 3.11721253e+03  3.79141760e+02  2.14204570e+03  5.18795751e+02
    1.78023859e+03  3.22582964e+02  2.04258471e+03  9.96391323e+02
    1.79397881e+03  7.15239580e+02]
  [ 8.58082367e+00  1.50106246e+01  2.60202994e+01  3.31830772e+00
    5.04372525e+00  4.05809773e+00  1.08438717e+01  3.15985144e+00
    6.37397212e+00  4.35957384e+00]
  [-1.17187416e+00 -6.62060122e-01 -7.39082265e-01 -7.08053008e-01
   -1.10343998e+00 -1.34110988e+00 -9.69996647e-01 -8.20637579e-01
   -8.41749328e-01 -7.53238367e-01]]

 [[ 2.55271628e+02  8.69256977e+02  2.54226486e+02  4.73400345e+02
    7.25660190e+02  2.59777007e+02  3.01782985e+02  1.10970865e+02
    3.84675386e+02  5.01938201e+02]
  [ 3.66273478e+01  2.14049265e+01  3.14725800e+00  3.56309859e+01
    4.44843348e+00  1.38125675e+01  1.50290759e+01  1.28416917e+01
    4.57190292e+00  3.06999172e+01]
  [-1.84481761e+00 -1.10048897e+00 -5.82440459e-01 -9.94707423e-01
   -1.23041731e+00 -7.83971588e-01 -1.18031763e+00 -1.46105690e+00
   -2.66695809e+00 -9.68444628e-01]]

 [[ 5.52445863e+02  1.45017882e+03  3.54292193e+02  5.68499682e+03
    2.23278583e+02  1.98078596e+03  5.99611624e+02  2.43084349e+03
    1.86602068e+03  1.04092143e+03]
  [ 3.00121712e+00  3.00044955e+00  3.00041240e+00  3.00118816e+00
    3.00023773e+00  3.00110397e+00  3.00032687e+00  3.00055463e+00
    3.00004458e+00  3.00022646e+00]
  [-1.02574340e+01 -1.02781004e+01 -8.29285102e+00 -1.01777076e+01
   -1.03623293e+01 -2.71241950e+00 -1.04011492e+01 -2.65539267e+00
   -1.03958624e+01 -8.92759552e+00]]

 [[ 5.04645316e+02  1.06845290e+02  3.60888623e+03  7.91214406e+02
    8.41459551e+02  1.31474810e+03  4.19057922e+01  6.23192744e+02
    1.21270127e+03  3.12326790e+02]
  [ 3.00072611e+00  3.00025237e+00  3.00006260e+00  3.00006322e+00
    3.00019477e+00  3.00021159e+00  3.00026149e+00  3.00032675e+00
    3.00020309e+00  3.00000431e+00]
  [-1.03591463e+01 -1.03975447e+01 -1.03948733e+01 -1.83736742e+00
   -1.83729938e+00 -1.03993682e+01 -1.04008741e+01 -2.76530580e+00
   -5.08641173e+00 -3.72351933e+00]]

 [[ 1.10446683e+03  8.03854438e+00  3.12024237e+02  2.35422276e+02
    8.75484931e-02  4.27875567e+02  1.09026590e+01  5.14663290e+01
    3.21524294e+00  2.62793841e+02]
  [ 3.00032109e+00  3.00006113e+00  3.00004032e+00  3.00000799e+00
    3.00004461e+00  3.00012976e+00  3.00006285e+00  3.00003922e+00
    3.00001318e+00  3.00014106e+00]
  [-2.76565473e+00 -3.72410227e+00 -2.76566693e+00 -1.03990802e+01
   -1.04029235e+01 -1.04015695e+01 -3.72394958e+00 -1.04006789e+01
   -1.04007988e+01 -1.03997397e+01]]

 [[ 9.30162835e+02  7.14509990e+02  8.99599007e+02  3.11784250e+02
    1.19513970e+03  2.24399041e+03  2.97066713e+03  1.21356390e+03
    1.79974428e+03  5.91894395e+02]
  [ 3.09401313e+00  3.28140454e+00  4.15847871e+00  3.11989881e+00
    3.02215234e+00  3.06225620e+00  3.02838500e+00  3.17066909e+00
    3.33195161e+00  3.02277272e+00]
  [-3.49939218e+00 -5.08615853e+00 -9.55674262e+00 -6.27258431e+00
   -5.18563865e+00 -7.51567213e+00 -5.96718108e+00 -9.20849788e+00
   -4.32198377e+00 -7.46223979e+00]]

 [[ 4.55321574e+02  6.80980307e+01  1.08530873e+03  1.41553006e+02
    1.03808260e+02  3.87547232e+02  2.80865046e+01  1.49237873e+03
    5.37632144e+02  2.15567481e+01]
  [ 3.87034692e+00  3.34381545e+00  3.83554631e+00  3.21640292e+00
    3.36659433e+00  3.05092960e+00  3.02316382e+00  3.27916859e+00
    3.06955294e+00  3.01591286e+00]
  [-7.70271876e+00 -2.59641692e+00 -7.49482289e+00 -7.20993507e+00
   -7.64021431e+00 -8.93197647e+00 -5.09669684e+00 -3.13220656e+00
   -7.30084606e+00 -1.01913073e+01]]

 [[ 3.04352332e-01  5.09235898e-01  1.09787272e+01  9.58945920e+00
    2.47698557e+01  1.63854133e+00  5.71624597e-01  1.11854378e+02
    6.94243589e-01  4.67430895e+01]
  [ 3.00373187e+00  3.14478158e+00  3.04423936e+00  3.00080580e+00
    3.06791896e+00  3.03332137e+00  3.05523136e+00  3.03353786e+00
    3.00235664e+00  3.25911462e+00]
  [-8.05775407e+00 -8.72519326e+00 -9.68117601e+00 -8.34739594e+00
   -9.88440548e+00 -8.78111885e+00 -8.40148482e+00 -9.30405163e+00
   -8.98077856e+00 -6.88302392e+00]]

 [[ 5.52784578e+02  2.32249231e+03  3.74243817e+03  1.79517920e+02
    1.70592081e+03  1.19725236e+03  8.50772746e+02  1.56088203e+03
    7.14225448e+02  2.62592042e+02]
  [ 6.39940064e+00  4.37963768e+00  4.58329915e+00  3.11753014e+00
    3.54393479e+00  4.45350052e+00  3.31138404e+00  3.28576448e+00
    3.44312335e+00  3.71465856e+00]
  [-1.99924627e+00 -3.82974331e+00 -2.59807987e+00 -6.05609275e+00
   -2.11672920e+00 -2.14002860e+00 -6.61224893e+00 -2.52407854e+00
   -2.47101061e+00 -7.11969727e+00]]

 [[ 4.75199366e+02  1.74275005e+02  1.69813860e+01  3.19402979e+02
    1.14627247e+02  1.51967090e+02  1.68908991e+02  2.07636399e+01
    9.12403036e+02  8.37496853e+01]
  [ 3.05105126e+00  3.12651721e+00  3.32208159e+00  3.13512936e+00
    3.28462751e+00  3.11366111e+00  5.85107799e+00  3.38757671e+00
    3.03962910e+00  3.02247685e+00]
  [-3.01829278e+00 -6.05679839e+00 -8.65508579e+00 -7.79671964e+00
   -3.72374813e+00 -7.06369025e+00 -2.95371339e+00 -6.31285974e+00
   -7.68538583e+00 -5.03867808e+00]]

 [[ 4.30831007e+00  5.88550926e+01  8.48338005e+00  4.74552842e+01
    1.55274125e+01  3.52389479e+02  3.59188368e+01  2.06033479e+01
    6.18089689e+01  4.56921723e+01]
  [ 5.06919808e+00  4.51495268e+00  3.55371299e+00  3.60403793e+00
    3.67836052e+00  3.10593772e+00  3.01967796e+00  4.28826453e+00
    3.13577843e+00  3.30262218e+00]
  [-7.42087600e+00 -6.84420019e+00 -8.21697879e+00 -9.14426005e+00
   -5.79181169e+00 -6.46076098e+00 -5.53928030e+00 -8.21638563e+00
   -7.33355709e+00 -8.15812704e+00]]

 [[ 4.96566972e+02  5.53049045e+02  9.01393691e+02  3.29280362e+03
    2.50560792e+03  1.06422040e+03  5.85713203e+02  2.17974527e+03
    2.71357487e+03  9.43033634e+02]
  [ 4.09634908e+00  3.86886869e+00  4.69115075e+00  5.07457095e+00
    3.48936572e+00  3.69283081e+00  8.41353682e+00  3.53534327e+00
    8.98363674e+00  3.45854326e+00]
  [-2.16661138e+00 -2.33238301e+00 -2.41802804e+00 -2.30969530e+00
   -3.68735249e+00 -1.74684170e+00 -2.45313733e+00 -5.14436561e+00
   -3.11713806e+00 -1.69168930e+00]]

 [[ 3.28836355e+02  3.24319133e+01  1.28032034e+03  3.56359887e+02
    5.78364429e+02  4.50040378e+01  5.87084158e+02  7.09827835e+00
    1.32385904e+02  2.04879903e+03]
  [ 5.21638915e+00  3.71435293e+00  3.90726854e+00  9.70587487e+00
    3.14410188e+00  3.24267746e+00  3.39524793e+00  6.50353923e+00
    4.39466463e+00  3.14700657e+00]
  [-2.17608720e+00 -2.42029248e+00 -7.21251006e+00 -3.06565271e+00
   -3.12503639e+00 -3.71642963e+00 -3.59046035e+00 -1.96404906e+00
   -2.07321972e+00 -3.67106890e+00]]

 [[ 3.10372883e+01  1.02776660e+01  2.30285274e+01  1.64063432e+02
    1.66414882e+02  6.54333257e+00  1.16114117e+01  7.64289788e+00
    2.99312609e+01  2.11837513e+02]
  [ 5.07841252e+00  9.03760065e+00  3.02254182e+00  5.29239534e+00
    4.36318011e+00  5.99072281e+00  3.39987399e+00  3.58649597e+00
    3.20753134e+00  3.80190375e+00]
  [-2.13939977e+00 -3.63118840e+00 -3.61547908e+00 -3.12878556e+00
   -3.39289007e+00 -3.41463357e+00 -4.58718119e+00 -3.26819866e+00
   -3.16219774e+00 -5.83091055e+00]]

 [[ 1.24415191e+03  1.29457950e+03  7.78730096e+02  3.60433577e+03
    1.83972048e+03  1.71321020e+02  1.52370996e+03  8.07584294e+02
    1.47357067e+03  4.31712104e+02]
  [ 5.84283954e+00  4.55281105e+00  9.71316947e+00  5.96996039e+00
    1.05525890e+01  3.53034670e+00  5.21937017e+00  1.10314782e+01
    1.74793292e+01  8.87759163e+00]
  [-8.81912778e-01 -9.65444328e-01 -7.53176121e-01 -9.86843246e-01
   -1.11422805e+00 -1.38098516e+00 -1.39850504e+00 -1.53090445e+00
   -2.25049305e+00 -8.85378069e-01]]

 [[ 1.30582613e+03  7.70615848e+02  1.18469713e+02  6.83265114e+01
    4.25738439e+02  1.57955243e+03  5.29729617e+02  2.86936324e+02
    1.04500146e+03  1.09043624e+03]
  [ 4.11263015e+00  5.65656430e+00  1.15944759e+01  7.53152694e+00
    8.61452333e+00  8.26716595e+00  3.80113685e+00  4.27213483e+00
    3.89697748e+00  5.38483092e+00]
  [-1.69541535e+00 -9.86929416e-01 -5.33604810e+00 -2.19278878e+00
   -9.03498867e-01 -8.45195828e-01 -1.43429487e+00 -1.48236239e+00
   -1.79101846e+00 -1.67029760e+00]]

 [[ 2.91963466e+02  3.13207499e+01  8.28546308e+01  7.94115555e+01
    2.90839160e+01  7.07284382e+01  5.05252307e+01  2.92141906e+01
    7.90542254e+01  3.58849526e+01]
  [ 6.50673354e+00  3.69461034e+00  3.02361049e+00  5.96055617e+00
    3.02681332e+00  5.06464957e+00  3.60559688e+00  3.45963105e+00
    4.19728416e+00  9.42889164e+00]
  [-1.65760194e+00 -2.67257431e+00 -2.36075768e+00 -1.57584045e+00
   -1.43632461e+00 -2.15507733e+00 -2.20950880e+00 -1.68530931e+00
   -3.08290582e+00 -1.47556260e+00]]

 [[ 1.97517907e+03  2.26040523e+03  9.83304167e+03  1.14596515e+03
    2.27970256e+03  6.10469878e+02  3.28777668e+03  1.03849935e+03
    4.87723556e+03  3.94115026e+03]
  [ 7.85898118e+00  3.49736656e+00  2.90548896e+01  1.28113377e+01
    6.44159705e+00  1.79458911e+01  1.12804639e+01  1.74197347e+01
    3.24439444e+00  3.43191230e+00]
  [-1.16950419e+00 -1.34557666e+00 -1.01942638e+00 -1.91225478e+00
   -1.14695698e+00 -9.74399283e-01 -8.77130496e-01 -1.10201787e+00
   -1.73541487e+00 -8.32649532e-01]]

 [[ 6.01449897e+02  2.97667548e+02  3.56850225e+03  6.90914353e+02
    1.42436464e+03  1.68033238e+03  1.80692249e+03  1.17393779e+03
    1.50167349e+02  1.86923493e+03]
  [ 2.22261268e+01  3.97328688e+00  3.11894530e+00  4.92185437e+00
    3.36586736e+00  1.30375802e+01  5.39889688e+00  1.07081607e+01
    5.01549881e+00  9.23668581e+00]
  [-1.75101010e+00 -1.27399704e+00 -1.28278756e+00 -8.86589948e-01
   -1.24166943e+00 -1.02675986e+00 -1.03393047e+00 -2.38280941e+00
   -8.96601414e-01 -1.02334402e+00]]

 [[ 1.12825171e+03  3.99724549e+02  3.03659386e+02  6.27417924e+02
    2.88539089e+02  6.34696644e+02  1.99706186e+03  4.18927430e+02
    2.00777616e+02  2.25063012e+02]
  [ 1.17827750e+01  6.11638198e+00  4.48897376e+00  6.75007621e+00
    1.47877625e+01  6.68000169e+00  3.50630012e+00  5.83077618e+00
    3.04612566e+00  5.40031510e+00]
  [-1.55919837e+00 -1.19447702e+00 -9.76102861e-01 -2.24099008e+00
   -1.07469496e+00 -1.00208715e+00 -1.50574565e+00 -1.37037210e+00
   -1.28354386e+00 -1.85867490e+00]]

 [[ 5.93553693e+03  9.04720937e+02  3.89341979e+03  1.67457401e+03
    7.89744424e+03  6.28024795e+03  1.94444201e+03  3.50344005e+03
    3.82396132e+03  4.42581849e+03]
  [ 3.09017741e+00  3.00186636e+00  3.00253715e+00  3.00275538e+00
    3.00076449e+00  3.00315768e+00  3.00076231e+00  3.01248649e+00
    3.00032569e+00  3.00151763e+00]
  [-1.01688799e+00 -4.98205212e+00 -4.60202067e+00 -3.38701793e+00
   -8.58163743e+00 -2.69634991e+00 -1.43107522e+00 -1.65129053e+00
   -9.97276476e+00 -1.28418751e+00]]

 [[ 2.22160299e+03  2.28959008e+03  2.29567261e+03  1.23007813e+03
    2.95888766e+03  1.94621335e+03  2.00279619e+03  3.05219488e+03
    3.98737629e+03  5.21028814e+03]
  [ 3.98806734e+00  3.00147380e+01  3.00506734e+00  3.00602410e+00
    3.00139276e+00  3.00615128e+00  3.02609017e+00  3.00048803e+00
    3.00062131e+00  3.00005542e+00]
  [-2.83960005e+00 -2.02983753e+00 -1.03612506e+01 -2.56528520e+00
   -6.84979205e+00 -1.01907391e+01 -1.03722520e+01 -4.96015448e+00
   -8.50119700e+00 -1.22926539e+00]]

 [[ 1.18732369e+03  1.20572143e+02  2.62715207e+03  1.20797372e+03
    8.42798678e+03  1.19420204e+03  1.83156817e+03  2.93113223e+03
    7.22788107e+02  3.90576405e+03]
  [ 3.00019544e+00  3.00113423e+00  3.00077519e+00  3.00088900e+00
    3.00198610e+00  3.00028409e+00  3.00020257e+00  3.00004512e+00
    3.00045605e+00  3.00134235e+00]
  [-1.03803586e+01 -2.59079104e+00 -1.03792825e+01 -2.75612121e+00
   -3.72291951e+00 -1.03729746e+01 -2.98960430e+00 -1.03136529e+01
   -5.07838620e+00 -5.08113299e+00]]

 [[ 2.24697781e+03  1.77940657e+03  4.52840818e+03  2.15738230e+03
    1.25938723e+03  2.12941422e+03  4.15219445e+02  1.37369285e+03
    1.62383407e+03  6.62435679e+02]
  [ 3.62223698e+00  5.28571488e+00  5.26031218e+00  3.74801364e+00
    5.29079982e+00  3.67956983e+00  4.02212718e+00  4.24029110e+00
    3.36734627e+00  4.68123281e+00]
  [-2.43055961e+00 -2.89151514e+00 -2.48010891e+00 -3.00534516e+00
   -6.39126073e+00 -2.85635980e+00 -1.92634324e+00 -3.77606093e+00
   -4.67010386e+00 -5.49904177e+00]]

 [[ 1.05800314e+03  2.07309645e+03  3.26357848e+03  1.82752458e+03
    4.64597550e+03  2.09728928e+02  2.31009361e+03  3.73133818e+03
    1.43382131e+03  1.37513935e+03]
  [ 4.13259416e+00  3.70731972e+00  3.61121003e+00  3.62034855e+00
    3.28304317e+00  3.50917518e+00  3.29395262e+00  3.02562310e+00
    3.35199970e+00  3.42219736e+00]
  [-4.69022592e+00 -3.13352892e+00 -4.60678020e+00 -4.03592851e+00
   -4.17359794e+00 -3.94195782e+00 -3.00078050e+00 -2.60288021e+00
   -3.61067723e+00 -4.84598443e+00]]

 [[ 2.13700888e+03  1.01084105e+03  4.71301414e+02  7.24393667e+02
    2.19794317e+03  2.16670198e+03  1.70398115e+03  2.32148832e+03
    1.92488074e+03  8.69352562e+02]
  [ 3.37846875e+00  3.85104601e+00  4.10281986e+00  3.93552952e+00
    3.00078551e+00  3.02282653e+00  3.46553002e+00  3.11512471e+00
    3.92258168e+00  3.56706878e+00]
  [-4.14733085e+00 -4.07620353e+00 -5.20818659e+00 -3.61531955e+00
   -4.07002182e+00 -4.97113790e+00 -8.37825481e+00 -4.75388899e+00
   -3.27095419e+00 -5.36249349e+00]]

 [[ 3.43216231e+03  4.57515267e+02  2.11936247e+03  4.17681345e+03
    1.04398212e+03  7.17685886e+03  3.24063186e+03  3.14533317e+03
    3.45678335e+03  1.14626411e+03]
  [ 4.79124145e+00  1.63597241e+01  4.97641797e+00  4.41686219e+00
    5.59126561e+00  1.14386239e+01  3.30192703e+00  3.22072032e+00
    1.32810121e+01  1.46366155e+01]
  [-1.89586242e+00 -3.22414118e+00 -3.30097755e+00 -1.84553323e+00
   -2.18305550e+00 -1.81844902e+00 -6.48220780e+00 -2.18432369e+00
   -3.31171231e+00 -2.00504626e+00]]

 [[ 2.83757480e+03  1.39795270e+02  1.88036996e+03  2.04062119e+03
    4.81985595e+03  4.22370565e+02  1.65458987e+03  2.22871695e+03
    1.31042296e+03  1.99518934e+03]
  [ 8.61123863e+00  3.46862635e+00  9.37465635e+00  5.25782803e+00
    4.15377139e+00  3.37359126e+00  3.50398583e+00  3.80051897e+00
    3.94786187e+00  1.15143184e+01]
  [-3.76011839e+00 -1.99426957e+00 -2.79524767e+00 -2.03859026e+00
   -3.55236508e+00 -3.02979770e+00 -1.87461641e+00 -1.91390614e+00
   -3.84707418e+00 -4.47726583e+00]]

 [[ 1.78220299e+02  3.52493216e+03  2.60713714e+02  7.01659485e+02
    1.58951060e+02  1.09602341e+03  1.31542080e+03  1.25521208e+02
    1.32058501e+03  8.14843709e+02]
  [ 1.67724883e+01  1.38481007e+01  5.75363563e+00  3.33951602e+00
    5.33335265e+00  3.49004658e+00  5.80415137e+00  4.15790838e+00
    1.10965920e+01  4.68055277e+00]
  [-3.28291084e+00 -1.81946429e+00 -1.52980172e+00 -3.32617768e+00
   -2.01919481e+00 -2.29610262e+00 -3.13691555e+00 -2.80774777e+00
   -3.47364134e+00 -1.71585130e+00]]

 [[ 1.09883453e+04  1.24240765e+03  1.25976270e+03  4.55363669e+03
    6.28385070e+03  9.87096505e+03  4.37692536e+03  6.13159887e+03
    2.01033559e+03  4.79569895e+03]
  [ 3.70153752e+00  5.72914188e+00  3.97100850e+00  9.00073611e+00
    7.85855435e+00  1.42981705e+01  3.08347807e+00  1.56638996e+01
    3.43744746e+00  7.47729033e+00]
  [-1.38785627e+00 -1.27155315e+00 -1.55354805e+00 -1.57086168e+00
   -1.34167778e+00 -2.53558525e+00 -3.39482241e+00 -1.12104961e+00
   -1.03567714e+00 -1.97626064e+00]]

 [[ 1.10973612e+03  1.73097119e+03  5.90850657e+03  1.82755329e+03
    5.40456018e+03  2.68164942e+03  2.47230583e+03  3.77252696e+03
    1.75855048e+03  1.79711994e+03]
  [ 6.87229251e+00  3.18577427e+00  1.23368070e+01  7.00357163e+00
    1.99011014e+01  1.11409805e+01  9.31504040e+00  6.72656832e+00
    1.92598672e+01  1.02523587e+01]
  [-2.36802462e+00 -1.13772097e+00 -1.96099218e+00 -2.21525518e+00
   -1.28105395e+00 -1.82362722e+00 -2.78191032e+00 -1.58896547e+00
   -1.42985506e+00 -1.43488974e+00]]

 [[ 1.54513090e+02  7.25976414e+02  3.13129724e+03  4.14045827e+02
    1.13698582e+03  3.05260875e+02  8.39191147e+02  3.63135418e+03
    1.98582194e+03  1.56543840e+03]
  [ 3.78124493e+00  1.21529268e+01  5.30823567e+00  3.76312216e+00
    1.13887948e+01  3.35308863e+00  9.20722366e+00  7.58456508e+00
    4.33112003e+00  4.04174912e+00]
  [-2.50288862e+00 -1.76809620e+00 -3.26627744e+00 -2.19558445e+00
   -3.30935523e+00 -2.32805427e+00 -1.75667479e+00 -1.35110075e+00
   -3.01210814e+00 -7.83936080e+00]]

 [[ 2.57758562e+03  1.65280150e+03  4.33604629e+03  2.06100612e+03
    3.52376756e+03  1.12739448e+04  5.35053122e+03  7.09966791e+03
    7.40977434e+03  5.05277226e+03]
  [ 1.43513564e+01  3.50337424e+01  2.53550918e+01  4.58767843e+00
    2.99237127e+01  2.06093418e+01  1.71283106e+01  3.99280666e+00
    3.01582475e+01  2.15144278e+01]
  [-1.36516355e+00 -1.46961269e+00 -1.17617026e+00 -1.09320925e+00
   -1.22143050e+00 -8.89399936e-01 -1.18868007e+00 -9.07937418e-01
   -8.32146579e-01 -1.46116611e+00]]

 [[ 2.80547694e+03  1.82761478e+03  5.97402569e+03  2.70681918e+03
    5.27138721e+03  1.63315972e+03  1.48288350e+03  2.38299027e+03
    1.17951332e+03  3.48638215e+03]
  [ 7.54972798e+00  2.10390692e+01  6.51867238e+00  4.50640496e+01
    9.50275948e+00  3.24692528e+01  2.66935671e+01  4.77288982e+00
    3.54135471e+01  6.72826507e+00]
  [-6.78112953e-01 -8.52822008e-01 -8.76848162e-01 -1.65121702e+00
   -1.19795845e+00 -2.07287906e+00 -1.45440700e+00 -8.24767629e-01
   -1.61828032e+00 -2.02409280e+00]]

 [[ 7.09346058e+01  2.44748258e+03  5.66418555e+02  4.05158818e+03
    1.66831950e+03  1.84265827e+03  1.01007011e+02  1.51052486e+03
    4.65841726e+03  2.77201053e+03]
  [ 2.22769572e+01  5.94147387e+00  3.23089431e+01  1.02096678e+01
    3.37979646e+01  5.62934298e+00  1.07183798e+01  3.13317884e+00
    6.17183365e+00  3.42424127e+01]
  [-9.17997489e-01 -3.11916304e+00 -2.87284669e+00 -1.45467663e+00
   -9.41740227e-01 -1.76932087e+00 -9.22476784e-01 -1.41358780e+00
   -1.50710169e+00 -1.34539649e+00]]

 [[ 5.19625393e+03  1.11023055e+03  3.13380719e+03  7.59636569e+03
    4.27885581e+03  7.94504006e+03  1.23236411e+03  6.15195340e+03
    3.26961317e+03  7.88635268e+03]
  [ 6.33480183e+00  4.99102112e+00  3.56643334e+00  1.09362018e+01
    2.06774689e+01  7.86836779e+01  6.93282732e+01  1.74035624e+01
    1.56172187e+01  7.52988571e+00]
  [-9.48047133e-01 -6.77785205e-01 -2.31450331e+00 -8.95846271e-01
   -1.47407311e+00 -9.15058653e-01 -6.76107888e-01 -7.25274217e-01
   -7.93980333e-01 -7.70698160e-01]]

 [[ 2.32788151e+03  3.24065670e+03  1.23510187e+03  6.09022804e+03
    1.97765734e+03  5.09651468e+02  1.22920722e+03  3.21538705e+03
    6.71923124e+03  1.39246075e+03]
  [ 1.54201709e+01  3.14463287e+01  1.40544191e+01  2.05684119e+01
    1.59661449e+01  1.50970404e+01  2.60859265e+01  3.55632531e+01
    3.31980678e+00  1.40431170e+01]
  [-7.47200920e-01 -9.55879793e-01 -8.83451201e-01 -6.58811167e-01
   -1.01993441e+00 -1.18949814e+00 -8.31684736e-01 -8.84038134e-01
   -7.79291340e-01 -6.30412389e-01]]

 [[ 1.10928872e+03  2.85587548e+02  1.89589340e+03  1.70265026e+03
    3.21158086e+03  1.26986810e+03  1.98847782e+03  2.15964061e+03
    2.60656872e+03  1.92452118e+03]
  [ 2.15781251e+01  1.06781867e+01  1.56153415e+01  1.85795071e+01
    3.13493842e+01  5.51748759e+01  3.88000695e+01  3.81838595e+00
    2.30776561e+01  2.48797147e+01]
  [-6.83896896e-01 -1.10118654e+00 -1.29969130e+00 -9.16620021e-01
   -8.86830240e-01 -6.66910360e-01 -1.60861161e+00 -2.06653828e+00
   -1.32121024e+00 -8.70070866e-01]]

 [[ 7.32502944e+02  3.11513677e+03  4.64956909e+03  1.70918837e+03
    1.05950703e+03  3.42079778e+03  7.40562563e+02  9.77746996e+02
    2.69092927e+03  2.93774527e+03]
  [ 3.00350766e+00  3.00128892e+00  3.02846655e+00  3.00002353e+00
    3.00042084e+00  3.00241805e+00  3.00101378e+00  3.04500566e+00
    3.00137173e+00  3.00960024e+00]
  [-1.60858959e+00 -9.91285217e+00 -5.07794980e+00 -1.03418405e+01
   -4.95007899e+00 -3.51519552e+00 -3.63134915e+00 -1.66128232e+00
   -4.61669524e+00 -2.88032325e+00]]

 [[ 1.58909126e+03  3.63005126e+03  2.51807130e+03  1.32334250e+03
    9.13741031e+02  3.49231538e+03  6.54109476e+02  2.39933038e+03
    7.58166391e+02  5.74613313e+02]
  [ 3.00078532e+00  3.00529822e+00  3.00066849e+00  3.00510768e+00
    3.00263769e+00  3.00123456e+00  3.00012591e+00  3.00247225e+00
    3.00171311e+00  3.00163791e+00]
  [-2.62765515e+00 -1.01857405e+01 -1.02712069e+01 -3.71573546e+00
   -8.51983182e+00 -2.76501848e+00 -1.02753841e+01 -1.02659946e+01
   -2.35551191e+00 -3.48084783e+00]]]