[[[9.85e+01 4.06e-10 2.29e-10 2.03e-09 6.98e-09 1.80e-09 5.98e-10
   6.44e-09 1.04e-08 1.78e-09]
  [1.30e-14 5.26e-11 1.05e-10 2.25e-12 1.17e-11 8.85e-12 2.02e-11
   9.60e-11 1.00e-10 2.81e+00]
  [-2.63e-04 1.54e+00 -1.33e-05 -3.69e-04 -1.76e-03 -1.74e-04 -1.10e-04
   3.17e-01 -1.18e-05 -4.48e-04]]

 [[4.85e-11 4.94e-10 6.19e-09 5.98e-08 6.70e-10 4.37e-09 1.16e-08
   1.06e-09 1.45e-09 4.63e-11]
  [4.01e-12 2.60e-11 1.32e-11 7.56e-11 1.68e-11 2.34e-11 2.11e-11
   7.98e-12 1.05e-11 2.17e-12]
  [-3.49e-04 1.32e-01 1.38e-01 -3.82e-05 -4.89e-04 -1.77e-04 -2.11e-02
   2.58e-01 -1.09e-04 1.90e-01]]

 [[3.14e-09 3.12e-10 2.09e-09 2.31e-09 3.41e-10 2.57e-11 1.18e-09
   1.13e-11 1.67e-09 9.15e-10]
  [3.60e-13 6.88e-13 4.74e-12 5.18e-12 2.21e-12 2.63e-14 7.59e-12
   3.40e-12 1.22e-14 4.48e-14]
  [-2.47e-05 -6.21e-04 -2.57e-04 -1.19e-01 1.32e-01 -2.40e-06 -7.31e-04
   -1.09e-04 7.22e-02 -1.94e-05]]

 [[4.77e-08 1.12e-07 6.17e-08 2.15e-07 2.04e-07 8.32e-08 1.07e-07
   1.09e-06 2.42e-07 3.13e-08]
  [1.09e-09 5.65e-10 1.08e-10 7.61e-09 5.38e-09 8.85e-09 3.19e-09
   1.79e-09 1.88e-09 1.99e-08]
  [-7.65e-04 -2.34e-02 -6.17e-03 -1.97e-02 6.32e-01 -4.01e-03 -2.73e-02
   7.38e-03 1.32e-01 2.58e-01]]

 [[5.65e-07 1.03e-07 2.44e-07 1.35e-09 1.22e-07 1.80e-06 7.79e-08
   1.72e-07 6.85e-10 2.95e-08]
  [1.21e-09 7.50e-10 4.43e-12 9.10e-11 1.83e-09 9.27e-13 1.13e-09
   2.10e-09 1.49e-10 1.14e-09]
  [-1.69e-03 2.17e+00 -1.77e-03 -5.02e-03 -3.83e-04 -1.47e-03 -2.08e-03
   -6.76e-04 -1.74e-03 -9.80e-04]]

 [[4.26e-08 4.92e-07 4.16e-08 8.50e-08 1.51e-08 5.14e-08 9.63e-08
   6.43e-08 1.30e-09 4.95e-08]
  [8.00e-09 5.30e-11 5.69e-09 1.09e-09 1.26e-09 5.49e-11 3.14e-09
   1.57e-09 1.73e-10 5.01e-10]
  [-5.34e-04 -1.32e-02 -4.73e-02 -4.08e-03 -1.23e-02 -1.88e-02 1.14e+00
   -5.30e-03 3.15e-01 -2.61e-03]]

 [[7.55e-09 1.26e-07 5.11e-07 2.81e-06 1.37e-06 1.91e-07 2.87e-07
   1.86e-07 4.06e-07 6.93e-07]
  [1.54e-09 1.71e-10 1.32e-08 1.09e-09 9.72e-09 2.08e-09 1.61e-08
   1.89e-10 5.76e-08 2.42e-08]
  [-6.10e-03 5.71e-01 4.44e-01 -3.37e-02 6.32e-01 -6.61e-04 -2.27e-03
   -4.94e-03 -3.90e-03 -6.84e-03]]

 [[1.08e-06 6.01e-08 2.98e-08 1.14e-07 7.85e-07 5.62e-08 2.74e-07
   4.04e-08 1.04e-07 5.67e-07]
  [7.73e-08 1.79e-08 3.63e-09 1.23e-09 4.99e-11 9.09e-09 2.54e-10
   7.22e-09 2.30e-09 6.10e-10]
  [-4.47e-02 -6.46e-02 5.26e-01 -7.23e-02 -1.28e-01 -7.06e-02 3.75e-01
   7.47e-03 -8.02e-02 -5.57e-03]]

 [[1.11e-08 8.48e-07 1.05e-07 5.45e-07 1.98e-06 2.53e-07 6.81e-08
   3.33e-08 4.02e-08 1.90e-06]
  [1.50e-13 1.81e-09 1.84e-08 1.16e-08 1.71e-08 1.69e-10 1.90e-09
   8.98e-10 7.78e-08 1.28e-09]
  [-3.20e-02 -6.12e-03 -6.43e-04 -1.33e-02 -1.19e-02 1.33e-01 -6.58e-03
   -5.76e-04 -6.55e-03 -4.33e-03]]

 [[8.28e-06 3.74e-07 9.22e-07 6.68e-08 3.94e-08 3.01e-06 2.09e-06
   1.37e-06 1.40e-06 3.08e-06]
  [3.73e-09 8.69e-08 2.03e-09 2.53e-08 5.44e-08 2.02e-08 1.07e-07
   5.01e-08 1.57e-10 8.38e-09]
  [-1.26e-03 9.98e-01 -1.01e-02 -1.38e-02 -1.31e-02 7.47e-03 -5.35e-03
   -9.15e-03 1.93e+00 -2.32e-02]]

 [[6.86e-07 1.54e-06 7.46e-07 3.39e-07 2.83e-06 5.61e-07 1.30e-06
   1.30e-06 1.60e-07 7.19e-07]
  [2.00e-09 4.78e-09 3.31e-08 1.54e-08 3.97e-08 1.70e-08 5.36e-08
   6.16e-10 8.86e-10 1.11e-10]
  [-3.74e-02 -1.38e-02 -3.21e-02 -3.64e-03 -5.96e-03 -5.12e-02 -5.20e-03
   -2.90e-02 -2.12e-02 -2.20e-02]]

 [[6.43e-08 5.60e-06 4.58e-06 4.20e-08 7.34e-07 6.87e-07 2.36e-06
   1.72e-06 2.71e-07 1.05e-08]
  [1.11e-08 3.00e-08 4.42e-09 3.32e-09 5.52e-09 5.36e-09 2.84e-09
   1.19e-10 4.74e-09 6.03e-09]
  [-2.65e-03 -8.47e-02 -2.86e-02 1.45e+00 -5.37e-03 1.00e+00 -8.17e-04
   -2.00e-02 -1.23e-01 4.19e+00]]

 [[1.26e-05 8.74e-06 4.80e-05 1.47e-05 2.43e-06 1.12e-05 3.80e-06
   2.87e-05 6.99e-06 1.27e-05]
  [6.48e-09 3.36e-08 2.27e-07 3.61e-08 1.16e-08 5.91e-07 6.71e-08
   2.50e-07 4.93e-07 9.92e-09]
  [6.34e-01 1.35e-01 -9.98e-02 -1.53e-02 -8.84e-04 -3.41e-02 -5.10e-03
   -1.85e-02 -2.30e-02 -1.18e-03]]

 [[1.43e-06 8.78e-06 8.68e-07 1.06e-07 5.45e-06 8.47e-07 2.45e-06
   3.65e-06 4.60e-08 5.18e-06]
  [2.20e-08 2.35e-09 4.37e-08 6.02e-09 1.34e-09 3.50e-08 2.24e-12
   3.35e-08 6.09e-09 2.79e-09]
  [-8.81e-02 -2.54e-02 -1.43e-02 -4.49e-03 -1.50e-02 7.01e-02 -1.48e-01
   -2.48e-03 -2.15e-02 -5.22e-02]]

 [[1.35e-06 7.79e-08 2.68e-05 8.09e-06 5.48e-06 1.24e-05 1.22e-06
   2.91e-07 4.69e-06 3.84e-06]
  [1.24e-07 2.04e-09 1.27e-07 1.11e-08 3.26e-08 4.75e-08 1.65e-07
   6.57e-14 1.68e-07 3.55e-10]
  [-1.94e-02 -1.90e-02 -1.20e-02 1.46e-03 -5.88e-02 -7.76e-03 -3.37e-02
   -5.90e-02 -2.08e-03 -5.93e-02]]

 [[2.15e-05 1.42e-04 8.37e-05 1.57e-06 8.11e-05 8.23e-06 4.98e-05
   1.98e-06 1.71e-05 3.95e-05]
  [3.03e-08 3.10e-06 4.50e-06 2.79e-07 4.46e-07 7.23e-07 1.04e-06
   3.32e-07 3.31e-07 1.09e-06]
  [-3.64e-02 -6.23e-02 -1.14e-01 -3.94e-02 -1.10e-01 -2.56e-02 -1.57e-02
   -1.10e-01 -2.63e-02 -4.90e-02]]

 [[3.35e-05 1.16e-05 6.87e-05 4.59e-06 2.03e-05 1.28e-04 3.26e-07
   1.41e-06 5.79e-05 3.27e-05]
  [2.66e-10 6.82e-07 3.74e-07 1.54e-06 3.53e-09 2.47e-10 1.41e-08
   1.20e-06 1.24e-06 6.01e-07]
  [-7.93e-02 -2.53e-02 -1.23e-01 -5.16e-02 -4.70e-02 -8.92e-02 -1.67e-02
   -1.02e-03 -8.74e-02 -1.66e-01]]

 [[1.94e-05 1.18e-05 3.44e-06 1.99e-05 2.15e-06 4.49e-05 3.84e-04
   3.97e-05 1.22e-06 2.84e-05]
  [3.94e-06 8.86e-08 4.80e-07 1.12e-06 6.35e-06 2.95e-08 9.04e-08
   5.31e-07 4.66e-08 1.15e-07]
  [-1.67e-02 -1.56e-01 -1.80e-03 -2.15e-01 -8.46e-03 -1.68e-01 -1.90e-01
   -7.27e-02 -2.64e-01 -5.71e-03]]

 [[3.37e-10 9.69e-12 5.40e-11 9.59e-10 7.58e-13 5.64e-09 3.71e-09
   1.01e-09 8.08e-10 9.10e-09]
  [2.90e-11 9.15e-14 2.24e-11 1.53e-11 1.51e-11 2.91e-11 1.20e-12
   1.77e-11 2.06e-10 1.98e-11]
  [-2.23e-02 -6.00e-03 -9.94e-06 -2.22e-05 -6.88e-03 -5.74e-04 -4.40e-04
   -1.04e-04 1.92e-01 -2.09e-02]]

 [[6.14e-10 1.00e-09 1.39e-12 6.90e-11 1.54e-09 2.22e-10 1.40e-10
   6.29e-10 2.32e-10 2.80e-10]
  [1.83e-12 5.48e-12 1.67e-12 1.42e-13 2.20e-12 2.07e-13 6.57e-14
   5.33e-13 3.44e-12 1.16e-12]
  [-3.02e-02 -8.38e-05 -5.96e-06 -1.38e-03 -1.66e-02 1.34e-01 -1.20e-02
   -5.76e-02 -9.89e-03 -4.35e-04]]

 [[8.32e-10 3.92e-10 5.40e-10 1.85e-10 4.21e-11 3.71e-11 3.39e-10
   2.56e-11 6.93e-10 5.19e-11]
  [9.79e-13 1.96e-12 2.11e-13 9.86e-12 3.07e-12 1.41e-12 1.22e-13
   1.96e-11 7.79e-11 5.92e-13]
  [-1.67e-01 -1.91e-01 -1.97e-04 -5.38e-02 -2.47e-03 -2.06e-03 -2.03e-04
   -1.16e-01 -1.68e-01 -3.13e-04]]

 [[4.91e-08 6.42e-08 5.55e-09 5.59e-08 1.34e-07 5.68e-08 1.26e-08
   2.53e-07 6.64e-08 3.19e-07]
  [1.34e-09 1.73e-09 6.06e-10 4.63e-10 1.23e-09 7.46e-10 7.17e-09
   7.35e-10 1.73e-10 2.02e-11]
  [-6.61e-02 -1.18e-02 -1.48e-01 -4.66e-04 -7.54e-03 -3.33e-02 -1.77e-03
   -1.69e-02 -2.17e-02 -8.73e-03]]

 [[3.47e-07 1.40e-08 1.52e-07 1.42e-07 2.56e-07 1.86e-08 2.72e-07
   3.65e-07 3.12e-07 2.73e-08]
  [1.88e-09 8.94e-10 3.35e-10 1.24e-09 1.86e-11 2.20e-09 3.02e-10
   8.44e-09 8.43e-11 1.45e-09]
  [-1.51e-03 -3.07e-03 -2.91e-03 -2.36e-03 -1.58e-02 -1.81e-02 -2.80e-01
   -7.90e-03 -9.79e-02 -8.87e-03]]

 [[1.87e-08 3.60e-07 1.14e-07 2.81e-07 8.69e-09 5.55e-08 5.59e-08
   3.83e-08 7.99e-08 1.26e-07]
  [1.46e-09 5.37e-10 1.85e-09 5.44e-09 1.19e-09 4.20e-09 7.09e-09
   6.60e-10 1.29e-09 1.95e-09]
  [-6.78e-02 -5.96e-02 -6.85e-04 -3.64e-04 -9.01e-04 -2.69e-01 -1.22e-02
   -1.83e-04 -5.79e-02 -4.07e-04]]

 [[1.04e-06 7.58e-08 6.60e-08 4.00e-07 4.89e-07 1.51e-07 5.27e-08
   7.77e-08 1.90e-06 3.38e-07]
  [1.10e-07 2.71e-09 2.32e-09 5.94e-09 6.04e-09 6.51e-09 5.97e-09
   1.05e-08 1.08e-08 9.82e-10]
  [-3.54e-03 -6.53e-02 -1.37e-02 -1.02e-01 -2.86e-01 -5.39e-02 -1.27e-03
   -1.03e-02 -7.36e-02 -7.26e-02]]

 [[1.56e-08 1.95e-07 6.12e-07 6.88e-08 2.54e-08 9.21e-07 5.51e-07
   1.80e-07 1.63e-06 5.49e-07]
  [2.08e-09 1.12e-09 3.02e-08 1.58e-08 1.09e-08 5.44e-09 6.73e-09
   7.09e-10 1.59e-09 2.62e-09]
  [-1.56e-02 -1.13e-02 -5.70e-02 -1.24e-01 -7.89e-03 -3.20e-02 -2.08e-01
   -1.50e-03 -7.17e-03 -5.17e-02]]

 [[1.31e-08 7.68e-07 9.96e-07 1.10e-07 8.54e-08 1.63e-06 2.15e-09
   6.09e-07 5.84e-08 2.22e-07]
  [3.19e-09 1.02e-08 4.21e-08 1.24e-08 9.16e-09 1.43e-08 7.26e-09
   3.79e-08 7.68e-08 3.31e-10]
  [-1.74e-02 -9.47e-03 -1.88e-02 -3.02e-02 -4.88e-03 -1.47e-01 -5.20e-03
   -2.80e-02 -3.73e-03 -4.71e-02]]

 [[1.01e-06 1.40e-07 1.10e-06 1.61e-06 3.83e-07 2.08e-05 9.30e-07
   1.09e-06 3.24e-08 1.49e-07]
  [1.38e-08 5.17e-09 7.57e-09 2.29e-08 1.39e-07 7.54e-09 9.13e-09
   1.61e-07 3.34e-09 3.25e-08]
  [-7.18e-03 -3.38e-03 -6.59e-02 -6.27e-02 -9.18e-02 -8.27e-02 -8.01e-03
   -1.39e-01 -4.40e-02 -1.19e-02]]

 [[2.03e-06 1.38e-06 6.62e-07 2.12e-06 8.52e-07 1.34e-06 5.57e-06
   1.75e-06 1.47e-06 7.99e-08]
  [3.00e-09 6.09e-08 2.65e-08 1.18e-07 3.22e-08 1.19e-07 7.22e-10
   2.74e-08 4.69e-08 1.27e-09]
  [-3.85e-03 -1.35e-01 -2.89e-02 6.81e-02 -3.18e-03 -3.61e-02 -4.57e-04
   -2.38e-02 -1.18e-02 -2.28e-02]]

 [[1.78e-05 1.49e-06 9.03e-07 4.84e-06 2.01e-07 7.66e-06 2.22e-06
   8.49e-06 1.49e-07 6.38e-07]
  [1.25e-09 6.39e-10 7.48e-08 3.85e-08 2.26e-08 5.88e-09 8.20e-08
   1.65e-09 5.62e-09 1.53e-09]
  [-2.45e-01 -9.10e-03 -1.15e-02 -2.30e-03 -1.21e-02 -2.98e-03 -1.43e-02
   -1.17e-02 -1.57e-02 -1.53e-01]]

 [[3.80e-06 1.23e-08 5.63e-06 2.30e-05 5.66e-06 3.85e-06 5.83e-06
   1.32e-08 3.03e-06 1.47e-05]
  [1.03e-07 8.92e-08 3.37e-07 2.26e-08 1.98e-08 4.12e-08 4.35e-07
   2.69e-09 4.98e-08 3.12e-08]
  [-6.59e-02 -8.09e-05 -1.06e-02 -1.53e-02 -2.42e-02 -2.55e-02 -2.34e-02
   -2.28e-02 -2.44e-01 -1.62e-02]]

 [[4.31e-05 1.46e-05 1.23e-05 1.56e-06 3.36e-06 1.51e-06 3.32e-06
   3.31e-06 6.72e-07 1.71e-06]
  [1.17e-08 2.59e-07 7.20e-08 6.26e-09 1.93e-07 1.98e-08 1.47e-07
   8.95e-08 2.82e-08 1.84e-07]
  [-1.40e-02 -5.82e-02 -4.60e-03 -6.63e-02 -1.45e-02 -7.10e-03 -2.08e-04
   -8.15e-04 -3.24e-02 -1.01e-03]]

 [[1.51e-05 1.80e-07 9.14e-07 3.08e-09 3.18e-07 1.83e-06 1.61e-11
   1.44e-05 4.65e-06 3.23e-05]
  [2.45e-08 3.10e-08 1.27e-07 2.12e-08 1.17e-08 8.82e-08 2.37e-07
   2.89e-07 3.44e-07 3.13e-08]
  [-9.52e-02 -5.16e-03 -2.31e-02 -1.93e-01 -9.78e-03 -1.58e-02 -2.34e-02
   1.30e-01 -8.03e-02 -1.83e-01]]

 [[1.46e-05 1.00e-04 1.33e-04 2.60e-05 1.95e-06 2.48e-08 2.83e-05
   8.15e-06 4.53e-05 2.26e-05]
  [1.75e-06 2.94e-08 1.29e-07 1.67e-07 5.90e-06 4.32e-07 5.49e-07
   2.87e-06 4.15e-07 1.75e-07]
  [-4.07e-02 -2.08e-01 -1.93e-03 -9.78e-02 -2.33e-01 -1.56e-01 -8.54e-03
   -1.20e-01 -3.20e-02 -4.31e-02]]

 [[2.76e-05 3.46e-05 9.58e-06 1.86e-05 4.87e-05 1.43e-04 3.44e-05
   5.08e-05 4.53e-06 1.09e-04]
  [2.37e-09 3.23e-07 3.17e-07 8.61e-07 2.59e-07 7.72e-08 1.48e-06
   1.05e-06 1.74e-08 3.32e-07]
  [-2.65e-02 -1.04e-02 -1.36e-02 -1.06e-02 -4.86e-02 -1.76e-01 -3.79e-02
   -9.11e-02 -6.06e-02 -1.62e-03]]

 [[3.46e-05 1.90e-05 9.19e-06 1.15e-05 6.99e-05 9.23e-05 1.53e-05
   1.96e-05 1.06e-04 6.14e-06]
  [1.38e-07 7.81e-08 1.58e-06 1.36e-07 2.02e-07 6.70e-07 1.15e-06
   1.53e-06 4.56e-07 1.21e-07]
  [-1.09e-01 -1.16e-01 -1.08e-01 -1.37e-01 -9.97e-02 -1.15e-01 -7.03e-02
   -1.34e-02 -9.63e-02 -1.84e-02]]

 [[2.30e-12 7.29e-10 7.80e-11 1.46e-10 1.96e-11 8.46e-10 2.34e-10
   4.93e-09 8.01e-12 7.86e-11]
  [1.73e-12 1.53e-12 1.45e-12 3.37e-12 1.49e-14 9.75e-12 2.72e-11
   2.79e-12 1.25e-11 2.95e-11]
  [-2.80e-04 -1.88e-05 -3.63e-04 -1.54e-03 -5.31e-05 -1.04e-03 -1.58e-04
   -4.00e-04 -1.67e-04 -7.93e-05]]

 [[9.80e-13 2.83e-11 7.54e-11 7.62e-11 5.13e-10 6.31e-11 4.04e-13
   7.28e-11 4.08e-11 4.40e-10]
  [1.37e-12 5.07e-13 5.61e-15 3.02e-13 2.94e-12 1.20e-12 1.19e-12
   2.62e-14 7.75e-13 7.74e-12]
  [-2.25e-03 -3.62e-04 -6.06e-05 -4.04e-04 -1.04e-01 3.13e-01 -5.36e-04
   -1.62e-04 -1.29e-04 -1.22e-04]]

 [[9.59e-11 1.55e-09 1.18e-10 6.84e-11 1.71e-11 4.38e-11 2.46e-11
   1.21e-12 1.12e-10 6.82e-11]
  [6.63e-12 1.65e-13 2.81e-12 4.07e-13 9.05e-14 1.97e-12 2.16e-13
   1.54e-12 1.17e-12 4.16e-13]
  [-2.23e-04 -2.99e-04 -8.01e-05 -7.56e-05 -2.18e-05 -1.49e-04 -1.23e-04
   -1.21e-04 -3.37e-05 -1.51e-04]]

 [[1.11e-08 1.96e-08 7.96e-08 1.84e-09 8.71e-09 9.60e-10 7.77e-09
   1.89e-08 3.63e-09 7.79e-09]
  [3.20e-10 1.21e-09 8.28e-11 6.37e-11 1.49e-10 2.99e-11 8.24e-11
   6.66e-09 1.31e-12 1.32e-10]
  [-1.11e-02 -7.63e-04 -7.33e-04 -1.79e-02 -2.82e-03 -5.25e-03 -4.54e-04
   -7.69e-04 -3.24e-02 -1.30e-03]]

 [[5.07e-07 1.31e-08 8.10e-08 1.95e-09 7.64e-08 3.58e-08 4.59e-07
   8.99e-08 1.17e-08 6.91e-08]
  [8.36e-10 4.06e-11 1.49e-09 1.72e-11 3.59e-11 3.21e-09 1.89e-10
   4.23e-11 4.35e-10 2.85e-11]
  [-2.37e-03 -3.74e-03 -7.38e-03 -3.75e-04 1.87e+00 -2.87e-03 -3.22e-02
   -1.98e-02 -3.85e-02 -1.02e-02]]

 [[2.11e-08 2.17e-09 1.38e-08 1.47e-11 7.76e-17 5.73e-09 2.18e-08
   3.25e-09 4.70e-08 1.51e-11]
  [2.11e-10 8.77e-11 1.73e-11 2.86e-09 4.52e-14 3.28e-10 1.12e-09
   6.80e-10 1.45e-10 2.15e-10]
  [-9.31e-03 -1.45e-04 -2.89e-02 -2.55e-03 -2.72e-03 -1.04e-03 -1.20e-02
   -2.86e-03 -1.25e-03 -5.31e-03]]

 [[3.31e-07 2.39e-08 3.75e-08 2.61e-07 1.57e-07 1.92e-07 3.64e-08
   2.51e-07 5.61e-08 3.53e-07]
  [1.10e-09 1.67e-08 4.98e-10 3.49e-10 1.99e-09 2.75e-09 1.52e-09
   6.44e-09 3.42e-10 1.11e-09]
  [-8.47e-03 -2.37e-02 -2.62e-03 1.26e+00 2.58e-01 -5.63e-02 -6.01e-02
   -9.45e-02 -1.97e-03 3.82e-01]]

 [[3.80e-11 4.12e-10 7.28e-08 7.69e-09 5.02e-08 1.12e-08 1.26e-06
   5.52e-08 5.46e-07 4.09e-08]
  [1.93e-09 6.63e-11 7.09e-10 2.09e-08 8.08e-13 4.16e-10 6.93e-09
   3.31e-10 6.75e-10 2.38e-10]
  [-1.90e-02 1.29e-01 -2.27e-05 -6.43e-03 -6.39e-03 -7.10e-02 -1.76e-02
   7.47e-03 4.41e-01 -1.45e-02]]

 [[2.56e-08 2.62e-07 3.27e-10 2.10e-07 8.12e-08 3.62e-07 8.15e-08
   2.55e-08 4.55e-08 4.15e-07]
  [3.84e-09 3.76e-10 5.81e-09 4.23e-09 4.21e-10 1.11e-09 2.65e-10
   7.34e-10 6.42e-10 9.03e-10]
  [-3.92e-03 -5.18e-03 6.42e-02 -1.48e-01 1.99e+00 -6.61e-04 -3.37e-02
   -1.98e-02 6.95e-02 -1.94e-03]]

 [[4.58e-07 4.91e-07 3.45e-07 1.11e-07 2.77e-07 7.49e-07 1.42e-07
   2.14e-07 6.67e-07 4.11e-07]
  [1.84e-08 2.60e-08 1.12e-10 1.57e-08 1.58e-09 1.21e-08 4.17e-15
   1.40e-08 7.96e-10 1.88e-11]
  [-8.33e-03 -2.28e-03 -3.69e-02 -4.43e-07 5.87e-03 -5.05e-03 -7.63e-03
   -4.34e-04 2.60e-01 -1.30e-02]]

 [[5.05e-07 1.02e-09 6.27e-07 1.05e-10 3.45e-07 1.67e-06 9.11e-08
   1.40e-06 3.21e-08 9.09e-08]
  [4.52e-08 5.12e-09 1.37e-09 1.53e-08 1.02e-08 1.38e-09 2.78e-08
   3.20e-09 2.11e-09 1.92e-08]
  [-2.83e-02 -1.95e-01 -1.60e-03 1.31e-01 -2.75e-02 -7.94e-03 -2.79e-02
   -7.27e-03 -1.73e-03 -3.15e-04]]

 [[2.20e-06 1.14e-07 2.26e-06 2.01e-08 1.85e-08 1.63e-06 2.95e-07
   9.16e-08 9.34e-07 7.68e-07]
  [2.72e-08 1.57e-09 1.44e-09 4.37e-09 9.53e-09 1.43e-09 9.51e-11
   1.49e-09 2.78e-09 1.01e-09]
  [-1.63e-01 5.70e-01 -1.54e-02 1.32e+00 -1.29e-02 -1.82e-02 6.29e-01
   -6.00e-03 1.01e+00 1.01e+00]]

 [[2.17e-06 1.53e-07 1.34e-06 1.17e-07 8.11e-06 4.75e-06 3.93e-06
   2.19e-07 2.06e-06 4.58e-07]
  [9.21e-08 2.14e-07 1.58e-07 1.24e-08 9.82e-08 6.72e-09 4.59e-10
   1.01e-07 4.56e-09 1.39e-08]
  [4.42e-01 -9.48e-02 -3.96e-02 -1.55e-01 -2.91e-02 1.11e-02 -4.08e-02
   -2.20e-02 -3.41e-02 -2.29e-02]]

 [[4.17e-07 1.43e-07 4.50e-06 3.73e-06 1.60e-06 2.68e-05 2.88e-07
   3.93e-07 2.50e-05 9.60e-06]
  [4.65e-08 5.56e-10 1.10e-07 2.08e-07 6.86e-08 8.72e-11 2.85e-08
   6.82e-08 2.89e-08 4.39e-08]
  [-3.42e-03 -3.22e-03 3.49e+00 -2.32e-03 -2.43e-02 -1.98e-02 -2.48e-02
   -2.42e-02 -1.77e-02 -8.38e-03]]

 [[4.66e-07 5.42e-06 7.36e-07 5.27e-08 5.61e-07 9.04e-06 1.36e-09
   2.02e-07 4.73e-06 1.44e-07]
  [2.94e-08 1.05e-08 2.76e-09 3.06e-09 1.29e-07 1.21e-08 5.06e-10
   2.75e-10 5.28e-13 2.25e-11]
  [1.32e-01 -4.83e-02 -7.26e-02 -8.28e-03 -2.43e-01 -1.89e-01 -1.39e-03
   -1.29e-03 -1.17e-03 -2.62e-03]]

 [[1.54e-06 1.84e-08 1.08e-04 2.34e-06 6.17e-05 8.89e-06 1.67e-05
   4.01e-05 3.13e-05 8.64e-06]
  [1.55e-09 1.89e-08 4.84e-10 3.40e-08 9.74e-07 1.35e-08 9.93e-08
   2.65e-07 2.39e-07 2.69e-07]
  [-7.96e-02 -3.10e-02 -7.62e-02 -1.89e-03 -8.05e-02 -6.65e-02 -2.46e-02
   -4.14e-02 -1.05e-01 -4.34e-02]]

 [[3.87e-05 5.00e-05 5.57e-05 1.45e-07 2.41e-05 3.81e-06 3.04e-06
   1.92e-05 2.07e-05 3.82e-06]
  [3.17e-07 3.75e-11 2.08e-07 2.35e-09 3.78e-09 1.75e-14 1.11e-07
   1.40e-06 6.89e-08 9.87e-08]
  [-5.11e-02 -1.97e-01 -1.51e-02 -1.48e-02 -2.41e-02 -2.19e-02 -6.51e-03
   -7.32e-02 -3.54e-01 -6.19e-02]]

 [[7.47e-08 1.01e-05 2.64e-06 2.78e-06 9.99e-07 5.02e-05 1.20e-07
   7.48e-06 7.22e-06 2.05e-05]
  [6.21e-10 1.34e-07 3.83e-10 8.03e-08 4.95e-08 8.81e-07 3.12e-07
   9.45e-08 2.09e-09 1.42e-07]
  [-5.95e-02 -3.56e-02 -1.02e-01 -7.60e-02 -1.15e-01 -1.92e-01 -1.06e-02
   -4.09e-02 -2.96e-02 -1.31e-02]]

 [[2.42e-10 1.49e-10 1.45e-10 5.53e-10 2.17e-10 1.86e-09 3.36e-11
   4.26e-10 2.42e-10 8.08e-13]
  [4.41e-14 2.21e-13 6.56e-13 4.86e-12 3.19e-12 8.10e-13 9.87e-13
   4.78e-13 6.32e-14 6.50e-13]
  [-1.13e-01 -6.50e-05 -9.27e-04 -1.80e-01 -6.47e-05 -2.98e-03 2.55e-01
   -5.52e-04 -3.63e-02 -9.64e-05]]

 [[2.94e-11 1.25e-11 1.33e-10 1.92e-10 1.66e-10 6.52e-11 1.35e-11
   1.71e-10 1.14e-11 4.58e-11]
  [2.12e-13 3.09e-12 1.18e-11 2.35e-12 3.83e-13 9.57e-14 1.77e-12
   1.34e-12 8.37e-13 2.16e-14]
  [-1.02e-05 -3.89e-03 -9.28e-05 -6.17e-03 -1.05e-04 -1.02e-03 -5.93e-05
   -3.89e-04 -2.36e-02 -4.29e-05]]

 [[1.56e-10 3.57e-11 3.12e-10 8.87e-11 7.25e-10 1.88e-11 5.90e-11
   3.02e-11 1.50e-10 4.88e-11]
  [9.60e-13 4.24e-12 3.18e-13 1.99e-14 4.54e-12 5.05e-12 1.37e-12
   5.28e-12 4.59e-14 2.08e-13]
  [-2.21e-05 -7.62e-05 -7.04e-05 -4.41e-03 -3.17e-05 -6.92e-05 -1.95e-02
   -7.08e-02 -7.26e-04 -6.33e-05]]

 [[4.91e-08 3.96e-08 1.33e-08 6.27e-08 8.46e-08 5.75e-08 4.06e-08
   7.03e-08 1.00e-07 4.76e-08]
  [1.41e-10 9.78e-10 4.45e-10 1.07e-09 1.13e-09 3.06e-11 1.65e-10
   1.82e-09 1.41e-11 8.59e-11]
  [-1.63e-04 -2.29e-01 7.16e-02 -2.82e-03 -1.75e-02 -3.26e-04 -1.04e-03
   -3.98e-04 -3.73e-01 -5.76e-03]]

 [[2.21e-08 1.53e-08 1.14e-09 2.26e-08 6.78e-09 4.66e-09 1.99e-08
   1.10e-07 2.31e-08 1.69e-08]
  [4.29e-10 6.42e-10 1.17e-09 1.69e-11 4.68e-11 6.33e-10 5.18e-10
   2.32e-09 4.64e-09 2.39e-10]
  [-8.88e-02 -2.06e-02 8.59e-03 -1.05e-04 -8.88e-04 -2.86e-01 -1.05e-02
   6.42e-02 -2.51e-04 -5.17e-02]]

 [[1.34e-09 3.88e-09 5.37e-08 1.61e-09 6.03e-08 3.83e-07 7.58e-09
   8.32e-09 1.61e-08 2.37e-08]
  [2.44e-11 1.44e-10 2.24e-09 9.95e-12 1.81e-09 1.94e-10 2.91e-10
   1.09e-09 4.52e-09 3.23e-11]
  [-1.14e-01 -1.03e-02 -4.27e-02 -2.98e-04 -2.19e-02 -9.82e-03 -1.29e-02
   -2.08e-01 -2.92e-03 -1.15e-02]]

 [[6.41e-08 1.43e-07 3.84e-07 2.79e-07 6.25e-07 4.24e-08 1.29e-07
   2.12e-07 9.57e-08 1.23e-09]
  [3.12e-09 7.02e-09 2.93e-09 9.32e-11 8.68e-10 6.30e-10 1.86e-08
   6.19e-11 1.30e-08 1.30e-08]
  [-3.53e-04 -2.57e-02 -3.29e-02 -8.09e-02 -4.86e-03 -5.63e-04 -8.66e-04
   -6.41e-02 -3.00e-02 7.47e-03]]

 [[9.93e-07 7.08e-09 4.48e-08 5.12e-09 5.19e-08 7.18e-08 2.55e-08
   1.67e-07 1.26e-07 2.46e-08]
  [1.24e-08 5.84e-09 3.06e-10 4.38e-10 6.38e-09 6.42e-10 2.73e-09
   1.04e-09 4.62e-09 8.31e-09]
  [-8.10e-02 -5.55e-02 -1.36e-01 -2.29e-02 -1.64e-02 -6.77e-03 -3.50e-02
   -3.37e-02 -3.07e-02 -7.72e-03]]

 [[5.65e-08 2.41e-08 5.49e-08 7.03e-08 2.83e-06 2.16e-09 1.30e-07
   5.39e-09 1.57e-07 1.19e-06]
  [7.76e-13 9.06e-09 1.84e-09 1.86e-09 2.57e-12 4.80e-09 7.82e-10
   2.52e-10 5.51e-11 2.08e-09]
  [-8.37e-04 -3.00e-03 -1.77e-02 -1.23e-01 -6.35e-03 -1.00e-04 -3.35e-02
   -1.26e-03 -2.79e-03 -1.02e-01]]

 [[6.80e-08 7.15e-07 2.78e-06 3.53e-07 4.34e-06 3.17e-06 1.72e-06
   1.49e-08 9.55e-08 3.00e-08]
  [6.50e-09 4.43e-09 6.09e-09 2.42e-09 4.82e-09 1.44e-08 8.04e-09
   5.84e-10 7.60e-09 2.50e-08]
  [-9.83e-04 -1.46e-02 -2.57e-02 -2.42e-03 -7.50e-03 -3.81e-04 -5.56e-02
   -1.70e-02 -5.95e-02 -1.37e-03]]

 [[3.04e-08 1.47e-10 2.14e-07 1.86e-07 3.84e-07 1.11e-08 5.78e-07
   7.59e-07 2.28e-08 3.16e-07]
  [1.67e-10 6.67e-09 4.49e-09 2.10e-10 8.25e-09 2.13e-08 3.67e-09
   2.22e-08 2.41e-08 7.24e-10]
  [-2.06e-01 -7.67e-02 -6.72e-02 -4.29e-02 -6.73e-03 7.38e-03 1.46e-03
   -2.86e-02 -5.30e-03 -2.99e-01]]

 [[7.13e-08 4.85e-07 1.97e-06 6.23e-08 1.97e-07 6.06e-09 1.67e-06
   1.09e-06 3.36e-07 4.85e-07]
  [8.27e-09 3.13e-09 1.09e-11 8.09e-10 3.14e-09 1.59e-08 1.78e-10
   1.46e-08 6.85e-09 7.23e-09]
  [-3.96e-03 -4.76e-02 -3.06e-01 -2.28e-01 -2.03e-03 -5.50e-02 -3.55e-03
   -4.29e-03 -1.47e-02 -1.14e-02]]

 [[2.13e-06 1.30e-06 4.41e-07 8.78e-06 1.01e-05 2.30e-05 5.83e-07
   1.09e-06 7.77e-07 4.40e-06]
  [6.53e-08 4.51e-08 3.28e-08 3.34e-08 2.43e-08 4.50e-07 7.87e-08
   2.06e-08 5.44e-08 2.93e-10]
  [-2.13e-01 -1.74e-01 -1.56e-01 -1.58e-01 -1.87e-02 -2.00e-02 -1.22e-02
   -7.53e-03 -9.83e-04 -2.09e-02]]

 [[7.27e-07 5.87e-07 1.35e-05 5.57e-07 2.28e-07 6.24e-07 8.75e-08
   1.98e-07 1.91e-07 3.89e-07]
  [1.41e-07 7.33e-09 2.18e-08 5.66e-09 6.68e-08 1.94e-08 4.68e-08
   1.31e-08 1.88e-07 2.10e-08]
  [-7.37e-02 -5.29e-02 -9.20e-02 -6.34e-03 -2.60e-02 -1.09e-01 -1.86e-01
   -2.01e-03 -2.08e-02 -9.52e-02]]

 [[4.81e-09 4.99e-06 2.33e-06 3.50e-08 2.46e-05 2.30e-05 9.99e-08
   2.43e-06 5.35e-07 3.58e-08]
  [2.31e-08 3.82e-08 9.63e-08 6.74e-09 1.60e-09 1.74e-08 1.14e-08
   8.88e-08 1.31e-07 7.08e-08]
  [-4.28e-03 -6.44e-02 -6.80e-02 -5.53e-05 -3.39e-01 -6.66e-02 -7.73e-02
   -1.05e-01 -4.00e-02 -3.92e-02]]

 [[6.21e-08 1.52e-05 1.87e-05 1.32e-05 3.84e-05 1.43e-06 7.71e-06
   6.33e-06 2.29e-05 2.05e-07]
  [3.98e-09 3.97e-08 1.07e-06 2.17e-08 2.81e-07 2.69e-06 2.25e-07
   1.45e-06 5.33e-07 5.05e-06]
  [-6.91e-02 -2.95e-02 -1.67e-01 -7.06e-02 -4.27e-02 -2.42e-02 -1.45e-01
   -6.69e-04 -1.08e-02 -2.60e-02]]

 [[1.11e-05 4.20e-05 7.72e-06 1.94e-05 4.24e-06 2.04e-05 2.33e-05
   2.12e-05 5.70e-05 3.21e-07]
  [1.33e-07 2.72e-06 1.20e-08 2.32e-07 3.17e-08 4.52e-07 5.07e-07
   5.09e-07 1.36e-07 3.38e-07]
  [-1.15e-02 -1.02e-01 -2.07e-02 -8.43e-02 -1.48e-01 -9.60e-02 -1.08e-01
   -6.13e-02 -1.22e-01 -5.83e-02]]

 [[4.90e-06 1.08e-06 2.96e-07 1.14e-05 7.37e-06 7.39e-07 2.24e-06
   1.81e-05 4.39e-06 1.76e-05]
  [5.11e-07 2.74e-08 2.57e-07 1.20e-08 7.30e-07 1.46e-07 2.76e-07
   5.46e-07 2.55e-07 2.69e-07]
  [-4.83e-03 -8.86e-02 -1.21e-01 -8.06e-02 -3.94e-02 -8.46e-03 -4.04e-04
   -4.21e-02 -6.34e-02 -4.63e-03]]

 [[3.20e-10 1.29e-09 1.57e-12 1.26e-10 3.68e-13 9.98e-12 2.03e-10
   4.62e-10 6.67e-11 7.92e-10]
  [7.38e-13 4.59e-12 1.12e-12 1.09e-12 1.44e-11 3.02e-12 6.35e-13
   1.14e-12 2.53e-12 1.07e-11]
  [-6.03e-05 -6.86e-05 -7.44e-04 -4.29e-04 -2.95e-04 -3.24e-04 -1.64e-04
   4.44e-01 -9.87e-05 -2.91e-03]]

 [[8.79e-10 9.74e-11 4.58e-11 5.00e-10 6.47e-10 3.80e-12 1.70e-10
   1.66e-10 2.20e-10 7.50e-11]
  [4.16e-13 1.31e-12 1.91e-12 1.89e-14 1.20e-13 6.38e-14 2.47e-14
   3.19e-14 2.07e-14 2.94e-12]
  [-6.13e-04 -2.25e-04 -6.24e-05 -2.48e-04 -2.85e-04 -1.79e-04 -3.38e-05
   -1.19e-03 -8.51e-02 -7.82e-04]]

 [[1.02e-11 4.55e-11 7.62e-11 1.79e-11 1.88e-10 2.57e-10 1.17e-11
   4.14e-11 5.50e-12 4.98e-11]
  [2.89e-13 1.90e-11 3.13e-13 5.27e-13 3.22e-13 1.90e-12 4.86e-13
   5.03e-14 4.22e-12 1.79e-12]
  [-6.76e-04 -3.69e-02 -9.64e-05 2.57e-01 -5.76e-04 -2.12e-04 -3.45e-04
   -1.44e-03 -1.31e-05 -2.14e-04]]

 [[4.53e-08 4.75e-08 4.61e-08 2.60e-09 6.91e-09 5.65e-10 2.31e-09
   4.92e-08 3.45e-07 5.19e-08]
  [1.30e-10 1.28e-09 9.21e-10 3.81e-11 1.69e-09 4.72e-10 2.59e-09
   1.85e-09 9.77e-12 9.02e-12]
  [-3.35e-03 -2.03e-01 4.45e-01 -1.43e-02 -1.06e-02 -3.37e-03 -2.25e-03
   -6.55e-03 -4.20e-03 -2.05e-02]]

 [[2.80e-07 4.29e-09 3.97e-09 1.46e-08 1.74e-09 1.05e-09 6.71e-09
   3.31e-09 1.39e-07 1.21e-08]
  [1.84e-09 2.49e-09 1.44e-12 2.99e-10 9.26e-11 1.93e-11 1.17e-10
   1.42e-09 5.00e-11 3.31e-13]
  [-3.17e-03 -2.61e-02 -9.58e-04 -1.27e-02 -1.11e-02 -1.55e-02 -4.28e-03
   -1.84e-03 -5.40e-04 -3.96e-03]]

 [[3.53e-08 2.48e-10 2.35e-08 2.30e-08 2.85e-08 8.18e-08 1.72e-08
   3.67e-09 1.72e-08 4.00e-10]
  [3.23e-13 2.24e-11 3.20e-10 5.31e-10 3.83e-11 1.90e-09 2.34e-12
   7.81e-12 3.39e-10 1.75e-11]
  [-1.24e-02 -1.12e-01 3.24e-01 6.92e-01 -1.13e-04 -3.98e-04 -6.51e-03
   -5.75e-03 5.71e-01 -4.21e-03]]

 [[5.06e-08 8.18e-08 2.12e-07 2.96e-07 7.32e-09 2.17e-07 1.60e-07
   3.53e-07 1.45e-07 3.85e-10]
  [2.89e-11 5.30e-09 2.27e-09 4.58e-09 1.07e-09 1.14e-08 4.73e-10
   6.52e-10 1.59e-09 3.31e-10]
  [-4.91e-03 -8.46e-03 -3.60e-02 -3.16e-04 -9.77e-03 -8.34e-03 -1.11e-03
   -1.24e-02 -1.61e-03 -1.51e-02]]

 [[5.16e-07 1.36e-07 8.17e-07 1.17e-07 5.54e-08 2.00e-08 1.57e-07
   3.00e-08 1.95e-08 5.04e-09]
  [1.09e-10 1.74e-09 6.67e-10 1.18e-10 1.20e-08 5.86e-10 4.69e-10
   1.08e-09 5.97e-10 3.17e-09]
  [-9.33e-03 -1.71e-02 -1.82e-02 -5.00e-02 3.20e-01 -4.65e-03 -2.09e-02
   5.12e-01 -3.63e-02 -5.37e-02]]

 [[6.73e-09 5.54e-11 4.51e-09 8.19e-09 2.87e-09 1.17e-06 1.35e-07
   5.86e-08 5.00e-08 1.18e-07]
  [9.31e-10 1.11e-10 1.81e-13 1.42e-10 2.33e-10 9.41e-09 3.37e-10
   3.50e-09 1.93e-10 1.08e-09]
  [-2.42e-02 -6.20e-03 -1.04e-02 3.85e-01 -3.17e-03 5.08e-01 1.35e-01
   -1.43e-02 -4.82e-03 -1.00e-01]]

 [[3.01e-09 6.05e-08 2.64e-07 3.42e-07 7.49e-08 1.44e-06 1.04e-06
   1.02e-07 9.09e-07 1.73e-07]
  [1.05e-09 3.38e-08 8.21e-09 1.57e-09 1.79e-08 1.29e-08 1.60e-08
   1.65e-10 7.62e-09 2.54e-10]
  [-1.75e-01 -9.17e-02 -5.04e-03 -8.84e-03 -4.11e-03 2.04e+00 -2.94e-02
   3.77e-01 -1.03e-02 -5.08e-03]]

 [[1.57e-06 4.22e-08 1.28e-07 6.48e-07 1.82e-07 4.90e-07 3.80e-07
   2.41e-09 1.45e-07 4.03e-07]
  [1.87e-09 7.25e-10 1.21e-08 9.83e-09 5.05e-09 2.53e-08 6.42e-10
   2.74e-09 3.44e-08 1.01e-08]
  [-4.07e-02 -3.31e-02 3.80e-01 -1.52e-03 -5.85e-03 -1.44e-02 1.11e-02
   5.66e-01 -6.02e-03 6.78e-01]]

 [[2.78e-07 1.66e-08 1.32e-06 5.17e-09 3.17e-07 4.46e-07 1.13e-07
   4.89e-10 6.68e-08 1.17e-06]
  [2.32e-13 4.77e-09 8.29e-10 3.60e-08 1.07e-08 3.14e-09 6.81e-10
   1.39e-09 4.59e-10 1.08e-09]
  [-5.44e-02 -2.56e-03 -1.76e-01 -2.70e-02 -1.32e-03 -4.85e-03 -6.32e-03
   -4.34e-02 -6.63e-03 -6.51e-04]]

 [[2.81e-06 1.41e-05 1.17e-05 1.33e-06 3.00e-07 4.64e-07 1.50e-06
   3.08e-07 1.59e-05 5.00e-07]
  [4.33e-08 4.29e-10 9.28e-09 2.08e-08 7.01e-08 4.84e-08 9.43e-09
   1.52e-08 2.64e-08 5.13e-09]
  [7.47e-03 1.96e-01 1.94e-01 -1.89e-02 -2.60e-01 -2.98e-02 -3.13e-02
   -2.11e-03 3.81e-01 7.47e-03]]

 [[7.80e-07 7.86e-06 3.91e-07 2.31e-06 5.65e-07 1.61e-06 6.06e-07
   1.54e-07 2.27e-06 2.53e-09]
  [7.19e-08 2.59e-08 5.46e-08 9.92e-09 2.24e-14 3.89e-09 1.28e-08
   4.76e-09 6.27e-09 1.47e-08]
  [-4.35e-04 -1.97e-02 -3.05e-03 -5.71e-03 -6.56e-02 -6.06e-02 1.32e-01
   -6.55e-03 5.68e-01 -2.03e-02]]

 [[1.24e-06 1.51e-05 3.29e-06 1.94e-06 7.31e-06 1.57e-06 2.54e-06
   2.57e-06 3.48e-08 3.91e-06]
  [1.14e-08 9.53e-08 2.19e-07 4.15e-09 2.31e-08 1.28e-08 1.21e-09
   2.42e-08 8.73e-09 1.17e-08]
  [-1.59e-01 -6.71e-02 2.58e-01 -5.28e-02 7.47e-03 -2.99e-02 -1.12e-01
   -1.05e-01 -7.69e-02 7.38e-02]]

 [[4.27e-06 5.98e-06 3.80e-06 6.26e-06 1.49e-06 1.17e-06 1.26e-05
   4.57e-05 1.88e-05 1.70e-05]
  [3.36e-08 5.53e-07 1.88e-06 2.60e-07 1.89e-08 1.05e-09 1.78e-07
   7.86e-08 9.02e-07 1.28e-06]
  [-3.85e-02 -8.32e-02 -9.29e-03 -1.95e-01 -9.94e-03 -1.27e-02 -1.03e-01
   -1.45e-01 -2.44e-02 -1.32e-02]]

 [[1.11e-06 4.09e-05 7.99e-08 4.62e-05 9.81e-07 3.08e-05 8.53e-06
   1.21e-05 5.44e-06 2.60e-05]
  [6.32e-07 4.88e-10 1.52e-08 2.35e-08 2.20e-08 1.42e-06 9.10e-08
   1.44e-07 1.93e-07 2.96e-09]
  [-2.34e-02 -1.81e-02 -4.30e-02 -8.97e-03 -5.73e-03 -8.30e-03 -5.07e-02
   -5.91e-04 -6.98e-02 -3.51e-02]]

 [[9.78e-06 1.83e-05 5.77e-06 1.46e-06 8.16e-09 3.24e-07 3.10e-06
   4.38e-07 1.28e-05 3.31e-05]
  [4.11e-08 3.35e-07 1.24e-11 1.42e-06 3.03e-07 9.47e-08 1.33e-08
   2.54e-07 9.27e-08 9.60e-08]
  [-6.92e-03 -2.49e-03 -2.56e-02 -2.86e-01 -1.25e-01 -6.43e-02 -4.87e-02
   -1.55e-02 -1.40e-01 -2.46e-02]]

 [[1.58e-10 9.70e-11 5.65e-10 4.40e-12 9.06e-11 1.56e-10 3.14e-11
   2.81e-11 6.72e-11 1.07e-12]
  [1.41e-12 2.40e-11 1.59e-13 7.31e-12 3.35e-12 1.54e-12 2.66e-12
   5.44e-13 8.68e-12 1.66e-13]
  [-4.74e-05 -1.89e-04 -2.16e-01 -2.42e-02 -1.54e-03 -2.71e-03 -7.18e-02
   -4.27e-02 -2.05e-01 -4.16e-04]]

 [[1.94e-11 6.88e-11 9.95e-12 8.40e-11 4.79e-11 1.70e-11 6.67e-11
   2.33e-10 5.84e-10 1.06e-10]
  [9.47e-13 5.76e-12 4.01e-13 2.32e-14 4.27e-12 3.42e-13 8.73e-14
   4.45e-13 4.60e-13 9.20e-13]
  [-6.58e-05 -2.69e-05 2.58e-01 -1.32e-01 3.20e-01 -8.83e-04 -6.01e-04
   -4.45e-03 -1.67e-04 -7.34e-02]]

 [[2.34e-10 6.23e-12 1.16e-13 4.67e-10 1.53e-10 9.60e-10 6.46e-10
   5.99e-11 2.74e-09 6.76e-11]
  [1.05e-12 6.40e-13 1.97e-12 2.97e-14 9.56e-14 3.52e-13 2.32e-12
   5.11e-13 1.46e-12 5.78e-13]
  [-3.42e-02 -6.04e-03 -4.83e-04 -3.01e-03 -8.91e-03 1.93e-01 -3.93e-04
   -1.74e-04 -7.97e-02 1.74e+00]]

 [[5.18e-09 2.04e-07 7.69e-08 3.83e-08 2.23e-08 2.40e-08 2.98e-08
   2.50e-08 2.43e-08 6.60e-08]
  [2.40e-10 1.58e-10 2.10e-11 1.66e-10 1.24e-10 1.28e-10 8.98e-11
   3.46e-10 3.00e-10 3.67e-09]
  [-1.08e-03 -1.22e-02 -1.55e-01 8.59e-03 -2.88e-03 -2.05e-02 -3.09e-01
   -6.40e-03 -3.87e-02 -4.03e-03]]

 [[4.74e-08 2.77e-08 8.11e-11 1.09e-07 1.97e-08 6.18e-09 5.10e-08
   4.54e-08 7.46e-09 9.38e-10]
  [9.84e-13 7.45e-10 5.46e-10 1.34e-09 4.88e-10 4.59e-10 1.96e-10
   5.59e-11 1.08e-09 2.02e-10]
  [-1.57e-04 -4.49e-02 -1.69e-02 -1.18e-01 -3.14e-02 -7.70e-02 -4.58e-03
   -1.23e-01 -2.69e-02 -1.57e-03]]

 [[4.31e-08 1.60e-07 1.51e-08 8.59e-09 1.73e-09 5.59e-07 4.12e-08
   1.76e-08 7.02e-09 7.97e-09]
  [1.33e-09 6.58e-14 5.98e-11 4.32e-10 1.10e-09 2.86e-10 9.59e-10
   6.02e-11 1.34e-10 7.94e-11]
  [-1.54e-02 -7.93e-03 -1.10e-03 -2.25e-02 -7.94e-03 -7.82e-03 -4.28e-03
   -7.48e-04 -1.13e-03 -2.90e-02]]

 [[5.59e-08 2.31e-07 1.38e-07 4.42e-07 2.19e-08 2.33e-09 2.10e-07
   1.23e-07 7.21e-08 4.38e-08]
  [9.10e-10 7.62e-10 6.43e-11 3.01e-09 4.12e-09 4.66e-09 5.15e-09
   7.25e-10 7.22e-10 6.17e-10]
  [-1.88e-03 -8.37e-02 -7.96e-03 -1.14e-01 1.34e-01 -1.98e-02 -4.56e-02
   -1.54e-01 -2.43e-01 -1.76e-03]]

 [[1.55e-07 1.96e-07 1.65e-07 6.17e-08 9.16e-10 1.11e-08 9.28e-08
   4.69e-09 5.45e-08 2.18e-07]
  [3.39e-08 1.89e-09 2.31e-11 1.07e-09 9.53e-09 8.21e-10 1.43e-09
   1.51e-09 1.11e-08 2.65e-09]
  [-3.39e-03 -2.41e-01 -1.94e-02 -7.57e-03 -7.34e-02 -2.54e-02 -4.51e-02
   -9.04e-03 -1.55e-01 -2.90e-02]]

 [[5.00e-08 5.48e-08 3.56e-07 8.46e-09 2.54e-07 6.47e-08 1.17e-07
   8.75e-08 1.50e-07 3.28e-06]
  [9.64e-11 1.73e-10 7.09e-09 4.54e-09 6.74e-09 1.92e-08 1.25e-08
   1.12e-10 1.31e-10 1.84e-09]
  [-3.91e-02 -7.70e-03 -5.18e-02 -2.51e-03 -8.35e-02 -5.75e-02 -4.89e-02
   -1.36e-02 -2.42e-01 -2.11e-02]]

 [[8.54e-07 1.56e-07 1.81e-07 3.21e-07 8.38e-07 3.49e-07 4.72e-07
   1.34e-07 3.66e-07 1.58e-06]
  [2.52e-08 1.62e-09 1.24e-09 7.74e-09 5.37e-10 3.51e-10 1.55e-09
   1.39e-08 1.69e-09 2.48e-09]
  [-1.32e-01 -6.84e-03 -9.36e-03 -1.65e-02 -5.70e-04 -2.20e-02 -5.19e-03
   -4.54e-01 -2.05e-03 -2.17e-02]]]