-0.8700933419135505
-6.631577752629934
-7.855467770941565
-9.909981706064894
-10.042574665269646
-10.100882360667557
-10.10261837380164
-10.10261837380164
-10.123234276330537
-10.12368456517937
-10.141829254380267
-10.142226067530194
-10.142226067530194
-10.142226067530194
-10.142226067530194
-10.143366756655148
-10.143366756655148
-10.149434908511944
-10.149434908511944
-10.149434908511944
-0.5156992757945147
-2.236354737401632
-2.654904171608683
-2.6677683818111704
-2.672245213165528
-2.672245213165528
-2.672245213165528
-2.674678288243483
-2.682191926475269
-2.682191926475269
-2.682191926475269
-2.682191926475269
-2.682191926475269
-2.682191926475269
-2.682191926475269
-2.682191926475269
-2.682191926475269
-2.6821977006417144
-2.682198857540933
-2.682198857540933
-0.5341991128402385
-3.8100254180777897
-4.201978530440595
-5.001514369794657
-5.008570068398732
-5.022536514425416
-5.022536514425416
-5.022536514425416
-5.022536514425416
-5.047534678183416
-5.048911451566078
-5.048911451566078
-5.0489266160223485
-5.048966590866293
-5.048966590866293
-5.048966590866293
-5.048966590866293
-5.048966590866293
-5.048966590866293
-5.051357434156849
-0.8303346526906735
-9.171147827458954
-10.02748834991384
-10.02748834991384
-10.02748834991384
-10.028035837478447
-10.108294130007058
-10.12453975692334
-10.12453975692334
-10.12453975692334
-10.12453975692334
-10.126832893232375
-10.132365492087436
-10.132365492087436
-10.135039191805374
-10.145148497887583
-10.149337422946825
-10.15189347923757
-10.15189347923757
-10.15189347923757
-0.8277882694911961
-4.239812558112285
-4.762309697175987
-4.797927445018515
-5.050811733931541
-5.050811733931541
-5.052292320147016
-5.052292320147016
-5.052292320147016
-5.052292320147016
-5.052365427346566
-5.052365427346566
-5.052365427346566
-5.052365427346566
-5.052365427346566
-5.052365427346566
-5.0545830468647495
-5.0545830468647495
-5.0545830468647495
-5.0545830468647495
-2.8860872914013007
-4.87440302359016
-4.881251275007768
-5.007842842868511
-5.007842842868511
-5.03319990649457
-5.037648338754976
-5.03828817862281
-5.042150403139232
-5.0426211138668835
-5.04501494970606
-5.04501494970606
-5.053364902877815
-5.053364902877815
-5.053364902877815
-5.053364902877815
-5.053364902877815
-5.053364902877815
-5.053364902877815
-5.053364902877815
-1.2365574231023866
-4.568841784975241
-4.997153662464036
-5.06811107281216
-5.073508846177185
-5.073508846177185
-5.076328159837013
-5.082109090234328
-5.082109090234328
-5.096539424559428
-5.096539424559428
-5.096539424559428
-5.098506555591281
-5.098506555591281
-5.098506555591281
-5.098506555591281
-5.098506555591281
-5.098506555591281
-5.098506555591281
-5.098506555591281
-0.8387769323463274
-9.212730381083645
-10.01451650290061
-10.11039288208914
-10.142364395855545
-10.142364395855545
-10.150151229157851
-10.150151229157851
-10.150151229157851
-10.150151229157851
-10.150151229157851
-10.150151229157851
-10.150151229157851
-10.150151229157851
-10.150151229157851
-10.150151229157851
-10.150151229157851
-10.150151229157851
-10.150151229157851
-10.150151229157851
-1.1892821106224862
-2.5356648541411095
-2.562809211363524
-2.5910478059870097
-2.6148793242739945
-2.6170554012939755
-2.6170554012939755
-2.628490781094366
-2.6303135463628005
-2.6303342420186415
-2.6303342420186415
-2.6303342420186415
-2.6303459116447643
-2.6303459116447643
-2.6303459116447643
-2.6303822132564476
-2.6303822132564476
-2.6303822132564476
-2.6303822132564476
-2.630451723032973
-0.6756557487734636
-9.029640944171192
-9.647089763756277
-9.973782786715132
-9.973782786715132
-9.973782786715132
-10.107585904567765
-10.107585904567765
-10.107585904567765
-10.143220819743224
-10.143220819743224
-10.143220819743224
-10.143220819743224
-10.143220819743224
-10.143220819743224
-10.143220819743224
-10.149121446186468
-10.149121446186468
-10.149121446186468
-10.149121446186468
-2.5208834294557714
-4.905244187032797
-5.057461034574569
-5.091782413243721
-5.092156939182417
-5.092961314630319
-5.098376601024095
-5.099063938712709
-5.099450571242977
-5.099829870450917
-1.9126337367390873
-5.0467107616121325
-5.0893487448552746
-5.100517893685064
-5.100517893685064
-5.1005312425978255
-5.1005312425978255
-5.10054825423104
-5.10054825423104
-5.100688725052009
-1.1199924760210649
-9.592527027971943
-10.100381593229134
-10.114971769132252
-10.114971769132252
-10.12231857015328
-10.131478406317221
-10.131478406317221
-10.131478406317221
-10.139406100642082
-0.7322724825831785
-2.6384638658992805
-2.677788112481356
-2.681811064457433
-2.6820390975761947
-2.6824735846194967
-2.6824735846194967
-2.6824735846194967
-2.6824735846194967
-2.6824735846194967
-1.1177826505639992
-9.746598104143116
-9.988151645012213
-10.108839672085107
-10.146997557933046
-10.14941702731384
-10.14941702731384
-10.151925470009097
-10.152361535172197
-10.152361535172197
-0.6205452528120948
-2.6662811539257087
-2.674423998446648
-2.6774597749731535
-2.6774597749731535
-2.681154698926359
-2.681556394223934
-2.6818217084880334
-2.6822177913330325
-2.682227211161814
-1.6023148080520007
-2.591046532453472
-2.675227295984499
-2.676450177944179
-2.6791012210943403
-2.6791352675852553
-2.6813504109012385
-2.6827862154782167
-2.6827862154782167
-2.6827862154782167
-1.620285450392713
-4.988424683032951
-5.045796898247519
-5.049336312376476
-5.049336312376476
-5.0547026939294835
-5.0547026939294835
-5.0547026939294835
-5.0547026939294835
-5.0547026939294835
-0.8602110735195869
-4.994016091644431
-5.083105117201122
-5.083105117201122
-5.092929380333948
-5.0930530628802675
-5.097722966669443
-5.097722966669443
-5.098265610270518
-5.098265610270518
-1.423779827195396
-2.5737009789202148
-2.6120649552429946
-2.667136700740644
-2.6820217648473066
-2.6821935109131565
-2.68239205848943
-2.68239205848943
-2.68239205848943
-2.682574383018757
-1.7329047734384504
-4.155725387684504
-5.0651737202683424
-5.070540098298185
-5.082220377132361
-5.096445310708484
-5.096445310708484
-5.096445310708484
-5.096445310708484
-5.096445310708484
-0.9195129428233589
-2.6157653982220768
-2.6631344459243276
-2.6743552413788
-2.6760296962879164
-2.6760296962879164
-2.676940907437242
-2.6817508070308094
-2.6817782033400093
-2.682346271712689
-0.7188649601588327
-2.864648222644439
-4.644415718200801
-4.898388554565901
-4.970765922804221
-5.038396158968436
-5.038957583713928
-5.0389671408992305
-5.043244216585328
-5.054406912044523
-0.8374110107597006
-4.075078567853367
-4.576519819639864
-5.08356151503002
-5.093523701957521
-5.09903328831765
-5.09903328831765
-5.1001749716969496
-5.1001749716969496
-5.1001749716969496
-2.3772029763390887
-4.986070635288798
-5.048275093853795
-5.050720090187227
-5.074587794723943
-5.0888461260824815
-5.094783333010484
-5.094783333010484
-5.094783333010484
-5.094783333010484
-0.5722402653558076
-6.8737681026103745
-9.654797092430018
-10.061239893215264
-10.080874958111234
-10.10846946757153
-10.10846946757153
-10.1281886779604
-10.1281886779604
-10.131881775452952
-0.7069562951548805
-5.500061378664353
-9.466628760727158
-10.006544979204076
-10.081150066804486
-10.081150066804486
-10.081150066804486
-10.112297411276513
-10.121800982800094
-10.121800982800094
-0.9594557782550927
-4.82221073274974
-4.879376686671656
-4.995944755656376
-4.999993661350217
-5.0444944077062654
-5.047873397713518
-5.047873397713518
-5.047892239830194
-5.047892239830194
-1.3858888768200772
-7.351123914114249
-9.392095938805012
-9.743403831129566
-9.988169159582394
-10.116880517825894
-10.117570077812987
-10.117570077812987
-10.140988766977477
-10.146596625243264
-0.7817534536268226
-8.519642509990978
-9.40780017291233
-9.741941855507394
-9.98213365174115
-10.039831078502463
-10.039831078502463
-10.039831078502463
-10.087757875530384
-10.087757875530384
-0.4848221025123352
-1.2705428114899733
-4.878806210534159
-8.239676671199968
-9.922619450902198
-10.138327584104752
-10.145318309530106
-10.145318309530106
-10.145318309530106
-10.145318309530106
-10.147790327290958
-10.147790327290958
-10.147826286726344
-10.147826286726344
-10.147826286726344
-10.1502099796795
-10.1502099796795
-10.1502099796795
-10.1502099796795
-10.1502099796795
-10.1502099796795
-10.1502099796795
-10.1502099796795
-10.1502099796795
-10.1502099796795
-10.15137651765558
-10.152622124106115
-10.152622124106115
-10.152622124106115
-10.152622124106115
-10.152622124106115
-10.152622124106115
-10.152622124106115
-10.152622124106115
-10.152622124106115
-10.152622124106115
-10.152622124106115
-10.152622124106115
-10.152622124106115
-10.152622124106115
-0.6398530791167754
-7.3077285260823155
-7.3854008227490855
-9.12331696550323
-9.137451037139833
-10.086713834617646
-10.086713834617646
-10.086713834617646
-10.106536604357625
-10.106536604357625
-10.106536604357625
-10.125720340008163
-10.125720340008163
-10.125720340008163
-10.125720340008163
-10.125720340008163
-10.125720340008163
-10.125720340008163
-10.125720340008163
-10.125720340008163
-10.145830764493633
-10.145830764493633
-10.145830764493633
-10.145830764493633
-10.145830764493633
-10.145830764493633
-10.145830764493633
-10.152312400586165
-10.152312400586165
-10.152312400586165
-10.152312400586165
-10.152312400586165
-10.152312400586165
-10.152312400586165
-10.152312400586165
-10.152312400586165
-10.152312400586165
-10.152312400586165
-10.152312400586165
-10.152312400586165
-0.511231988125437
-2.487243191171662
-2.487243191171662
-2.5800625849257743
-2.583532703779735
-2.583532703779735
-2.6009966020839417
-2.6009972121405265
-2.6063819565943
-2.6281187447795213
-2.629009915335881
-2.629009915335881
-2.629009915335881
-2.629009915335881
-2.6297498088192217
-2.6297498088192217
-2.6297498088192217
-2.629785921309018
-2.629785921309018
-2.629876852382048
-2.629876852382048
-2.629876852382048
-2.629876852382048
-2.629922664360755
-2.629922664360755
-2.629922664360755
-2.629922664360755
-2.629922664360755
-2.629922664360755
-2.629922664360755
-2.629922664360755
-2.629922664360755
-2.629922664360755
-2.630143735769731
-2.630143735769731
-2.6304052649228122
-2.6304052649228122
-2.6304052649228122
-2.6304052649228122
-2.6304052649228122
-0.5623746426536831
-1.1511454786624662
-2.5162056464354885
-2.538578964052661
-2.5413902626629863
-2.575187991907483
-2.5754383432158576
-2.5829415267351163
-2.621884802537033
-2.627145333367741
-2.627145333367741
-2.627145333367741
-2.62756943395507
-2.62756943395507
-2.629624273802139
-2.629624273802139
-2.629624273802139
-2.629624273802139
-2.629624273802139
-2.629624273802139
-2.629624273802139
-2.6301637853625053
-2.6301637853625053
-2.6301637853625053
-2.6301637853625053
-2.6301637853625053
-2.6301852995929385
-2.6301852995929385
-2.630393111996069
-2.630393111996069
-2.630393111996069
-2.6304313448654555
-2.6304313448654555
-2.6304313448654555
-2.6304313448654555
-2.6304313448654555
-2.6304313448654555
-2.6304313448654555
-2.6304313448654555
-2.6304313448654555
-0.5204033000479913
-2.379145995671648
-2.498689548568686
-2.6223186719896394
-2.641826322352916
-2.6680078041228983
-2.6680078041228983
-2.6744838405917304
-2.6744838405917304
-2.675519399738234
-2.675519399738234
-2.678938855649786
-2.678938855649786
-2.681027937452463
-2.6813325233265797
-2.6813325233265797
-2.6813325233265797
-2.6815915331580027
-2.6815915331580027
-2.6815915331580027
-2.6821658237125363
-2.6821658237125363
-2.6821658237125363
-2.682309643957675
-2.682309643957675
-2.682309643957675
-2.682309643957675
-2.682309643957675
-2.682309643957675
-2.682309643957675
-2.682309643957675
-2.682309643957675
-2.682309643957675
-2.682309643957675
-2.682309643957675
-2.6824402992258705
-2.6824402992258705
-2.6824402992258705
-2.6824402992258705
-2.6824402992258705
-1.3523218468246834
-1.9759179581387416
-2.6751695775923876
-2.676230795409613
-2.676351544616102
-2.681054683569974
-2.681054683569974
-2.681680244451947
-2.681680244451947
-2.681680244451947
-2.6820749800023864
-2.6822758896575976
-2.6822758896575976
-2.682496632191536
-2.682496632191536
-2.682496632191536
-2.682496632191536
-2.682496632191536
-2.682496632191536
-2.682496632191536
-2.682496632191536
-2.682496632191536
-2.682496632191536
-2.6825339308209357
-2.6825339308209357
-2.6825339308209357
-2.6825339308209357
-2.6825339308209357
-2.6825339308209357
-2.6825339308209357
-2.6825339308209357
-2.6825339308209357
-2.6825339308209357
-2.6825339308209357
-2.6825339308209357
-2.6827928019936373
-2.6827928019936373
-2.6827928019936373
-2.6827928019936373
-2.6827928019936373
-0.7450687850015246
-9.40831513012677
-9.637898618302092
-9.993959570518646
-10.049443159630952
-10.08368161887125
-10.08368161887125
-10.08368161887125
-10.08368161887125
-10.08368161887125
-10.08368161887125
-10.08368161887125
-10.08368161887125
-10.08368161887125
-10.114586688164328
-10.114586688164328
-10.114586688164328
-10.114586688164328
-10.114586688164328
-10.123838523071896
-10.123838523071896
-10.123838523071896
-10.123838523071896
-10.123838523071896
-10.123838523071896
-10.140258168353716
-10.143630471272564
-10.143630471272564
-10.143630471272564
-10.15088724413079
-10.15088724413079
-10.150998213551198
-10.150998213551198
-10.150998213551198
-10.150998213551198
-10.150998213551198
-10.150998213551198
-10.150998213551198
-10.150998213551198
-10.150998213551198
-0.8349807871127021
-1.8813618137740389
-2.4986452500498313
-2.5637816363352024
-2.6125567959947027
-2.6131616326004923
-2.613738579663177
-2.61374883134598
-2.6298111949188003
-2.6298111949188003
-2.6298111949188003
-2.6298111949188003
-2.6298847522431235
-2.6298847522431235
-2.6298847522431235
-2.6298847522431235
-2.6298847522431235
-2.6298847522431235
-2.6298847522431235
-2.6298847522431235
-2.629889893715516
-2.629889893715516
-2.629889893715516
-2.629889893715516
-2.629889893715516
-2.629889893715516
-2.629889893715516
-2.629940543556122
-2.629940543556122
-2.629940543556122
-2.629940543556122
-2.629940543556122
-2.629940543556122
-2.629940543556122
-2.629940543556122
-2.629940543556122
-2.629940543556122
-2.630066860227489
-2.630066860227489
-2.630066860227489
-0.5128000786527415
-3.4558170503853582
-3.985666759171043
-4.912069249524996
-4.948028727451777
-4.948028727451777
-4.966912122213739
-4.966912122213739
-4.966912122213739
-5.053478360234196
-5.053478360234196
-5.053478360234196
-5.053478360234196
-5.053478360234196
-5.053478360234196
-5.053478360234196
-5.053478360234196
-5.053478360234196
-5.053478360234196
-5.053478360234196
-5.054726322674204
-5.054726322674204
-5.054726322674204
-5.054726322674204
-5.054726322674204
-5.054726322674204
-5.054726322674204
-5.054726322674204
-5.054726322674204
-5.054726322674204
-5.054726322674204
-5.054726322674204
-5.054726322674204
-5.054726322674204
-5.054726322674204
-5.054726322674204
-5.054726322674204
-5.054726322674204
-5.054726322674204
-5.054726322674204
-0.6973570500981282
-10.031693252012886
-10.032938183156299
-10.033305302345084
-10.100153967173751
-10.116948249985125
-10.116948249985125
-10.116948249985125
-10.116948249985125
-10.126731111924975
-10.126731111924975
-10.126731111924975
-10.12694694761472
-10.12694694761472
-10.136454330722412
-10.136454330722412
-10.136454330722412
-10.136454330722412
-10.136454330722412
-10.149301074774227
-10.149301074774227
-10.149665536815759
-10.149665536815759
-10.149665536815759
-10.149665536815759
-10.149665536815759
-10.149665536815759
-10.149665536815759
-10.149943079184094
-10.149943079184094
-10.149943079184094
-10.149943079184094
-10.149943079184094
-10.149943079184094
-10.149943079184094
-10.149943079184094
-10.149943079184094
-10.149943079184094
-10.149943079184094
-10.149943079184094
-1.286296468238652
-9.242519594513311
-9.615744288624194
-10.092569740650832
-10.099954096197502
-10.100336556376933
-10.101183189791032
-10.101183189791032
-10.143080633600439
-10.143080633600439
-10.143080633600439
-10.143080633600439
-10.143080633600439
-10.143080633600439
-10.143080633600439
-10.143080633600439
-10.149137851428806
-10.149137851428806
-10.149137851428806
-10.149137851428806
-0.47659318408170986
-7.747979389646419
-9.778706684580003
-9.93157314973543
-10.148908939925429
-10.148908939925429
-10.148908939925429
-10.148908939925429
-10.148908939925429
-10.148908939925429
-10.148908939925429
-10.148908939925429
-10.150439555431847
-10.150439555431847
-10.150439555431847
-10.150439555431847
-10.150439555431847
-10.150439555431847
-10.151560146042913
-10.151899521226467
-0.5004153656219114
-2.5728137495833767
-2.6104528322790927
-2.6250348427227013
-2.62663872046241
-2.6272628546565295
-2.6282100638444
-2.6282100638444
-2.6282100638444
-2.6282100638444
-2.6302021351000215
-2.6303371271777274
-2.6303371271777274
-2.630345336636792
-2.630345336636792
-2.630345336636792
-2.6303456939139855
-2.6303456939139855
-2.6303456939139855
-2.6303456939139855
-0.6673383015647703
-9.928951756711974
-9.934827308277924
-10.118963710280063
-10.124155196812179
-10.124155196812179
-10.131967817388857
-10.131967817388857
-10.131967817388857
-10.131967817388857
-10.131967817388857
-10.152217608395945
-10.152217608395945
-10.152217608395945
-10.152217608395945
-10.152217608395945
-10.152217608395945
-10.152314885217638
-10.152314885217638
-10.152314885217638
-0.944593382600959
-8.735411790197992
-9.314858136080822
-9.49871440524699
-9.839951887805828
-9.839951887805828
-10.04013460929517
-10.04013460929517
-10.042074100445252
-10.042074100445252
-10.14335171300584
-10.14335171300584
-10.14335171300584
-10.143420433368409
-10.143420433368409
-10.151036964809492
-10.151036964809492
-10.151080327604937
-10.151080327604937
-10.151080327604937
-1.0517017640851818
-2.6146192704925832
-2.6146192704925832
-2.6209295886684307
-2.6264986128720484
-2.6269427781741364
-2.6269427781741364
-2.627803664326962
-2.627803664326962
-2.6286035093662368
-2.629403124552724
-2.629403124552724
-2.629602666920414
-2.629602666920414
-2.629602666920414
-2.629602666920414
-2.6297360874647024
-2.630111515097843
-2.630111515097843
-2.630111515097843
-1.2808642652153754
-4.449059735506785
-4.93279047901642
-4.944058875251919
-5.0394009069944365
-5.06022063715772
-5.096341406269567
-5.096341406269567
-5.096341406269567
-5.096341406269567
-5.099445010366656
-5.099445010366656
-5.099445010366656
-5.099445010366656
-5.099445010366656
-5.099445010366656
-5.099445010366656
-5.099445010366656
-5.099445010366656
-5.099518812176719
-1.6234046612341855
-4.541415154313057
-5.010560918407879
-5.010560918407879
-5.05906100472502
-5.059787745034469
-5.061029049806192
-5.077829670104651
-5.0817417936778195
-5.0817417936778195
-5.0817417936778195
-5.0817417936778195
-5.0817417936778195
-5.084413989206003
-5.084413989206003
-5.084865082718843
-5.091832309351727
-5.091832309351727
-5.091832309351727
-5.091832309351727
-0.937921398367201
-4.786928295608004
-5.06749117296422
-5.083719692491532
-5.096801924570911
-5.096801924570911
-5.096801924570911
-5.096801924570911
-5.096801924570911
-5.096801924570911
-5.096801924570911
-5.096801924570911
-5.096801924570911
-5.097645081819093
-5.097645081819093
-5.097645081819093
-5.097645081819093
-5.097645081819093
-5.097645081819093
-5.098008599036443
-0.5887243312757594
-8.224700278557233
-9.964137631568207
-10.014394613634606
-10.138406178847243
-10.138406178847243
-10.139096004948149
-10.146026961776794
-10.14692694525097
-10.14692694525097
-10.14692694525097
-10.14692694525097
-10.149294648879264
-10.150723034492538
-10.150723034492538
-10.150723034492538
-10.15135021136785
-10.151729878909212
-10.151729878909212
-10.151729878909212
-0.5401643010421586
-2.5239512805362545
-2.619734891269701
-2.6561582018930965
-2.6561582018930965
-2.6673671506244325
-2.6723736452646025
-2.6723736452646025
-2.6723736452646025
-2.6780867163621878
-2.6780867163621878
-2.6780867163621878
-2.6780867163621878
-2.6780867163621878
-2.6780867163621878
-2.678563995486777
-2.678563995486777
-2.678563995486777
-2.678563995486777
-2.680640316260972
-0.9816662204873224
-6.447154157457993
-8.483951452986073
-9.499990468125958
-9.499990468125958
-9.538519578214695
-9.703667534509712
-9.920101031242814
-9.920101031242814
-9.939963505113191
-9.939963505113191
-10.125358634854921
-10.125358634854921
-10.125358634854921
-10.125358634854921
-10.125358634854921
-10.126411168467891
-10.126411168467891
-10.126411168467891
-10.126411168467891
-0.5987630705149553
-5.322757131595074
-5.322757131595074
-6.5855032708249635
-8.381103251170174
-9.425141544638976
-9.4896141785243
-9.940778451626976
-9.940778451626976
-10.140736401314944
-10.148816404829125
-10.148816404829125
-10.150603111635421
-10.150603111635421
-10.15223360242864
-10.15223360242864
-10.15223360242864
-10.15223360242864
-10.15223360242864
-10.15223360242864
-1.1929141028408718
-4.100578776264735
-4.929251553648233
-4.929251553648233
-4.929819965769424
-5.017333498571931
-5.058832837199967
-5.058832837199967
-5.093894277834821
-5.093894277834821
-5.093894277834821
-5.093894277834821
-5.093894277834821
-5.0944187726979155
-5.099272171208566
-5.099272171208566
-5.099786606680616
-5.099786606680616
-5.099786606680616
-5.099786606680616
-0.6213102024579875
-1.1065308277239994
-1.398454495829258
-1.398454495829258
-2.057908881481312
-2.057908881481312
-2.057908881481312
-2.057908881481312
-2.057908881481312
-2.057908881481312
-3.602085052464332
-4.494211685285647
-4.939375311054458
-5.020365810827951
-5.020365810827951
-5.020365810827951
-5.020365810827951
-5.020365810827951
-5.05385986263266
-5.05385986263266
-0.5337004699856168
-2.5231649832413474
-2.5231649832413474
-2.5231649832413474
-3.0302807203741247
-7.044250528675782
-7.900776122698174
-9.147508412741159
-9.796816866605038
-9.796816866605038
-9.889709466214834
-9.912420412686298
-9.912420412686298
-9.98939954740741
-10.062351902504645
-10.08118784451177
-10.08118784451177
-10.08118784451177
-10.140760032535024
-10.140760032535024
-0.5674694279085268
-3.6196488042932136
-4.053704944919426
-4.594744838678223
-4.884398591426366
-5.060450186074425
-5.071171394261969
-5.071171394261969
-5.071171394261969
-5.076644938605709
-5.076644938605709
-5.076644938605709
-5.076644938605709
-5.092536009055465
-5.092536009055465
-5.092536009055465
-5.092536009055465
-5.092536009055465
-5.095747446336283
-5.095747446336283
-0.7763643510689139
-7.5562180762600875
-8.56241339394306
-9.42943789717531
-9.660024605279208
-10.039716207678351
-10.076668088644336
-10.076668088644336
-10.0987672019933
-10.0987672019933
-10.0987672019933
-10.151871471172493
-10.151871471172493
-10.151871471172493
-10.151871471172493
-10.151871471172493
-10.151871471172493
-10.151871471172493
-10.151871471172493
-10.151965104946491
-0.8957073136945225
-2.41888519620904
-2.8631347220036463
-3.5708829384132654
-4.0024770316253475
-4.0024770316253475
-4.0024770316253475
-4.0024770316253475
-4.558766708691183
-4.946642408992474
-5.006446423292223
-5.006446423292223
-5.006446423292223
-5.029093466288545
-5.057262935171716
-5.057262935171716
-5.057262935171716
-5.085358630501458
-5.0858109218091325
-5.0858109218091325
-0.5833045352474341
-2.8674742137592957
-5.057296158784744
-5.057296158784744
-9.772697272830086
-10.000627600429446
-10.031946387775903
-10.128642209899821
-10.128642209899821
-10.128642209899821
-10.128642209899821
-10.128642209899821
-10.128642209899821
-10.128642209899821
-10.128642209899821
-10.128642209899821
-10.144092975625627
-10.144092975625627
-10.144092975625627
-10.144092975625627
-0.6162785587057911
-4.537975411468843
-4.926609463942492
-4.956944874059894
-4.9678318759657945
-4.970633807045304
-5.022306168329068
-5.053183177139152
-5.053183177139152
-5.053183177139152
-5.053183177139152
-5.053183177139152
-5.053183177139152
-5.054549823754982
-5.054549823754982
-5.054549823754982
-5.054549823754982
-5.054549823754982
-5.054549823754982
-5.054549823754982
-1.0411559608648664
-1.8055784819882832
-2.634460774349809
-2.6575293788514482
-2.661146563791001
-2.6766107269122017
-2.6774716174953106
-2.6774716174953106
-2.6774716174953106
-2.6774716174953106
-2.6776661751499313
-2.6813593350071354
-2.6813593350071354
-2.682431312448813
-2.682431312448813
-2.682431312448813
-2.682431312448813
-2.682431312448813
-2.682431312448813
-2.682431312448813
-0.57682657826905
-2.5410739949819514
-2.6363838880751733
-2.677646801083107
-2.6794268231252025
-2.680683434121687
-2.680683434121687
-2.681812003261352
-2.681812003261352
-2.6823059582798803
-2.6823059582798803
-2.6823059582798803
-2.6823059582798803
-2.6823059582798803
-2.6823059582798803
-2.6823404477699437
-2.6823404477699437
-2.6823404477699437
-2.6823404477699437
-2.6823404477699437
-0.4523930614406562
-7.562927654188713
-8.435551203412293
-9.985240553248346
-9.985240553248346
-9.986576087952415
-9.995979488747512
-10.09702369222258
-10.09702369222258
-10.101355276399566
-10.124901685319854
-10.125177248965063
-10.125177248965063
-10.125177248965063
-10.132360060792871
-10.132360060792871
-10.142108552749763
-10.142108552749763
-10.142108552749763
-10.146442053170457
-0.7873489734651938
-3.0263960535101684
-4.796793535249857
-4.954433519066337
-5.021143897336032
-5.0234821885491
-5.023541218832504
-5.0368055273820955
-5.046470802549736
-5.052474663537286
-5.052474663537286
-5.05248594517765
-5.053064665716891
-5.053064665716891
-5.053064665716891
-5.0543511164193875
-5.0543511164193875
-5.0543511164193875
-5.0543511164193875
-5.0543511164193875
-1.0629643439326983
-2.717733396870256
-4.544443769395753
-4.760254156290055
-4.9330203763945795
-5.0304035744099025
-5.049035636179592
-5.05920710286904
-5.074050784443465
-5.074050784443465
-5.074050784443465
-5.074050784443465
-5.091035711721816
-5.091035711721816
-5.091035711721816
-5.096004717097271
-5.096004717097271
-5.096004717097271
-5.096004717097271
-5.096293366409978
-0.5850676511265558
-2.5201401244514394
-2.6639039026988427
-2.6660062091589674
-2.6810221272737516
-2.6810221272737516
-2.6810221272737516
-2.6810221272737516
-2.6810725595947527
-2.6810725595947527
-2.6810725595947527
-2.6810725595947527
-2.6810725595947527
-2.6810725595947527
-2.6810725595947527
-2.6810725595947527
-2.6810725595947527
-2.681185321550239
-2.681185321550239
-2.681185321550239
-0.5830619231460752
-2.54159364749968
-2.675483136744634
-2.6791956866579127
-2.6814970779727068
-2.6814970779727068
-2.6814970779727068
-2.6814970779727068
-2.682487426598918
-2.682487426598918
-2.682487426598918
-2.682487426598918
-2.6827449104252334
-2.6827449104252334
-2.682835386503629
-2.682835386503629
-2.682835386503629
-2.682835386503629
-2.682835386503629
-2.682835386503629
-0.5877743357770019
-2.5452348787530688
-2.622282580104577
-2.622282580104577
-2.6229946924075107
-2.6273402278165214
-2.6281728499073975
-2.6294359419853865
-2.629472409515048
-2.629472409515048
-2.629472409515048
-2.629472409515048
-2.6302612757729404
-2.6302617629569958
-2.6302617629569958
-2.6302617629569958
-2.6302617629569958
-2.6302617629569958
-2.6302617629569958
-2.6302617629569958
-1.172420042404243
-2.68887682574197
-5.029604945719185
-5.029604945719185
-5.076718167168541
-5.076718167168541
-5.084217649493208
-5.084217649493208
-5.094071721219598
-5.094071721219598
-5.099604584274445
-5.099604584274445
-5.099604584274445
-5.099604584274445
-5.099604584274445
-5.099923040831174
-5.099923040831174
-5.099923040831174
-5.099923040831174
-5.099923040831174
-1.567180048668548
-4.943800811269616
-5.078623852103578
-5.099931057938272
-1.2690274642681405
-8.94059285392889
-10.060872628099748
-10.134053092299556
-1.7533056311086357
-2.673350575116398
-2.6767075909337428
-2.6799213186983266
-3.4816793544448705
-9.848456629288828
-10.137393140944637
-10.137393140944637
-2.921064684473706
-4.994315344753316
-5.08336175859561
-5.09912183069004
-2.017746269776653
-10.111289026456594
-10.14092279725163
-10.150028510958284
-0.8932356519407318
-9.825511257387818
-10.1171723519594
-10.138382719640042
-1.9372760602430592
-9.179469365705597
-10.072764251402202
-10.131714655233079
-1.2274498206643998
-5.097879457502753
-5.0980886056057155
-5.099311724351749
-1.9559727556809774
-9.571856828383323
-10.072204320874839
-10.120890557404532
-1.953242883140958
-5.5790542757052854
-5.5790542757052854
-5.877038028994915
-2.031725780438022
-2.031725780438022
-2.5778574354967816
-2.624261684096779
-1.7381617441708794
-2.194286756315481
-2.5515540559841425
-2.5671912196454247
-1.5628784877510051
-8.459962735558987
-9.701180064951043
-9.89706538681716
-2.0340668790366667
-3.9312672236361226
-4.800456835429153
-4.820898050333939
-1.6771097085066398
-4.468775786844429
-5.085084158488121
-5.094320690863293
-1.1663402373917084
-2.506833020691667
-2.578183066250614
-2.675439857792991
-1.575756643410807
-2.5565389948919632
-2.5690752913829775
-2.570065041824322
-1.7537047553879401
-5.621622661476028
-8.789086980190346
-9.556737747100074
-0.8885669833505049
-3.41972442657255
-4.903548383780126
-5.0125331460866684
-0.544644264127474
-1.8053297697833017
-2.4342415865615696
-2.6388264052289094
-2.6691908980575945
-2.6691908980575945
-2.6691908980575945
-2.6691908980575945
-2.6691908980575945
-2.6715331167538787
-2.6777034545766667
-2.6779933562942637
-2.6779933562942637
-2.6779933562942637
-2.6785110904553946
-2.6785110904553946
-2.6785110904553946
-2.6793685486478664
-2.681841717349523
-2.681841717349523
-2.681841717349523
-2.682448984164412
-2.682448984164412
-2.682448984164412
-2.682448984164412
-2.682448984164412
-2.682448984164412
-2.682448984164412
-2.682448984164412
-2.682448984164412
-2.682448984164412
-2.682448984164412
-2.682448984164412
-2.682448984164412
-2.682448984164412
-2.682448984164412
-2.682448984164412
-2.682448984164412
-2.682448984164412
-2.682448984164412
-0.9564561726466637
-2.5766582318068023
-2.5766582318068023
-2.5766582318068023
-2.608155260499932
-2.6599492110623113
-2.6599492110623113
-2.6599492110623113
-2.6613644381741026
-2.6613644381741026
-2.669249501699962
-2.669364518018035
-2.6710019771123408
-2.6710019771123408
-2.6710019771123408
-2.6710019771123408
-2.6726823713767147
-2.6726904993216603
-2.6726904993216603
-2.6726904993216603
-2.6726904993216603
-2.6726904993216603
-2.6726904993216603
-2.6726904993216603
-2.6726904993216603
-2.6726904993216603
-2.681947911294444
-2.682749100526202
-2.682749100526202
-2.682749100526202
-2.682749100526202
-2.682749100526202
-2.682749100526202
-2.682749100526202
-2.682749100526202
-2.682749100526202
-2.682749100526202
-2.682749100526202
-2.682749100526202
-2.682749100526202
-0.9893498137126489
-3.4955040531526844
-4.475781210643945
-4.901415423180391
-5.040465827814106
-5.042676739603962
-5.042676739603962
-5.048291911327187
-5.04968485620646
-5.04968485620646
-5.052400191025942
-5.052400191025942
-5.052400191025942
-5.052400191025942
-5.053003325533326
-5.053003325533326
-5.053003325533326
-5.053003325533326
-5.053003325533326
-5.053965157734784
-5.053965765161341
-5.053965765161341
-5.053965765161341
-5.053965765161341
-5.053965765161341
-5.053965765161341
-5.053965765161341
-5.053965765161341
-5.053965765161341
-5.053965765161341
-5.053965765161341
-5.053965765161341
-5.053965765161341
-5.053965765161341
-5.053965765161341
-5.053965765161341
-5.053965765161341
-5.053965765161341
-5.053965765161341
-5.053965765161341
-0.8399748179012084
-1.7825032761922652
-5.000722110607426
-7.211551158564949
-8.839639582538704
-9.53425078835225
-9.799411051847693
-9.799411051847693
-10.109553740504708
-10.109553740504708
-10.109553740504708
-10.109553740504708
-10.120782018576433
-10.120782018576433
-10.120782018576433
-10.120782018576433
-10.122658480435724
-10.122749717456735
-10.122749717456735
-10.14482334551763
-10.14482334551763
-10.146082029550499
-10.146082029550499
-10.146082029550499
-10.14987356156936
-10.14987356156936
-10.14987356156936
-10.14987356156936
-10.14987356156936
-10.14987356156936
-10.14987356156936
-10.14987356156936
-10.14987356156936
-10.14987356156936
-10.14987356156936
-10.14987356156936
-10.14987356156936
-10.151417426759375
-10.151417426759375
-10.151417426759375
-0.708162372800481
-4.713603038100039
-4.716189985518139
-4.72426118261251
-5.008638184955178
-5.074360164549407
-5.086790145500185
-5.091252404545756
-5.091252404545756
-5.091252404545756
-5.091252404545756
-5.091252404545756
-5.097103905724626
-5.097103905724626
-5.097103905724626
-5.097103905724626
-5.097103905724626
-5.099019816851362
-5.099019816851362
-5.099019816851362
-5.099019816851362
-5.099019816851362
-5.099019816851362
-5.100230866311824
-5.100230866311824
-5.100230866311824
-5.100230866311824
-5.100230866311824
-5.100230866311824
-5.100254209283138
-5.100254209283138
-5.100254209283138
-5.100254209283138
-5.100254209283138
-5.100254209283138
-5.100254209283138
-5.100254209283138
-5.100254209283138
-0.6127642280706632
-1.7278872636053455
-2.2090818826680483
-2.447089764587919
-2.50680593358251
-2.567793610630578
-2.6502628403725565
-2.671043134029695
-2.671043134029695
-2.671043134029695
-2.6806415656093168
-2.6806415656093168
-2.6806415656093168
-2.680859006427698
-2.680859006427698
-2.680859006427698
-2.680859006427698
-2.680859006427698
-2.680859006427698
-2.680859006427698
-2.680859006427698
-2.680859006427698
-2.681642842871436
-2.6818444838318065
-2.6818444838318065
-2.6818444838318065
-2.681979341749919
-2.681979341749919
-2.681979341749919
-2.681979341749919
-2.681979341749919
-2.681979341749919
-2.681979341749919
-2.681979341749919
-2.681979341749919
-2.681979341749919
-2.681979341749919
-2.681979341749919
-2.681979341749919
-2.681979341749919
-0.7589627995186071
-2.1856964705418394
-4.548041333313925
-4.548041333313925
-4.60588369596604
-5.058475436413464
-5.097214631187588
-5.097214631187588
-5.097214631187588
-5.097214631187588
-5.097214631187588
-5.097214631187588
-5.097979491391363
-5.097979491391363
-5.097979491391363
-5.09825366399974
-5.09825366399974
-5.09825366399974
-5.09825366399974
-5.09825366399974
-5.09825366399974
-5.09825366399974
-5.098760432668121
-5.098760432668121
-5.098760432668121
-5.098760432668121
-5.098760432668121
-5.098760432668121
-5.0992768195966995
-5.0992768195966995
-5.0992768195966995
-5.0992768195966995
-5.0992768195966995
-5.0992768195966995
-5.0992768195966995
-5.0992768195966995
-5.0992768195966995
-5.0992768195966995
-5.100500083344705
-5.100500083344705
-0.6467916095227431
-3.508416682955185
-4.852255507873955
-4.992813028172347
-5.023855731327307
-5.078951401058918
-5.083156483521943
-5.083156483521943
-5.083618613088504
-5.083618613088504
-5.098170052828072
-5.099508935640672
-5.099508935640672
-5.099508935640672
-5.099508935640672
-5.099508935640672
-5.099508935640672
-5.099508935640672
-5.099508935640672
-5.099508935640672
-5.099508935640672
-5.099508935640672
-5.099583842014397
-5.099583842014397
-5.099583842014397
-5.099583842014397
-5.099583842014397
-5.099583842014397
-5.099583842014397
-5.099583842014397
-5.099583842014397
-5.099583842014397
-5.099665819720165
-5.099665819720165
-5.099696475447881
-5.099696475447881
-5.099696475447881
-5.099696475447881
-5.099696475447881
-5.099696475447881
-0.45179642240790696
-7.818716564120431
-9.596468085608498
-9.596468085608498
-9.68473676845754
-9.68473676845754
-10.057620869042983
-10.06660233390759
-10.06660233390759
-10.141594845929948
-10.14795370727036
-10.14795370727036
-10.14795370727036
-10.14795370727036
-10.14795370727036
-10.14795370727036
-10.14795370727036
-10.14795370727036
-10.14795370727036
-10.14795370727036
-10.14795370727036
-10.14795370727036
-10.14795370727036
-10.14795370727036
-10.14795370727036
-10.14795370727036
-10.14795370727036
-10.14795370727036
-10.14795370727036
-10.14795370727036
-10.14795370727036
-10.14795370727036
-10.147968096020552
-10.147968096020552
-10.147968096020552
-10.147968096020552
-10.147968096020552
-10.147968096020552
-10.147968096020552
-10.147968096020552
-0.42885709419361706
-1.1144514425583543
-2.5331914144086176
-2.6471408280305533
-2.6474993425440276
-2.6536073941587865
-2.6536073941587865
-2.6806523295180367
-2.6806523295180367
-2.6806523295180367
-2.6806523295180367
-2.6808097897427987
-2.6811850573360134
-2.6811850573360134
-2.6811850573360134
-2.6811850573360134
-2.6811850573360134
-2.681924824024621
-2.681924824024621
-2.681924824024621
-2.681924824024621
-2.681924824024621
-2.681924824024621
-2.681924824024621
-2.681924824024621
-2.682331281287198
-2.6824009255349193
-2.6824009255349193
-2.6824009255349193
-2.6824009255349193
-2.6824009255349193
-2.6824009255349193
-2.6824009255349193
-2.6824009255349193
-2.6824009255349193
-2.6824009255349193
-2.6824009255349193
-2.6824009255349193
-2.6824009255349193
-2.6824009255349193
-0.846786300796575
-2.5461514509082286
-2.6720541045468136
-2.681333831078008
-2.682045904476817
-2.6820961592736468
-2.682373929456234
-2.682373929456234
-1.3453256991908185
-9.518480558079135
-10.101844756880928
-10.101844756880928
-10.139821181639393
-10.14558868087129
-10.14558868087129
-10.14713263941475
-1.3881508461626548
-2.665372384758775
-2.675900330952812
-2.6776428317971175
-2.6782287132182856
-2.6824645177860713
-2.6824645177860713
-2.6824645177860713
-1.4294300522381258
-2.617315488826218
-2.6285264567120765
-2.63018645195273
-2.63018645195273
-2.6301867608214
-2.6302202953298752
-2.6302202953298752
-1.8829644022617387
-2.6429821733079204
-2.656846336065349
-2.680710790466937
-2.681158120510814
-2.681158120510814
-2.682164184528803
-2.682278453987912
-1.329339927423292
-2.673506339137284
-2.6820838293187728
-2.68208482242431
-2.68208482242431
-2.6821179977378153
-2.6825673011720887
-2.6825673011720887
-0.9551984289037744
-4.650940361892975
-5.081768821789587
-5.098018957664188
-5.098018957664188
-5.098288482543332
-5.09978789926341
-5.09978789926341
-1.026830825080397
-10.050841647535707
-10.109926468974269
-10.128844712679268
-10.137782943429096
-10.137782943429096
-10.140036874555129
-10.145454554488355
-3.5668503730690913
-9.508109211224477
-9.941213179992896
-10.033130061580842
-10.115004869730788
-10.126407703253378
-10.126407703253378
-10.126407703253378
-2.3339802006297
-9.648947610047731
-10.057080473466014
-10.09999345723589
-10.116420355062141
-10.136306722368705
-10.143371876767008
-10.143371876767008
-0.7643768332382372
-3.5670054972896295
-7.231374710130373
-7.704732318706744
-9.622639443325669
-9.622639443325669
-9.622639443325669
-9.622639443325669
-0.9868743507425595
-7.615670354470194
-7.615670354470194
-7.615670354470194
-7.71722123493271
-7.71722123493271
-8.9409797000083
-9.511816411547326
-2.38248892649434
-4.855532036974182
-4.922454797725186
-5.081565740998457
-5.081565740998457
-5.086490622302001
-5.0930166988447185
-5.09456454798018
-1.5331636846095718
-1.5331636846095718
-2.257523675964455
-2.3494648997018874
-2.3494648997018874
-2.3494648997018874
-2.3494648997018874
-2.3494648997018874
-1.3425810313985513
-3.1478448559090597
-3.1478448559090597
-4.431872677234443
-4.722698586675475
-4.7279456528663335
-4.9411473993997825
-4.9411473993997825
-1.178247097816576
-1.5336059526530799
-2.1494362130508895
-2.1494362130508895
-2.884237249093018
-2.884237249093018
-3.761235939988248
-3.834864747405384
-1.4088873115627347
-4.3648636492887505
-5.93653128275753
-6.333225163870783
-6.333225163870783
-8.05210238905143
-9.467025705849277
-9.544390692551504
-1.1261932900240523
-2.077070710073974
-2.395813986134036
-2.395813986134036
-2.5268843242920758
-2.5268843242920758
-2.5268843242920758
-2.5268843242920758
-1.5398500655916234
-2.4487569521289054
-2.4487569521289054
-2.45110673056907
-2.5281751535320534
-2.5281751535320534
-2.604155296472444
-2.6665053119546287
-1.4654634974888623
-5.109979596649368
-5.109979596649368
-5.109979596649368
-5.109979596649368
-5.261089739150035
-5.261089739150035
-5.261089739150035
-0.8383446478123527
-2.5918928126653924
-2.6119822644062736
-2.6173700140828076
-2.6262076762638786
-2.628299340561646
-2.6291533680658707
-2.6291533680658707
-2.629219268100014
-2.629316599515961
-2.6293707748766106
-2.6293707748766106
-2.6299537307578884
-2.63023169554193
-2.63023169554193
-2.63023169554193
-2.63023169554193
-2.63023169554193
-2.63023169554193
-2.630286540679409
-0.765392548918897
-2.531834817947214
-2.661229886718347
-2.661229886718347
-2.6759602944010763
-2.6804395408299007
-2.6819548553849404
-2.6819548553849404
-2.6819548553849404
-2.6819548553849404
-2.6819548553849404
-2.6819548553849404
-2.6819548553849404
-2.6819548553849404
-2.68284750678202
-2.682848367771544
-2.682848367771544
-2.682848367771544
-2.682848367771544
-2.682848367771544
-1.5712629345810418
-4.595946004713622
-4.742749399665216
-4.875247079245621
-4.945749465786665
-5.048630836274179
-5.048630836274179
-5.050365059177949
-5.050365059177949
-5.050365059177949
-5.050365059177949
-5.050365059177949
-5.050365059177949
-5.050365059177949
-5.051084953476363
-5.054477260694653
-5.054682972750562
-5.054682972750562
-5.054682972750562
-5.054682972750562
-0.4488487349522821
-8.880435864751403
-9.471535849000537
-9.50253061175122
-10.11072689476212
-10.11072689476212
-10.11072689476212
-10.130545634841154
-10.130545634841154
-10.130697818842538
-10.132582036902962
-10.135503028285108
-10.151753457969647
-10.151753457969647
-10.151753457969647
-10.151753457969647
-10.152047823437387
-10.152047823437387
-10.152047823437387
-10.152047823437387
-0.695604913491543
-4.399606485436462
-4.9675733817514285
-4.999034548739976
-5.085435782595492
-5.088286821201493
-5.0896575568692315
-5.0896575568692315
-5.089883762462964
-5.090105443586648
-5.090105443586648
-5.097968284394467
-5.097968284394467
-5.098465211113642
-5.099548836726979
-5.099548836726979
-5.099548836726979
-5.099548836726979
-5.099548836726979
-5.099548836726979
-0.7157175032487235
-2.582532665834715
-2.6512737607226287
-2.6519208459101744
-2.6671126203364106
-2.6671126203364106
-2.6770153562811108
-2.6770153562811108
-2.677502275035857
-2.677502275035857
-2.677998422262733
-2.6786664376046816
-2.6786664376046816
-2.6786664376046816
-2.6826661851210414
-2.6826661851210414
-2.6826661851210414
-2.6826661851210414
-2.6826661851210414
-2.6828061688314095
-2.4816582810074452
-4.123789897268792
-4.996892805676557
-4.996892805676557
-5.033017924663862
-5.033017924663862
-5.033090483013059
-5.033090483013059
-5.033679441866835
-5.033679441866835
-5.033679441866835
-5.038555989104519
-5.038555989104519
-5.041353675204398
-5.043423462646793
-5.045045702479098
-5.051393544880129
-5.0529645018436815
-5.0529645018436815
-5.0529645018436815
-1.2766894720105908
-4.569298549887638
-4.922171848524166
-4.991538710603453
-5.0152222537520705
-5.0167935824125625
-5.0167935824125625
-5.029104428066094
-5.029104428066094
-5.029104428066094
-5.0293262049897365
-5.0293262049897365
-5.050100392303148
-5.050100392303148
-5.050162001902728
-5.052277469710451
-5.052305795849809
-5.052305795849809
-5.052305795849809
-5.052305795849809
-1.1733412051035306
-2.4811305746766754
-2.627915676618709
-2.627915676618709
-2.627915676618709
-2.6299405147704533
-2.6300478268617766
-2.6300478268617766
-2.6300478268617766
-2.6300478268617766
-2.6301179324898953
-2.6301179324898953
-2.6301179324898953
-2.6301179324898953
-2.6301179324898953
-2.6301179324898953
-2.6301179324898953
-2.63015283602817
-2.63015283602817
-2.63015283602817
-1.9079571998066416
-6.952924484693691
-9.796001790994815
-10.061590236984939
-10.11391608244077
-10.114609891902436
-10.118352616786312
-10.123324601444201
-10.13546104328272
-10.13546104328272
-10.13546104328272
-10.151888421276226
-10.151888421276226
-10.151888421276226
-10.151888421276226
-10.151888421276226
-10.151888421276226
-10.151888421276226
-10.151888421276226
-10.151888421276226
-1.4631884444956653
-5.070480517215461
-5.098931372810229
-5.099157649840582
-1.4354670754276095
-4.952794381416428
-5.0467255769135555
-5.050765834048175
-1.268116499804815
-9.385776529480564
-10.127417126048003
-10.141072682150373
-3.1968391061950676
-5.04361240103979
-5.045827550784218
-5.0535252641201
-1.090636983911104
-10.024146818199156
-10.143136116935153
-10.143136116935153
-2.22277900359021
-5.03868564220727
-5.098708380220828
-5.0989457892698375
-4.049480170387813
-10.071004210010548
-10.135814482270455
-10.14270383572812
-2.617421583560103
-5.061834733938704
-5.073859941785439
-5.090726768128408
-3.5525350000777802
-9.937111058766886
-10.127695094294257
-10.146094451348585
-3.7872038323530894
-10.057527805626203
-10.140186494761409
-10.142365456634131
-1.203328004918226
-2.416424247703316
-2.441069340426019
-2.441069340426019
-1.5751677145637188
-4.734868122387907
-5.019820962486408
-5.038473178782062
-1.7934542297936589
-2.5050932030291615
-2.6610015821287325
-2.6764219789756956
-1.765127865657024
-5.019857679951736
-5.048224174580036
-5.048224174580036
-1.1839396813696015
-3.755505273582226
-4.354301549740017
-4.354301549740017
-4.068204070027439
-9.434621030646737
-9.988627149395258
-10.110228416041581
-2.3928661732745864
-4.623758051370442
-4.623758051370442
-5.016689194091848
-1.9503610116338768
-6.216273613534107
-9.229232938887519
-9.617118699023786
-1.3501134804885768
-2.6276114088820752
-2.6537641700759003
-2.6730577539021385
-2.3692104806519048
-5.442406501824493
-9.424627252502358
-9.424627252502358
