[[[ 3.59719406e-10  1.55077848e-08  5.92553739e-09  4.88052359e-10
    9.27232770e-11  1.72088494e-10  2.00576862e-10  5.16880752e-11
    5.37171793e+00  2.02899261e-10]
  [ 3.00000000e+00  3.00000000e+01  3.00000000e+00  3.00000000e+00
    3.00000000e+00  3.00000000e+00  3.00000000e+00  3.00000000e+00
    3.00000000e+00  3.00000000e+00]
  [-2.76589733e+00 -1.04028142e+01 -5.12882280e+00 -2.76589733e+00
   -2.75193356e+00 -3.72430035e+00 -2.75193356e+00 -1.04028044e+01
   -3.72430035e+00 -2.75193356e+00]]

 [[ 2.93396063e-10  1.67476102e-10  1.60260392e-10  9.45946729e-02
    1.74881811e-10  1.00721623e+02  2.41939657e-10  2.56473007e-10
    6.29703322e-10  5.89776407e-10]
  [ 3.00000000e+00  3.00000000e+00  3.00000000e+00  3.00000000e+00
    3.00000000e+00  3.00000000e+00  3.00000000e+00  3.00000000e+00
    3.00000000e+00  3.00000000e+00]
  [-5.12882280e+00 -1.04028869e+01 -2.76589733e+00 -1.04028070e+01
   -5.08767182e+00 -5.12882280e+00 -3.72430035e+00 -5.08767182e+00
   -1.04028374e+01 -5.08767182e+00]]

 [[ 4.75905676e-10  1.18744596e-10  7.96943683e+01  5.02765373e-10
    5.16417897e-10  2.50263717e-10  3.23871957e-10  7.48111929e-11
    8.95978768e+00  2.09125596e-10]
  [ 3.00000000e+00  3.00000000e+00  3.00000000e+00  3.00000000e+00
    3.00000000e+00  3.00000000e+00  3.00000000e+00  3.00000000e+00
    3.00000000e+00  3.00000000e+01]
  [-2.76589733e+00 -2.76589733e+00 -5.12882280e+00 -2.76589733e+00
   -3.72430035e+00 -3.72430035e+00 -2.76589733e+00 -2.76589733e+00
   -2.76589733e+00 -2.76589733e+00]]

 [[ 1.09116920e-07  3.28828401e-07  7.99134114e-08  1.03983955e-07
    7.42631899e-08  1.36753246e-07  6.05669076e-08  4.70408150e-07
    2.54337184e-07  1.16979370e-07]
  [ 3.00000001e+00  3.00000025e+00  3.00000011e+00  3.00000055e+00
    3.00000010e+00  3.00000010e+00  3.00000041e+00  3.00000047e+00
    3.00000005e+00  3.00000000e+00]
  [-1.04028568e+01 -5.08767173e+00 -3.72430033e+00 -2.76589730e+00
   -3.72430016e+00 -2.75193340e+00 -5.12882245e+00 -1.04028065e+01
   -2.76589729e+00 -1.04028003e+01]]

 [[ 1.85671351e-07  9.80815041e-08  2.86276357e-07  1.27274944e-07
    1.43372781e-07  9.01560214e-08  1.95217074e-07  6.61503693e-08
    8.54500931e-08  2.75264858e-07]
  [ 3.00000117e+00  3.00000012e+00  3.00000003e+00  3.00000013e+00
    3.00000011e+00  3.00000017e+00  3.00000001e+00  3.00000006e+00
    3.00000017e+00  3.00000171e+00]
  [-2.76589723e+00 -2.75193346e+00 -2.76589731e+00 -5.12882267e+00
   -2.75193356e+00 -2.76589723e+00 -5.12882171e+00 -1.83759296e+00
   -1.04028766e+01 -2.75193353e+00]]

 [[ 6.80031847e-08  8.96914381e-08  1.24159956e-07  1.43965795e-07
    1.18715761e-07  1.23031614e-07  1.64787473e-07  1.02427059e-07
    1.42072500e-07  1.92237767e-07]
  [ 3.00000001e+00  3.00000004e+00  3.00000046e+00  3.00000008e+00
    3.00000029e+00  3.00000017e+00  3.00000062e+00  3.00000068e+00
    3.00000096e+00  3.00000019e+00]
  [-5.08767171e+00 -2.76589732e+00 -5.08767178e+00 -1.04028616e+01
   -1.04028282e+01 -2.75193355e+00 -5.12882268e+00 -1.04028710e+01
   -5.08767173e+00 -2.76589730e+00]]

 [[ 3.99451161e-07  1.92388830e-07  4.98592102e-07  7.55645889e-07
    3.42257260e-07  4.28904351e-07  4.24960582e-07  8.64720284e-07
    3.89503807e-07  1.25527679e-06]
  [ 3.00000162e+00  3.00000042e+00  3.00000038e+00  3.00000005e+00
    3.00000934e+00  3.00000436e+00  3.00000014e+00  3.00000213e+00
    3.00000074e+00  3.00000161e+00]
  [-5.08767150e+00 -2.76589709e+00 -1.83759295e+00 -1.04029135e+01
   -1.83759293e+00 -2.76589721e+00 -5.12882178e+00 -5.08767077e+00
   -1.04028253e+01 -1.83759295e+00]]

 [[ 7.78917497e-07  3.13473282e-07  3.00915406e-07  1.32315330e-06
    2.90430698e-07  4.37585630e-07  2.59243239e-07  4.06595427e-07
    7.19276866e-07  1.28812547e-07]
  [ 3.00000353e+00  3.00000083e+00  3.00000098e+00  3.00000256e+00
    3.00000103e+00  3.00000737e+00  3.00000134e+00  3.00000222e+00
    3.00000013e+00  3.00000223e+00]
  [-5.08767055e+00 -5.12882269e+00 -2.76589722e+00 -5.08767170e+00
   -3.72429948e+00 -3.72430018e+00 -2.75193347e+00 -3.72430010e+00
   -1.04028730e+01 -5.12882140e+00]]

 [[ 5.11271243e-07  4.93576730e-07  1.37133214e-06  8.20046044e-07
    1.42974584e-07  7.80312909e-07  5.07722018e-07  5.13071039e-07
    1.27277282e-07  5.46932998e-07]
  [ 3.00000039e+00  3.00000042e+00  3.00000155e+00  3.00000007e+00
    3.00000009e+00  3.00000135e+00  3.00000040e+00  3.00000037e+00
    3.00000011e+00  3.00000223e+00]
  [-3.72429984e+00 -2.75193329e+00 -1.83759276e+00 -2.75193348e+00
   -1.04028425e+01 -3.72430012e+00 -2.75193327e+00 -5.12881958e+00
   -5.08767143e+00 -2.76589731e+00]]

 [[ 3.33024331e-07  1.22509253e-06  6.87809501e-07  9.65199756e-07
    1.67670675e-06  1.14078058e-06  5.58102370e-07  9.64481355e-07
    7.90398749e-07  1.01580738e-06]
  [ 3.00000022e+00  3.00000760e+00  3.00000474e+00  3.00000174e+00
    3.00000087e+00  3.00001020e+00  3.00000005e+00  3.00000306e+00
    3.00000098e+00  3.00001025e+00]
  [-1.04028695e+01 -2.76589714e+00 -3.72429973e+00 -3.72429947e+00
   -2.75193341e+00 -3.72429923e+00 -5.12882145e+00 -2.76589711e+00
   -1.04028787e+01 -1.04028702e+01]]

 [[ 8.51200879e-07  2.18389512e-06  2.40154882e-06  2.19797334e-06
    1.27467934e-06  9.05747174e-07  5.32084176e-07  7.20079656e-07
    1.72048584e-06  2.15013611e-06]
  [ 3.00000004e+00  3.00001071e+00  3.00002222e+00  3.00000243e+00
    3.00000857e+00  3.00000012e+00  3.00000281e+00  3.00000414e+00
    3.00000197e+00  3.00000978e+00]
  [-1.04028157e+01 -2.76589674e+00 -3.72429963e+00 -2.75193118e+00
   -1.04029072e+01 -1.83759082e+00 -2.76589651e+00 -5.08766929e+00
   -2.76589712e+00 -3.72429937e+00]]

 [[ 1.30295802e-06  6.32880786e-07  2.45987795e-07  1.97302611e-06
    2.18837624e-06  8.80041290e-07  1.49905183e-06  9.16820848e-07
    1.41468101e-06  1.44905986e-06]
  [ 3.00000515e+00  3.00000671e+00  3.00001341e+00  3.00000330e+00
    3.00000081e+00  3.00000142e+00  3.00000065e+00  3.00000173e+00
    3.00000066e+00  3.00001395e+00]
  [-5.08767145e+00 -5.12882251e+00 -2.76589702e+00 -5.12881911e+00
   -1.04028088e+01 -5.08766638e+00 -1.04028087e+01 -3.72429907e+00
   -5.08767143e+00 -1.04028140e+01]]

 [[ 4.91749977e-06  5.55503145e-06  6.33727255e-06  2.56006954e-06
    8.07444242e-06  6.24279731e-06  5.84725831e-06  1.43313768e-06
    8.30588309e-06  8.94157426e-06]
  [ 3.00000295e+00  3.00001183e+00  3.00019166e+00  3.00000941e+00
    3.00001724e+00  3.00001070e+00  3.00001002e+00  3.00001489e+00
    3.00000207e+00  3.00000023e+00]
  [-5.12882109e+00 -5.08766781e+00 -3.72429917e+00 -2.75193256e+00
   -5.08766331e+00 -1.04028470e+01 -5.08766332e+00 -1.04028094e+01
   -2.76589406e+00 -2.76589428e+00]]

 [[ 6.49559287e-06  6.37960184e-06  2.12879074e-06  3.68293149e-06
    3.70739108e-06  2.24689566e-05  5.32349202e-06  1.43185773e-05
    3.23555365e-06  1.37541975e-05]
  [ 3.00001379e+00  3.00000874e+00  3.00003099e+00  3.00000379e+00
    3.00001090e+00  3.00001307e+00  3.00002252e+00  3.00000098e+00
    3.00000637e+00  3.00000485e+00]
  [-2.76589654e+00 -3.72429538e+00 -2.76589473e+00 -2.75193108e+00
   -3.72429718e+00 -3.72429670e+00 -5.12876448e+00 -1.04028008e+01
   -1.83759274e+00 -1.83759265e+00]]

 [[ 5.18158415e-06  3.68769111e-06  3.38447360e-06  8.95404865e-06
    1.76168346e-06  3.44448616e-06  1.46927800e-05  3.04047653e-06
    2.33368806e-06  4.27452862e-06]
  [ 3.00001254e+00  3.00000635e+00  3.00002462e+00  3.00000247e+00
    3.00000316e+00  3.00006071e+00  3.00004265e+00  3.00004840e+00
    3.00003591e+00  3.00001801e+00]
  [-5.08767029e+00 -3.72429132e+00 -3.72429917e+00 -2.76589708e+00
   -1.04028504e+01 -1.04028899e+01 -1.83759277e+00 -2.76589661e+00
   -5.08766188e+00 -1.04028864e+01]]

 [[ 1.19567525e-05  9.32092274e-05  1.92430941e-05  3.22141117e-05
    5.80220277e-05  2.54964061e-05  8.90360148e-05  9.63849257e-06
    6.01436361e-05  8.08460041e-05]
  [ 3.00000418e+00  3.00005726e+00  3.00006262e+00  3.11572097e+00
    3.00014542e+00  3.00010565e+00  3.00007261e+00  3.00006610e+00
    3.00066096e+00  3.00009297e+00]
  [-3.72428001e+00 -1.83758749e+00 -5.08761545e+00 -2.76570047e+00
   -1.04023238e+01 -5.08765675e+00 -2.76589008e+00 -1.04028042e+01
   -3.72423865e+00 -5.08765204e+00]]

 [[ 1.92565095e-05  3.05087815e-05  8.85899443e-05  3.56825665e-05
    5.66918302e-05  9.36458059e-05  2.59161111e-05  1.39809947e-05
    1.90119046e-05  1.97319262e-05]
  [ 3.00015029e+00  3.00018513e+00  3.00068354e+00  3.00032401e+00
    3.00025564e+00  3.00009432e+00  3.00004525e+00  3.00026394e+00
    3.00002123e+00  3.00027324e+00]
  [-1.83759282e+00 -1.04029015e+01 -2.76580948e+00 -2.76589621e+00
   -5.12881422e+00 -2.75191054e+00 -3.72429157e+00 -5.08760376e+00
   -2.75193044e+00 -5.12875443e+00]]

 [[ 5.16249045e-05  1.34947674e-05  2.28657504e-05  3.67051129e-05
    6.05306051e-05  3.87712174e-05  2.99492025e-05  3.62723646e-05
    4.67307819e-05  6.04893729e-05]
  [ 3.00030518e+00  3.00002083e+00  3.00013165e+00  3.00000104e+00
    3.00038947e+00  3.00002831e+00  3.00054880e+00  3.00003744e+00
    3.00015037e+00  3.00006238e+00]
  [-2.76589498e+00 -2.76588814e+00 -2.76588923e+00 -2.76589710e+00
   -3.72428773e+00 -1.04028789e+01 -2.75193137e+00 -2.76589128e+00
   -5.12879025e+00 -1.04027627e+01]]

 [[ 2.08793959e-10  5.57772720e-10  1.98992301e-09  9.87527399e-10
    2.26853648e-10  2.88693355e-10  2.10890265e-10  1.05003347e-09
    2.74703394e-10  3.29457436e-10]
  [ 3.00000000e+00  3.00000000e+00  3.00000000e+00  3.00000000e+00
    3.00000000e+00  3.00000000e+00  3.00000000e+00  3.00000000e+00
    3.00000000e+00  3.00000000e+00]
  [-1.04028270e+01 -1.04028253e+01 -1.04028770e+01 -3.72430035e+00
   -5.12882280e+00 -1.04029059e+01 -2.75193356e+00 -3.72430035e+00
   -1.04029174e+01 -1.04028480e+01]]

 [[ 3.01156544e-10  2.26281302e-10  3.52599225e-10  3.82141658e-10
    1.48685115e-10  5.44762911e-10  5.99846360e-10  1.19131768e-10
    2.54364294e-10  2.71671045e-08]
  [ 3.00000000e+00  3.00000000e+00  3.00000000e+00  3.00000000e+00
    3.00000000e+00  3.00000000e+00  3.00000000e+00  3.00000000e+00
    3.00000000e+00  3.00000000e+00]
  [-3.72430035e+00 -5.12882280e+00 -2.75193356e+00 -1.04028012e+01
   -5.12882280e+00 -3.72430035e+00 -3.72430035e+00 -2.76589733e+00
   -1.04028045e+01 -5.12882280e+00]]

 [[ 1.20965928e-10  1.23794266e-09  1.91221851e-10  3.29532851e-10
    4.21801825e-10  1.38766459e-10  3.88610429e-09  1.51586862e-09
    2.01707888e-10  2.68087004e-10]
  [ 3.00000000e+00  3.00000000e+00  3.00000000e+00  3.00000000e+00
    3.00000000e+00  3.00000000e+00  3.00000000e+00  3.00000000e+00
    3.00000000e+00  3.00000000e+00]
  [-2.76589733e+00 -2.76589733e+00 -2.75193356e+00 -1.04028795e+01
   -1.04028265e+01 -2.76589733e+00 -3.72430035e+00 -3.72430035e+00
   -2.76589733e+00 -1.04028880e+01]]

 [[ 1.47181077e-07  1.63063035e-07  8.21714211e-08  1.11053016e-07
    1.90098345e-07  1.72352404e-07  5.89961077e-08  2.64705078e-08
    6.20444186e-08  1.27921544e-07]
  [ 3.00000007e+00  3.00000039e+00  3.00000061e+00  3.00000026e+00
    3.00000009e+00  3.00000145e+00  3.00000017e+00  3.00000017e+00
    3.00000035e+00  3.00000004e+00]
  [-3.72430032e+00 -2.75193332e+00 -5.08767171e+00 -2.75193355e+00
   -3.72430030e+00 -1.04028930e+01 -3.72430033e+00 -1.04028683e+01
   -1.04028268e+01 -1.04028699e+01]]

 [[ 2.80027953e-07  2.75803093e-07  1.87813297e-07  5.05698064e-08
    1.97006178e-07  1.83065320e-07  1.11028410e-07  1.68405520e-07
    1.52129298e-07  2.11856405e-07]
  [ 3.00000078e+00  3.00000003e+00  3.00000047e+00  3.00000029e+00
    3.00000004e+00  3.00000016e+00  3.00000190e+00  3.00000020e+00
    3.00000021e+00  3.00000000e+00]
  [-5.12882256e+00 -3.72430033e+00 -2.75193353e+00 -3.72430033e+00
   -5.08767179e+00 -2.75193352e+00 -1.04028008e+01 -1.04028147e+01
   -3.72430029e+00 -2.75193356e+00]]

 [[ 2.04590338e-07  6.91565451e-08  9.42000969e-08  8.58766591e-08
    7.01108673e-08  5.64932946e-08  4.17105260e-08  7.18204272e-08
    1.57755087e-08  2.88048778e-07]
  [ 3.00000016e+00  3.00000024e+00  3.00000006e+00  3.00000045e+00
    3.00000019e+00  3.00000061e+00  3.00000134e+00  3.00000067e+00
    3.00000016e+00  3.00000141e+00]
  [-2.76589727e+00 -3.72430032e+00 -3.72430028e+00 -5.08767155e+00
   -2.76589729e+00 -1.04028243e+01 -3.72430031e+00 -1.04028142e+01
   -1.04028427e+01 -3.72430031e+00]]

 [[ 6.54758765e-07  5.10098509e-07  2.81247166e-07  4.13596266e-08
    2.32581414e-07  1.13730923e-06  5.89516020e-07  4.20089259e-07
    3.96075145e-07  1.83621585e-07]
  [ 3.00000014e+00  3.00000139e+00  3.00000083e+00  3.00000008e+00
    3.00000474e+00  3.00000061e+00  3.00000062e+00  3.00000118e+00
    3.00000041e+00  3.00000342e+00]
  [-1.04028294e+01 -3.72429966e+00 -5.08767035e+00 -5.12882275e+00
   -1.04028532e+01 -2.75193330e+00 -3.72429964e+00 -5.12882120e+00
   -1.04028362e+01 -1.83759273e+00]]

 [[ 7.39965077e-07  6.49910442e-07  1.09013765e-06  1.58953987e-06
    1.89873612e-07  6.50637052e-07  7.50968980e-07  2.69530780e-07
    5.35050887e-07  2.04287403e-07]
  [ 3.00000108e+00  3.00000075e+00  3.00000827e+00  3.00000021e+00
    3.00000374e+00  3.00000156e+00  3.00000075e+00  3.00000024e+00
    3.00000024e+00  3.00000030e+00]
  [-1.83759295e+00 -2.76589731e+00 -1.83759284e+00 -1.04028149e+01
   -5.12882165e+00 -2.76589723e+00 -2.76589679e+00 -1.04028890e+01
   -3.72429922e+00 -2.75193334e+00]]

 [[ 2.56248335e-07  9.78338695e-07  7.55398338e-07  2.96319955e-07
    5.56541669e-07  4.08207722e-07  8.79913469e-07  5.85299281e-07
    3.88292901e-07  2.98749593e-07]
  [ 3.00000564e+00  3.00000011e+00  3.00000908e+00  3.00000124e+00
    3.00000421e+00  3.00000154e+00  3.00000291e+00  3.00000063e+00
    3.00000005e+00  3.00000038e+00]
  [-5.08767116e+00 -1.83759292e+00 -1.04028497e+01 -1.04028810e+01
   -5.08767151e+00 -1.04028091e+01 -3.72430026e+00 -5.12882244e+00
   -1.04028146e+01 -1.04028338e+01]]

 [[ 1.38549850e-06  8.85436030e-07  2.70667162e-06  1.33200888e-06
    1.44464166e-06  1.58177582e-06  1.41459744e-06  1.01671788e-06
    1.38136289e-06  1.19931846e-06]
  [ 3.00000288e+00  3.00000730e+00  3.00000004e+00  3.00000083e+00
    3.00000093e+00  3.00000812e+00  3.00001432e+00  3.00000240e+00
    3.00000084e+00  3.00000772e+00]
  [-1.04028744e+01 -3.72429980e+00 -5.08766837e+00 -3.72429965e+00
   -2.75193243e+00 -3.72429906e+00 -1.83759286e+00 -3.72430017e+00
   -1.04028880e+01 -2.76589593e+00]]

 [[ 1.26034292e-06  3.00435104e-06  6.99784921e-07  1.79374171e-06
    1.14261910e-06  1.56859398e-06  4.98838577e-07  1.89501523e-06
    5.11951778e-07  2.08141710e-06]
  [ 3.00000149e+00  3.00000145e+00  3.00000513e+00  3.00000051e+00
    3.00000251e+00  3.00000339e+00  3.00001100e+00  3.00001938e+00
    3.00000221e+00  3.00000512e+00]
  [-2.76589712e+00 -1.04028014e+01 -1.04028640e+01 -2.75193318e+00
   -3.72429906e+00 -1.04028715e+01 -5.08767067e+00 -2.75193288e+00
   -2.76589525e+00 -2.76589627e+00]]

 [[ 3.79887327e-06  8.94667046e-07  9.65357147e-07  5.87805897e-07
    2.81907232e-06  1.00258498e-06  8.25457247e-07  4.00301046e-06
    1.48681058e-06  3.01719905e-06]
  [ 3.00000592e+00  3.00000089e+00  3.00000294e+00  3.00000006e+00
    3.00000205e+00  3.00000014e+00  3.00000043e+00  3.00000777e+00
    3.00000086e+00  3.00000089e+00]
  [-1.04028383e+01 -1.83759265e+00 -1.83759280e+00 -3.72429790e+00
   -2.75193297e+00 -2.75193324e+00 -1.04028211e+01 -2.75193303e+00
   -3.72430030e+00 -1.04029210e+01]]

 [[ 6.00424150e-06  6.25319385e-06  2.66781641e-06  9.40321782e-06
    5.99481991e-06  5.18180935e-06  4.94126738e-06  6.93808084e-06
    5.32484856e-06  8.87205498e-07]
  [ 3.00007654e+00  3.00000358e+00  3.00000639e+00  3.00002758e+00
    3.00000082e+00  3.00000911e+00  3.00002899e+00  3.00000561e+00
    3.00007828e+00  3.00000090e+00]
  [-2.76589311e+00 -5.08766010e+00 -5.12881954e+00 -1.04028254e+01
   -2.76589512e+00 -5.12880566e+00 -2.75193266e+00 -3.72429635e+00
   -2.75193312e+00 -5.12879607e+00]]

 [[ 9.92916496e-06  1.04884018e-05  3.10376079e-06  1.79838078e-06
    3.68849891e-06  1.07704286e-05  5.20951356e-06  4.15613636e-06
    4.81787992e-06  1.32058233e-06]
  [ 3.00000164e+00  3.00003569e+00  3.00016002e+00  3.00000478e+00
    3.00001188e+00  3.00002827e+00  3.00005777e+00  3.00000517e+00
    3.00000126e+00  3.00082721e+00]
  [-1.04028122e+01 -5.08766581e+00 -2.75189616e+00 -1.04028871e+01
   -5.08764462e+00 -1.04028291e+01 -3.72429866e+00 -3.72429872e+00
   -2.75193238e+00 -2.76589237e+00]]

 [[ 1.41194649e-05  3.76661094e-06  7.45711215e-06  3.37007949e-05
    1.28554046e-05  2.50649518e-06  2.30778449e-06  3.88748419e-06
    2.56834397e-06  6.08567303e-06]
  [ 3.00000048e+00  3.00000333e+00  3.00004627e+00  3.00008158e+00
    3.00000066e+00  3.00021032e+00  3.00001938e+00  3.00000043e+00
    3.00001173e+00  3.00000784e+00]
  [-1.04028577e+01 -5.08765421e+00 -1.83759285e+00 -1.04028924e+01
   -3.72429556e+00 -3.72429068e+00 -2.75193208e+00 -5.08765816e+00
   -5.12882036e+00 -2.75193039e+00]]

 [[ 1.90185827e-05  1.28223643e-04  3.08897225e-05  3.46041383e-05
    9.55844608e-05  1.51358227e-05  6.44377156e-05  7.35185804e-05
    6.42044414e-05  4.28432811e-05]
  [ 3.00016273e+00  3.00008832e+00  3.00005677e+00  3.00015800e+00
    3.00045952e+00  3.00001027e+00  3.00006262e+00  3.00009775e+00
    3.00019308e+00  3.00001405e+00]
  [-1.04027456e+01 -1.04028729e+01 -1.04026904e+01 -1.04027045e+01
   -3.72428744e+00 -5.12875461e+00 -5.12869475e+00 -5.12881997e+00
   -2.76586819e+00 -1.04028845e+01]]

 [[ 4.96151760e-05  8.01470746e-05  3.46933173e-05  4.18461074e-05
    3.59079978e-05  3.32316089e-05  2.00578305e-05  7.51513938e-05
    6.46746516e-05  1.60472709e-04]
  [ 3.00007636e+00  3.00001183e+00  3.00014237e+00  3.00014729e+00
    3.00000037e+00  3.00020085e+00  3.00005252e+00  3.00048387e+00
    3.00004576e+00  3.00008519e+00]
  [-3.72428626e+00 -2.76580879e+00 -2.75193284e+00 -5.12877654e+00
   -5.08751795e+00 -1.04028481e+01 -5.08764587e+00 -5.08765372e+00
   -2.75192612e+00 -2.75191360e+00]]

 [[ 2.72223495e-05  1.44322066e-05  1.41382912e-04  3.78230068e-05
    2.08959020e-04  5.76079930e-05  3.91209560e-05  3.85270245e-05
    7.32226955e-05  2.85834756e-06]
  [ 3.00014859e+00  3.00002798e+00  3.00001445e+00  3.00003586e+00
    3.00004615e+00  3.00015159e+00  3.00004559e+00  3.00010566e+00
    3.00000867e+00  3.00006140e+00]
  [-2.76588899e+00 -1.04028011e+01 -1.04026970e+01 -5.08763967e+00
   -3.72428213e+00 -2.76589032e+00 -2.75189377e+00 -5.08765965e+00
   -2.76587423e+00 -2.75192402e+00]]

 [[ 9.98884766e-11  1.84561540e-10  2.87365854e-11  9.51678332e-11
    1.07731578e-10  2.40008000e-11  1.29059518e-10  7.94498265e-11
    6.84179857e-11  1.02740419e-10]
  [ 3.00000000e+00  3.00000000e+00  3.00000000e+00  3.00000000e+00
    3.00000000e+00  3.00000000e+00  3.00000000e+00  3.00000000e+00
    3.00000000e+00  3.00000000e+00]
  [-2.75193356e+00 -3.72430035e+00 -3.72430035e+00 -5.08767182e+00
   -2.76589733e+00 -2.75193356e+00 -2.75193356e+00 -5.08767183e+00
   -5.08767182e+00 -1.04028847e+01]]

 [[ 8.47398873e-11  7.59223558e-11  6.83457902e-11  1.44999508e-10
    3.58971369e-11  8.55296810e-11  1.39604141e-10  3.41840026e-11
    3.73882451e-11  8.82875063e-11]
  [ 3.00000000e+00  3.00000000e+00  3.00000000e+01  3.00000000e+00
    3.00000000e+00  3.00000000e+00  3.00000000e+01  3.00000000e+00
    3.00000000e+00  3.00000000e+00]
  [-1.04028550e+01 -2.75193356e+00 -2.75193356e+00 -2.75193356e+00
   -3.72430035e+00 -1.04028166e+01 -5.12882280e+00 -1.04028037e+01
   -2.75193356e+00 -2.76589733e+00]]

 [[ 1.94311248e-10  1.32058605e-10  1.55492576e-10  2.39916497e-11
    2.30103290e-10  1.29658291e-10  6.77389125e-11  1.54539705e-10
    5.79415520e-11  2.14721169e-10]
  [ 3.00000000e+00  3.00000000e+00  3.00000000e+00  3.00000000e+00
    3.00000000e+00  3.00000000e+00  3.00000000e+01  3.00000000e+00
    3.00000000e+00  3.00000000e+00]
  [-1.04028192e+01 -1.04028766e+01 -2.76589733e+00 -2.76589733e+00
   -1.04028291e+01 -1.04028463e+01 -2.75193356e+00 -5.08767183e+00
   -5.12882280e+00 -2.75193356e+00]]

 [[ 7.34553305e-08  7.26732380e-08  3.43570583e-08  2.09440879e-08
    8.04534792e-08  1.93528800e-08  1.49011493e-08  1.12905103e-08
    1.19249479e-07  4.84138055e-08]
  [ 3.00000004e+00  3.00000007e+00  3.00000040e+00  3.00000000e+00
    3.00000044e+00  3.00000003e+00  3.00000040e+00  3.00000022e+00
    3.00000002e+00  3.00000003e+00]
  [-2.76589730e+00 -5.08767181e+00 -1.04028432e+01 -1.04029115e+01
   -2.76589732e+00 -1.04028672e+01 -1.04028078e+01 -1.83759296e+00
   -3.72430034e+00 -3.72430034e+00]]

 [[ 5.19495904e-08  6.74122535e-08  6.85973805e-08  2.46705904e-08
    3.56337466e-08  3.62528785e-08  5.82028188e-08  1.33124850e-08
    4.95953603e-08  3.35637367e-08]
  [ 3.00000017e+00  3.00000000e+00  3.00000002e+00  3.00000011e+00
    3.00000034e+00  3.00000000e+00  3.00000001e+00  3.00000011e+00
    3.00000003e+00  3.00000001e+00]
  [-5.12882273e+00 -3.72430032e+00 -3.72430031e+00 -2.76589729e+00
   -2.76589730e+00 -1.04028088e+01 -1.04028326e+01 -1.83759297e+00
   -1.04028432e+01 -2.76589731e+00]]

 [[ 4.12877709e-08  4.18131495e-08  3.68129730e-08  1.10833780e-07
    3.10997533e-08  2.21864032e-08  4.45141261e-08  2.23474736e-08
    1.62384482e-08  1.02439800e-07]
  [ 3.00000007e+00  3.00000020e+00  3.00000016e+00  3.00000025e+00
    3.00000002e+00  3.00000038e+00  3.00000073e+00  3.00000009e+00
    3.00000002e+00  3.00000001e+00]
  [-5.12882279e+00 -2.75193355e+00 -1.04028441e+01 -2.75193356e+00
   -1.04028175e+01 -5.12882269e+00 -1.04028995e+01 -2.76589730e+00
   -2.75193356e+00 -2.76589729e+00]]

 [[ 3.67993458e-07  1.21769686e-07  2.52480437e-07  1.75544359e-07
    1.88758732e-07  5.99815929e-08  8.82949465e-08  3.79590860e-07
    2.80730198e-07  2.29167892e-07]
  [ 3.00000047e+00  3.00000067e+00  3.00000098e+00  3.00000044e+00
    3.00000091e+00  3.00000003e+00  3.00000008e+00  3.00000066e+00
    3.00000042e+00  3.00000012e+00]
  [-1.04028189e+01 -5.08767058e+00 -1.04028219e+01 -1.04028273e+01
   -3.72430011e+00 -1.04028124e+01 -3.72430031e+00 -1.83759296e+00
   -5.12882272e+00 -1.04028342e+01]]

 [[ 2.94578160e-07  2.84385826e-07  1.49319780e-07  1.27733709e-07
    1.80857546e-07  1.47958181e-07  1.14003441e-07  1.87469869e-07
    1.29873118e-07  7.76755116e-08]
  [ 3.00000013e+00  3.00000023e+00  3.00000018e+00  3.00000021e+00
    3.00000113e+00  3.00000042e+00  3.00000004e+00  3.00000082e+00
    3.00000014e+00  3.00000005e+00]
  [-2.76589730e+00 -5.12882231e+00 -1.04028063e+01 -1.04028003e+01
   -1.04029010e+01 -1.04029211e+01 -3.72430032e+00 -1.04028686e+01
   -1.04028361e+01 -5.12882259e+00]]

 [[ 2.49936561e-07  2.51635707e-07  1.74526222e-07  7.39214360e-07
    9.13390974e-08  2.01406941e-07  2.67119155e-07  4.85848222e-08
    3.04417741e-07  3.09729109e-07]
  [ 3.00000007e+00  3.00000032e+00  3.00000086e+00  3.00000009e+00
    3.00000002e+00  3.00000098e+00  3.00000010e+00  3.00000007e+00
    3.00000003e+00  3.00000071e+00]
  [-5.12882218e+00 -1.04028754e+01 -2.75193344e+00 -3.72430021e+00
   -2.76589728e+00 -2.76589726e+00 -2.75193354e+00 -2.75193296e+00
   -3.72430031e+00 -1.04028424e+01]]

 [[ 3.03963355e-07  2.02381695e-07  7.74170982e-07  7.08059842e-07
    1.00479476e-06  5.29928298e-07  3.58803295e-07  3.83485351e-07
    2.89483803e-07  3.78470343e-07]
  [ 3.00000113e+00  3.00000022e+00  3.00000188e+00  3.00000183e+00
    3.00000018e+00  3.00000088e+00  3.00000269e+00  3.00000040e+00
    3.00000003e+00  3.00000087e+00]
  [-1.83759293e+00 -1.83759287e+00 -1.04029100e+01 -3.72429999e+00
   -1.04028224e+01 -5.12882273e+00 -3.72430024e+00 -1.04029041e+01
   -5.08767052e+00 -3.72430030e+00]]

 [[ 3.63262070e-07  7.06398309e-07  5.07778146e-07  1.40494223e-06
    9.54173021e-07  3.22473506e-07  5.24025514e-07  1.91369194e-06
    3.35795968e-07  6.97107296e-08]
  [ 3.00000093e+00  3.00000083e+00  3.00000168e+00  3.00000032e+00
    3.00000030e+00  3.00000061e+00  3.00000139e+00  3.00000185e+00
    3.00000115e+00  3.00000077e+00]
  [-5.08767171e+00 -1.04029105e+01 -5.12882279e+00 -2.76589727e+00
   -3.72430007e+00 -1.04028156e+01 -3.72429988e+00 -5.08766859e+00
   -1.83759281e+00 -1.83759295e+00]]

 [[ 1.28876292e-06  3.35457036e-07  1.37106251e-06  6.94413465e-08
    1.26470892e-07  7.65924411e-07  1.70609889e-07  7.82927157e-07
    1.09467538e-06  1.30829519e-07]
  [ 3.00000109e+00  3.00000052e+00  3.00000602e+00  3.00000001e+00
    3.00000003e+00  3.00000248e+00  3.00000058e+00  3.00000264e+00
    3.00000096e+00  3.00000008e+00]
  [-1.04029236e+01 -2.75193356e+00 -5.12882177e+00 -1.04028076e+01
   -1.04029098e+01 -2.75193332e+00 -3.72430009e+00 -2.75193300e+00
   -3.72430032e+00 -2.76589721e+00]]

 [[ 2.91091624e-06  1.44980326e-06  1.01176244e-06  1.63566581e-06
    3.77885173e-06  2.09614689e-06  4.27267265e-06  3.24057192e-06
    4.03522415e-06  4.00520965e-06]
  [ 3.00000071e+00  3.00000397e+00  3.00002580e+00  3.00000193e+00
    3.00002506e+00  3.00000301e+00  3.00000154e+00  3.00000718e+00
    3.00000040e+00  3.00000769e+00]
  [-3.72429999e+00 -1.04029199e+01 -5.12880673e+00 -5.12881422e+00
   -1.04028694e+01 -5.08766526e+00 -1.04028801e+01 -1.04028321e+01
   -5.12882109e+00 -1.04028283e+01]]

 [[ 3.49620754e-06  5.34457983e-06  4.56184039e-06  7.77486950e-07
    3.19715798e-06  1.72704659e-06  3.67788850e-06  6.33744795e-07
    2.20511273e-06  4.19118001e-06]
  [ 3.00000675e+00  3.00000642e+00  3.00002244e+00  3.00000026e+00
    3.00000086e+00  3.00000736e+00  3.00000346e+00  3.00000154e+00
    3.00000056e+00  3.00000263e+00]
  [-2.76589187e+00 -2.76589430e+00 -1.04028066e+01 -2.76589682e+00
   -3.72429984e+00 -2.76589675e+00 -3.72429449e+00 -1.04028128e+01
   -1.04028470e+01 -5.08767096e+00]]

 [[ 1.31169579e-06  1.66125856e-06  1.72796554e-06  2.79138613e-06
    2.00708627e-06  8.07416068e-07  9.50590914e-07  2.40548578e-06
    1.67442005e-06  1.41837688e-06]
  [ 3.00000030e+00  3.00000012e+00  3.00000046e+00  3.00000847e+00
    3.00001646e+00  3.00000198e+00  3.00001763e+00  3.00000479e+00
    3.00000169e+00  3.00000941e+00]
  [-2.76589709e+00 -2.75193330e+00 -3.72429682e+00 -5.12882260e+00
   -1.04028019e+01 -1.83759280e+00 -1.04028843e+01 -1.04029241e+01
   -2.76589494e+00 -2.76589701e+00]]

 [[ 1.35551396e-05  2.75479741e-05  1.23010376e-05  1.45873891e-05
    6.20158344e-06  1.97282374e-05  1.11648602e-05  4.58714680e-06
    1.28505417e-05  7.03172993e-06]
  [ 3.00005107e+00  3.00010597e+00  3.00052883e+00  3.00000298e+00
    3.00002325e+00  3.00006599e+00  3.00004426e+00  3.00000178e+00
    3.00001847e+00  3.00000039e+00]
  [-5.08766928e+00 -1.04028597e+01 -1.04028023e+01 -2.76588541e+00
   -1.04028362e+01 -1.83758742e+00 -3.72429835e+00 -3.72419358e+00
   -2.75192536e+00 -1.04028729e+01]]

 [[ 4.33047933e-06  3.90750413e-05  1.91609383e-05  2.81948760e-06
    1.69802030e-05  8.98974878e-06  4.80813519e-06  2.06532983e-05
    2.73110345e-05  6.20162147e-06]
  [ 3.00000351e+00  3.00006084e+00  3.00005877e+00  3.00027439e+01
    3.00026790e+00  3.00000707e+00  3.00000262e+00  3.00000233e+00
    3.00013945e+00  3.00002496e+00]
  [-5.12881943e+00 -1.83759042e+00 -2.76586644e+00 -1.83759192e+00
   -3.72429153e+00 -3.72428436e+00 -3.72429645e+00 -2.76588228e+00
   -2.75193185e+00 -5.12881582e+00]]

 [[ 1.60633986e-05  8.07274947e-06  8.16192622e-06  2.23306528e-05
    1.23471566e-05  1.33538665e-05  1.87993056e-05  9.15165964e-06
    2.42793174e-05  1.31692989e-05]
  [ 3.00019693e+00  3.00000330e+00  3.00001529e+00  3.00000365e+00
    3.00002294e+00  3.00003416e+00  3.00000617e+00  3.00000513e+00
    3.00001283e+00  3.00002744e+00]
  [-1.83759237e+00 -3.72429599e+00 -2.76589556e+00 -1.04028059e+01
   -3.72428562e+00 -1.04028748e+01 -5.12882122e+00 -5.12882207e+00
   -1.04028052e+01 -3.72429799e+00]]

 [[ 1.24402188e-10  2.87352715e-10  1.38213375e-10  1.34621696e-10
    2.43843808e-11  1.42110606e-10  8.47611487e-11  1.17843482e-10
    8.77171844e-11  5.14120130e-11]
  [ 3.00000000e+00  3.00000000e+00  3.00000000e+00  3.00000000e+00
    3.00000000e+00  3.00000000e+00  3.00000000e+00  3.00000000e+01
    3.00000000e+00  3.00000000e+00]
  [-1.04028480e+01 -5.08767182e+00 -1.04029133e+01 -1.83759297e+00
   -5.08767182e+00 -3.72430035e+00 -3.72430035e+00 -1.04028017e+01
   -2.76589733e+00 -3.72430035e+00]]

 [[ 2.22661422e-10  1.35049688e-10  4.69231484e-11  2.09024100e-10
    9.77242763e-11  4.19020007e-11  6.94987444e-11  3.18177735e-11
    5.46833970e-11  9.58097710e-11]
  [ 3.00000000e+00  3.00000000e+00  3.00000000e+00  3.00000000e+00
    3.00000000e+00  3.00000000e+00  3.00000000e+00  3.00000000e+00
    3.00000000e+00  3.00000000e+01]
  [-1.83759297e+00 -3.72430035e+00 -5.12882280e+00 -2.76589733e+00
   -1.04028463e+01 -2.75193356e+00 -3.72430035e+00 -3.72430035e+00
   -3.72430035e+00 -1.04028713e+01]]

 [[ 6.34124062e-11  4.79792827e-11  7.57801243e-11  1.13300504e-10
    6.08915993e-11  1.21406510e-10  1.80508731e-10  2.47765466e-10
    5.88484366e-11  1.95935508e-10]
  [ 3.00000000e+00  3.00000000e+00  3.00000000e+00  3.00000000e+00
    3.00000000e+00  3.00000000e+00  3.00000000e+00  3.00000000e+00
    3.00000000e+00  3.00000000e+00]
  [-2.75193356e+00 -2.76589733e+00 -3.72430035e+00 -5.08767183e+00
   -2.76589733e+00 -3.72430035e+00 -5.12882280e+00 -5.12882280e+00
   -3.72430035e+00 -1.04028153e+01]]

 [[ 3.50885325e-08  2.51746797e-08  1.14388972e-08  2.11530927e-08
    3.80658233e-08  1.99355078e-08  8.64244783e-08  9.66608108e-09
    2.29993829e-08  3.65946804e-08]
  [ 3.00000035e+00  3.00000000e+00  3.00000004e+00  3.00000033e+00
    3.00000006e+00  3.00000013e+00  3.00000003e+00  3.00000051e+00
    3.00000004e+00  3.00000029e+00]
  [-2.75193355e+00 -3.72430032e+00 -1.83759295e+00 -3.72430031e+00
   -2.76589732e+00 -3.72430033e+00 -2.76589732e+00 -1.83759297e+00
   -2.76589732e+00 -5.12882275e+00]]

 [[ 1.05817335e-07  7.83579757e-08  6.84425677e-08  1.94616581e-08
    5.59677730e-08  2.40773249e-08  1.44948662e-08  7.51689153e-08
    2.09841344e-08  5.58818233e-08]
  [ 3.00000010e+00  3.00000007e+00  3.00000005e+00  3.00000001e+00
    3.00000061e+00  3.00000002e+00  3.00000004e+00  3.00000015e+00
    3.00000009e+00  3.00000006e+00]
  [-2.76589733e+00 -1.04028679e+01 -2.76589732e+00 -2.75193356e+00
   -5.08767159e+00 -3.72430032e+00 -3.72430034e+00 -3.72430031e+00
   -3.72430034e+00 -2.76589732e+00]]

 [[ 9.55013824e-08  8.98991817e-08  1.38840183e-07  1.52279014e-08
    3.61900975e-08  4.70929264e-08  1.98771413e-08  1.40599120e-08
    2.14151061e-08  1.04454214e-08]
  [ 3.00000014e+00  3.00000007e+00  3.00000001e+00  3.00000054e+00
    3.00000018e+00  3.00000000e+00  3.00000006e+00  3.00000004e+00
    3.00000020e+00  3.00000009e+00]
  [-3.72430033e+00 -1.83759297e+00 -3.72430033e+00 -1.04028320e+01
   -1.83759297e+00 -1.04028567e+01 -1.04028632e+01 -1.04028896e+01
   -5.08767174e+00 -3.72430032e+00]]

 [[ 4.92191553e-07  1.55540294e-07  1.22144908e-07  2.22411704e-07
    4.06460298e-07  4.28588533e-08  1.23824769e-07  1.41691832e-07
    4.67906580e-07  1.16126697e-07]
  [ 3.00000312e+00  3.00000290e+00  3.00000302e+00  3.00000069e+00
    3.00000015e+00  3.00000010e+00  3.00000043e+00  3.00000033e+00
    3.00000038e+00  3.00000064e+00]
  [-3.72430025e+00 -3.72430024e+00 -5.12882178e+00 -2.75193344e+00
   -5.08767176e+00 -2.76589721e+00 -3.72430031e+00 -3.72429987e+00
   -2.75193319e+00 -2.75193336e+00]]

 [[ 4.31073437e-07  3.22614297e-07  1.32840877e-07  3.51458765e-07
    2.27298805e-08  1.72556421e-07  3.37764367e-07  2.44266950e-07
    2.71028393e-07  3.81286924e-07]
  [ 3.00000005e+00  3.00000004e+00  3.00000001e+00  3.00000005e+00
    3.00000075e+00  3.00000072e+00  3.00000003e+00  3.00000042e+00
    3.00000124e+00  3.00000057e+00]
  [-2.76589726e+00 -3.72430022e+00 -3.72430033e+00 -3.72430031e+00
   -1.04029083e+01 -1.83759297e+00 -1.04028057e+01 -5.08767109e+00
   -5.08767172e+00 -3.72429977e+00]]

 [[ 2.61953483e-07  2.65902433e-07  2.30261154e-07  6.16580778e-07
    1.54799383e-07  1.67693729e-07  3.65037252e-07  5.65445303e-08
    2.93787863e-07  9.50907968e-08]
  [ 3.00000044e+00  3.00000162e+00  3.00000177e+00  3.00000014e+00
    3.00000001e+00  3.00000097e+00  3.00000129e+00  3.00000046e+00
    3.00000125e+00  3.00000037e+00]
  [-2.76589718e+00 -1.04028084e+01 -1.04028071e+01 -2.76589726e+00
   -5.08767163e+00 -3.72430000e+00 -1.04028403e+01 -1.83759293e+00
   -1.04029197e+01 -5.12882265e+00]]

 [[ 7.76437073e-07  4.99200301e-07  8.32822491e-07  7.87068800e-07
    1.57947468e-07  3.51168988e-07  1.66980606e-07  4.57336848e-07
    1.40528819e-07  9.00354158e-07]
  [ 3.00000563e+00  3.00000291e+00  3.00000001e+00  3.00000165e+00
    3.00000068e+00  3.00000052e+00  3.00000002e+00  3.00000242e+00
    3.00000011e+00  3.00000081e+00]
  [-3.72430004e+00 -2.75193353e+00 -3.72430029e+00 -5.08766854e+00
   -3.72430021e+00 -5.12881986e+00 -1.04029000e+01 -1.04028416e+01
   -1.04028167e+01 -2.76589666e+00]]

 [[ 4.07777217e-07  1.12294346e-06  4.31055608e-07  4.38091216e-07
    7.64420247e-07  1.75913162e-07  2.99423588e-07  8.42972761e-07
    1.23702657e-07  1.34009698e-06]
  [ 3.00000271e+00  3.00000128e+00  3.00000065e+00  3.00000027e+00
    3.00000712e+00  3.00000028e+00  3.00000280e+00  3.00000042e+00
    3.00000057e+00  3.00000093e+00]
  [-1.83759296e+00 -1.04028389e+01 -5.12882265e+00 -1.04028400e+01
   -2.75193315e+00 -3.72429980e+00 -1.04029003e+01 -3.72429988e+00
   -2.76589694e+00 -2.75193330e+00]]

 [[ 3.79935868e-07  7.04373208e-07  7.65806413e-07  5.74379199e-07
    1.18141776e-07  6.00812281e-07  5.07274827e-07  5.43829802e-07
    8.01008496e-07  2.15193569e-07]
  [ 3.00000021e+00  3.00000140e+00  3.00000092e+00  3.00000904e+00
    3.00000085e+00  3.00000236e+00  3.00000001e+00  3.00000001e+00
    3.00000378e+00  3.00000035e+00]
  [-1.04028493e+01 -5.12882231e+00 -3.72430022e+00 -5.12882075e+00
   -1.04028602e+01 -5.12882077e+00 -5.08767121e+00 -1.04028823e+01
   -5.08767085e+00 -3.72430030e+00]]

 [[ 6.55458839e-06  4.00509386e-06  2.67368943e-06  1.13687346e-06
    1.82786641e-06  3.79789891e-06  2.59916983e-06  9.09465702e-07
    2.92451532e-06  2.86016479e-06]
  [ 3.00000326e+00  3.00001012e+00  3.00001172e+00  3.00000122e+00
    3.00001708e+00  3.00000889e+00  3.00001924e+00  3.00000797e+00
    3.00000200e+00  3.00000444e+00]
  [-2.76589595e+00 -2.75193289e+00 -3.72429870e+00 -2.75193212e+00
   -2.75193344e+00 -5.08766875e+00 -2.75193186e+00 -5.12882140e+00
   -1.83759289e+00 -5.12882185e+00]]

 [[ 1.53336702e-06  2.18878637e-06  2.59317272e-06  1.91148480e-06
    6.14356491e-06  3.24690197e-06  1.27970034e-06  2.73197433e-06
    1.29024315e-06  4.88049329e-06]
  [ 3.00000224e+00  3.00000168e+00  3.00000002e+00  3.00000706e+00
    3.00000088e+00  3.00000034e+00  3.00000049e+00  3.00001048e+00
    3.00001143e+00  3.00000037e+00]
  [-3.72429367e+00 -3.72429862e+00 -5.12881569e+00 -1.04028481e+01
   -2.75193331e+00 -3.72429992e+00 -1.04028324e+01 -3.72429905e+00
   -1.04029063e+01 -1.04028977e+01]]

 [[ 4.60753275e-06  1.03656364e-05  3.02295425e-06  1.51457287e-06
    3.55037073e-06  5.31112382e-06  2.50388532e-06  2.28914566e-06
    2.03013917e-06  1.31867765e-06]
  [ 3.00000011e+00  3.00001071e+00  3.00001184e+00  3.00000101e+00
    3.00000776e+00  3.00000380e+00  3.00000076e+00  3.00000100e+00
    3.00000040e+00  3.00000090e+00]
  [-1.04028735e+01 -5.08766837e+00 -2.76589574e+00 -1.04028069e+01
   -2.76589728e+00 -1.04028321e+01 -2.76589557e+00 -5.08767143e+00
   -2.76589703e+00 -3.72429876e+00]]

 [[ 9.86718840e-06  1.33451742e-05  1.12455210e-05  5.53302578e-06
    4.53010419e-06  9.34341320e-06  1.03730671e-05  1.48035720e-05
    7.68813011e-06  1.19166226e-05]
  [ 3.00000875e+00  3.00000526e+00  3.00056523e+00  3.00001102e+00
    3.00001316e+00  3.00001057e+00  3.00000709e+00  3.00001753e+00
    3.00000958e+00  3.00002002e+00]
  [-1.04028229e+01 -1.04028402e+01 -1.04028613e+01 -3.72429352e+00
   -2.75192183e+00 -1.04029089e+01 -1.83759118e+00 -2.76589435e+00
   -1.04028189e+01 -1.04027193e+01]]

 [[ 2.01834561e-05  2.18610435e-05  3.90320741e-05  3.99104959e-05
    9.31953021e-06  4.29352865e-06  7.60163944e-06  9.04435867e-06
    3.24544845e-05  7.61721524e-06]
  [ 3.00000795e+00  3.00000870e+00  3.00000915e+00  3.00015875e+00
    3.00000156e+00  3.00008462e+00  3.00002462e+00  3.00033733e+00
    3.00005315e+00  3.00000165e+00]
  [-3.72429956e+00 -2.75193163e+00 -2.75192934e+00 -1.04028279e+01
   -2.75191999e+00 -3.72429391e+00 -1.83759267e+00 -1.83759028e+00
   -2.76589559e+00 -2.76588534e+00]]

 [[ 1.53119381e-05  1.35513855e-05  7.93474091e-06  2.32996969e-05
    1.32402143e-05  1.92216897e-05  2.32136815e-05  2.12829013e-05
    1.29872903e-05  1.36773382e-05]
  [ 3.00002928e+00  3.00001362e+00  3.00003687e+00  3.00004068e+00
    3.00010788e+00  3.00003596e+00  3.00003914e+00  3.00000205e+00
    3.00003477e+00  3.00000070e+00]
  [-5.12876475e+00 -2.76589501e+00 -5.08759495e+00 -5.12881042e+00
   -2.75192024e+00 -3.72429160e+00 -3.72427884e+00 -1.04028799e+01
   -5.08766244e+00 -5.08763796e+00]]

 [[ 3.04798434e-11  2.11662860e-10  1.31317837e-10  1.82924597e-10
    1.60739437e-10  4.23333401e-11  3.43523149e-11  1.36509256e-11
    5.15729468e-11  1.00452591e-10]
  [ 3.00000000e+00  3.00000000e+00  3.00000000e+00  3.00000000e+01
    3.00000000e+00  3.00000000e+00  3.00000000e+00  3.00000000e+00
    3.00000000e+00  3.00000000e+00]
  [-1.04028778e+01 -2.75193356e+00 -1.04028525e+01 -1.04028318e+01
   -2.75193356e+00 -1.04028049e+01 -2.76589733e+00 -1.04029183e+01
   -3.72430035e+00 -1.83759297e+00]]

 [[ 1.61857475e-10  8.99873025e-11  5.13773676e-11  1.35617706e-10
    7.69991753e-11  1.19478311e-10  1.55534045e-10  1.45498219e-10
    5.52342585e-10  6.63237566e-11]
  [ 3.00000000e+01  3.00000000e+00  3.00000000e+00  3.00000000e+01
    3.00000000e+00  3.00000000e+00  3.00000000e+00  3.00000000e+00
    3.00000000e+00  3.00000000e+00]
  [-2.75193356e+00 -1.04028917e+01 -2.76589733e+00 -3.72430035e+00
   -5.08767182e+00 -2.76589733e+00 -1.04028670e+01 -1.04028607e+01
   -2.75193356e+00 -3.72430035e+00]]

 [[ 5.50511539e-11  3.01014445e-11  9.78132562e-11  7.14199079e-11
    7.00409764e-11  1.12768691e-10  3.14305600e-11  4.94803009e-11
    8.86116726e-11  1.34195318e-10]
  [ 3.00000000e+00  3.00000000e+00  3.00000000e+01  3.00000000e+00
    3.00000000e+00  3.00000000e+00  3.00000000e+00  3.00000000e+00
    3.00000000e+00  3.00000000e+00]
  [-2.76589733e+00 -2.75193356e+00 -3.72430035e+00 -1.04028863e+01
   -3.72430035e+00 -1.04028725e+01 -5.12882280e+00 -1.04028589e+01
   -3.72430035e+00 -1.04028334e+01]]

 [[ 2.77830402e-08  9.77565447e-08  6.51874985e-08  3.73830525e-08
    1.68885389e-08  1.19956928e-08  5.27500752e-08  4.86545768e-08
    3.16368973e-08  3.78181251e-08]
  [ 3.00000014e+00  3.00000010e+00  3.00000017e+00  3.00000026e+00
    3.00000001e+00  3.00000001e+00  3.00000001e+00  3.00000002e+00
    3.00000011e+00  3.00000065e+00]
  [-1.04028017e+01 -5.08767180e+00 -1.83759297e+00 -5.08767177e+00
   -2.75193353e+00 -2.75193355e+00 -2.75193356e+00 -3.72430033e+00
   -5.12882274e+00 -5.08767178e+00]]

 [[ 2.69162687e-08  3.26670634e-08  8.44857828e-09  1.06345238e-08
    2.30644810e-08  3.27438614e-08  3.56915273e-08  2.10114373e-08
    1.00960606e-08  2.81178962e-08]
  [ 3.00000028e+00  3.00000017e+00  3.00000011e+00  3.00000005e+00
    3.00000020e+00  3.00000001e+00  3.00000001e+00  3.00000000e+00
    3.00000010e+00  3.00000012e+00]
  [-1.04028117e+01 -2.75193356e+00 -1.83759296e+00 -1.04028488e+01
   -2.76589732e+00 -2.76589731e+00 -1.04028082e+01 -1.04028266e+01
   -2.76589730e+00 -1.83759297e+00]]

 [[ 1.96177779e-08  6.87776254e-08  2.00313227e-08  7.51499389e-08
    4.00211048e-08  3.46464859e-08  2.86908901e-08  1.73611220e-08
    6.17325975e-09  5.52062431e-08]
  [ 3.00000002e+00  3.00000004e+00  3.00000036e+00  3.00000017e+00
    3.00000036e+00  3.00000063e+00  3.00000046e+00  3.00000017e+00
    3.00000000e+00  3.00000002e+00]
  [-2.76589728e+00 -3.72430026e+00 -3.72430027e+00 -3.72430034e+00
   -2.76589730e+00 -5.08767180e+00 -5.12882265e+00 -5.08767180e+00
   -2.75193354e+00 -1.04028310e+01]]

 [[ 2.81938448e-07  1.73597782e-07  1.21894977e-07  1.47441923e-07
    2.57996911e-07  3.36435161e-08  6.70263397e-08  1.46223019e-07
    1.10517755e-07  1.20024477e-07]
  [ 3.00000008e+00  3.00000041e+00  3.00000011e+00  3.00000236e+00
    3.00000163e+00  3.00000002e+00  3.00000019e+00  3.00000045e+00
    3.00000027e+00  3.00000213e+00]
  [-1.04028122e+01 -2.75193349e+00 -3.72430031e+00 -2.76589722e+00
   -1.04029303e+01 -1.04028866e+01 -3.72430021e+00 -3.72430029e+00
   -3.72430012e+00 -1.83759296e+00]]

 [[ 1.18139570e-07  2.09950266e-07  1.36185076e-07  9.59546693e-08
    1.17340417e-07  4.98162828e-08  2.90621749e-07  4.53285868e-08
    3.75037431e-07  1.96148428e-07]
  [ 3.00000011e+00  3.00000007e+00  3.00000014e+00  3.00000082e+00
    3.00000017e+00  3.00000066e+00  3.00000009e+00  3.00000059e+00
    3.00000002e+00  3.00000017e+00]
  [-3.72430009e+00 -1.04028902e+01 -1.04028336e+01 -1.04028519e+01
   -1.04028087e+01 -1.83759296e+00 -1.04028303e+01 -2.76589731e+00
   -5.08767171e+00 -2.76589731e+00]]

 [[ 1.53111280e-07  1.48790949e-07  9.92875743e-08  1.74206775e-07
    1.83331759e-07  6.43211676e-08  7.32893985e-08  2.70018736e-08
    6.85490946e-08  9.78826435e-08]
  [ 3.00000023e+00  3.00000071e+00  3.00000014e+00  3.00000021e+00
    3.00000139e+00  3.00000014e+00  3.00000009e+00  3.00000000e+00
    3.00000045e+00  3.00000051e+00]
  [-2.75193352e+00 -3.72430023e+00 -2.76589729e+00 -3.72429956e+00
   -3.72430033e+00 -5.08767138e+00 -3.72430015e+00 -1.04028209e+01
   -2.75193333e+00 -5.12882198e+00]]

 [[ 4.06740756e-07  1.29185254e-07  1.37815398e-06  4.78280364e-07
    2.36854023e-07  1.09879481e-06  1.58471644e-07  1.26246353e-07
    5.25914766e-07  5.40000051e-07]
  [ 3.00000767e+00  3.00000467e+00  3.00000039e+00  3.00000181e+00
    3.00000130e+00  3.00000104e+00  3.00000155e+00  3.00000852e+00
    3.00000058e+00  3.00000016e+00]
  [-3.72430006e+00 -3.72430015e+00 -2.75193351e+00 -2.76589730e+00
   -5.12882225e+00 -3.72429999e+00 -3.72430025e+00 -1.04028310e+01
   -5.12882259e+00 -2.75193335e+00]]

 [[ 5.25680392e-08  1.32474961e-06  2.38624293e-07  1.41892856e-07
    6.37573362e-07  3.41938474e-07  6.12906784e-07  5.42641043e-07
    6.67789839e-07  2.24209546e-07]
  [ 3.00000037e+00  3.00000015e+00  3.00000008e+00  3.00000027e+00
    3.00000102e+00  3.00000030e+00  3.00000087e+00  3.00000404e+00
    3.00000352e+00  3.00000124e+00]
  [-2.76589716e+00 -1.83759293e+00 -1.04028357e+01 -3.72430034e+00
   -2.75193310e+00 -5.12882250e+00 -3.72429978e+00 -3.72430023e+00
   -2.76589721e+00 -5.12882265e+00]]

 [[ 3.76647401e-07  1.75464922e-07  4.60347882e-07  4.96680209e-07
    4.99916780e-07  3.63799525e-07  1.78863917e-07  4.86006275e-07
    1.06823410e-06  4.72610687e-07]
  [ 3.00000047e+00  3.00000058e+00  3.00000132e+00  3.00000077e+00
    3.00000010e+00  3.00000326e+00  3.00000079e+00  3.00000305e+00
    3.00000026e+00  3.00000289e+00]
  [-1.04028689e+01 -1.04028646e+01 -1.04028337e+01 -2.76589710e+00
   -3.72430010e+00 -1.04028989e+01 -3.72430023e+00 -3.72430026e+00
   -2.75193340e+00 -2.76589721e+00]]

 [[ 6.95185745e-07  4.00079585e-06  4.19664663e-07  1.97458440e-06
    7.95061411e-06  1.66538455e-06  2.63127211e-06  3.28084428e-06
    3.37594743e-06  2.11130613e-06]
  [ 3.00001277e+00  3.00000043e+00  3.00003664e+00  3.00000351e+00
    3.00000236e+00  3.00000090e+00  3.00000736e+00  3.00000770e+00
    3.00000281e+00  3.00001160e+00]
  [-5.08767172e+00 -1.83759252e+00 -5.12882222e+00 -1.83759233e+00
   -2.75193330e+00 -1.04028955e+01 -3.72429931e+00 -1.83759283e+00
   -5.08767136e+00 -2.75193344e+00]]

 [[ 1.11987237e-06  5.64232270e-06  1.13469512e-06  2.13727814e-06
    6.73663822e-07  3.21803701e-06  2.13824444e-06  1.14977544e-06
    2.17942280e-06  1.29534796e-06]
  [ 3.00001413e+00  3.00001422e+00  3.00000059e+00  3.00001104e+00
    3.00000590e+00  3.00001935e+00  3.00000033e+00  3.00000054e+00
    3.00000176e+00  3.00001522e+00]
  [-2.75193262e+00 -5.08767054e+00 -2.76589651e+00 -3.72429992e+00
   -1.83759244e+00 -3.72429708e+00 -1.04028714e+01 -5.12882120e+00
   -5.12881981e+00 -1.83759280e+00]]

 [[ 6.49293039e-07  4.65372846e-07  6.45873878e-07  1.06291247e-06
    1.98472476e-06  6.07128021e-07  5.15271005e-06  7.60344605e-06
    2.07617831e-06  9.00035396e-07]
  [ 3.00000120e+00  3.00000442e+00  3.00001088e+00  3.00000669e+00
    3.00000087e+00  3.00000045e+00  3.00000207e+00  3.00000001e+00
    3.00000529e+00  3.00005680e+00]
  [-5.12882166e+00 -2.75193338e+00 -3.72429983e+00 -1.04028921e+01
   -2.76589651e+00 -2.75193295e+00 -5.12881834e+00 -5.12882264e+00
   -2.76589404e+00 -1.04028942e+01]]

 [[ 1.92236031e-05  2.40651462e-05  5.52773385e-06  2.97424345e-05
    9.83288055e-06  8.97588677e-05  6.69220602e-06  1.34324705e-05
    3.35583580e-06  4.82212588e-06]
  [ 3.00010493e+00  3.00003320e+00  3.00000588e+00  3.00001953e+00
    3.00001404e+00  3.00000243e+00  3.00003107e+00  3.00011305e+00
    3.00004223e+00  3.00000307e+00]
  [-1.04028121e+01 -2.76589486e+00 -5.12878962e+00 -2.75193292e+00
   -2.76588764e+00 -2.76588931e+00 -1.04027989e+01 -1.04026414e+01
   -3.72429899e+00 -5.08765152e+00]]

 [[ 3.03603729e-05  1.96237641e-05  6.59617348e-06  5.20070772e-06
    9.78416066e-06  1.59470287e-05  9.51533466e-06  2.09911921e-05
    2.25664538e-05  2.75786282e-05]
  [ 3.00015505e+00  3.00000079e+00  3.00000198e+00  3.00000911e+00
    3.00008408e+00  3.00012446e+00  3.00000110e+00  3.00000155e+00
    3.00001942e+00  3.00000786e+00]
  [-5.08764659e+00 -1.04028956e+01 -2.76588843e+00 -5.08766516e+00
   -1.04028327e+01 -1.04028975e+01 -2.76589448e+00 -5.12881525e+00
   -1.04028202e+01 -2.75193119e+00]]

 [[ 1.26135570e-05  1.95535310e-05  1.24010939e-05  2.96136347e-05
    1.81271572e-05  1.23641977e-05  1.22299832e-05  1.08042552e-05
    1.64188042e-05  4.53809982e-06]
  [ 3.00018909e+00  3.00000348e+00  3.00000242e+00  3.00002737e+00
    3.00001334e+00  3.00002316e+00  3.00000796e+00  3.00000332e+00
    3.00007744e+00  3.00000070e+00]
  [-3.72429464e+00 -1.83758682e+00 -1.04028894e+01 -5.12881769e+00
   -1.04028903e+01 -2.76589508e+00 -1.04027677e+01 -1.04027375e+01
   -3.72429611e+00 -5.12880713e+00]]

 [[ 2.84705739e-11  4.86364984e-11  9.35539507e-11  1.26468517e-10
    2.20026306e-10  2.62099313e-11  7.00662562e-11  2.99600885e-10
    8.77522076e-11  4.36908307e-11]
  [ 3.00000000e+00  3.00000000e+00  3.00000000e+00  3.00000000e+00
    3.00000000e+00  3.00000000e+00  3.00000000e+00  3.00000000e+00
    3.00000000e+00  3.00000000e+00]
  [-1.04028041e+01 -1.04029239e+01 -1.04028114e+01 -1.83759297e+00
   -2.76589733e+00 -1.04028647e+01 -2.75193356e+00 -1.83759297e+00
   -5.08767183e+00 -3.72430035e+00]]

 [[ 4.24105257e-11  5.56492069e-11  1.60771049e-10  7.49006082e-11
    1.12356819e-10  3.93282067e-11  2.94290384e-11  3.78805434e-11
    2.04122683e-11  1.31418527e-10]
  [ 3.00000000e+00  3.00000000e+00  3.00000000e+00  3.00000000e+00
    3.00000000e+00  3.00000000e+00  3.00000000e+00  3.00000000e+00
    3.00000000e+00  3.00000000e+00]
  [-2.76589733e+00 -2.75193356e+00 -2.76589733e+00 -2.76589733e+00
   -2.76589733e+00 -3.72430035e+00 -3.72430035e+00 -1.04028655e+01
   -1.04029056e+01 -2.76589733e+00]]

 [[ 1.02703379e-10  5.35590673e-11  2.08152457e-11  3.54098825e-11
    1.05382258e-10  1.36565624e-10  7.57835747e-11  6.83373017e-11
    8.17795923e-11  1.09144639e-10]
  [ 3.00000000e+00  3.00000000e+00  3.00000000e+00  3.00000000e+00
    3.00000000e+00  3.00000000e+00  3.00000000e+00  3.00000000e+00
    3.00000000e+00  3.00000000e+00]
  [-1.04028792e+01 -1.83759297e+00 -2.75193356e+00 -3.72430035e+00
   -3.72430035e+00 -1.04028187e+01 -5.08767183e+00 -5.12882280e+00
   -1.83759297e+00 -3.72430035e+00]]

 [[ 1.97012202e-08  5.22782451e-08  3.07852081e-08  5.90559331e-08
    7.65140730e-08  7.94592335e-09  4.61030575e-08  2.03236904e-08
    1.63209174e-08  4.04577548e-08]
  [ 3.00000003e+00  3.00000042e+00  3.00000009e+00  3.00000018e+00
    3.00000015e+00  3.00000005e+00  3.00000003e+00  3.00000003e+00
    3.00000001e+00  3.00000004e+00]
  [-1.04028729e+01 -1.04028730e+01 -1.04028196e+01 -5.08767182e+00
   -5.12882261e+00 -1.04028081e+01 -5.12882258e+00 -1.04028047e+01
   -3.72430034e+00 -1.04029353e+01]]

 [[ 2.27976269e-08  3.67417712e-08  3.43753437e-08  3.30288590e-08
    9.82321231e-09  1.79379301e-08  2.21946606e-08  3.22487718e-08
    5.53336159e-08  2.28125182e-08]
  [ 3.00000008e+00  3.00000000e+00  3.00000014e+00  3.00000001e+00
    3.00000067e+00  3.00000003e+00  3.00000004e+00  3.00000016e+00
    3.00000002e+00  3.00000001e+00]
  [-2.76589732e+00 -2.76589730e+00 -2.76589732e+00 -2.75193356e+00
   -2.75193356e+00 -2.75193355e+00 -1.04028889e+01 -1.04028572e+01
   -1.04028999e+01 -5.12882276e+00]]

 [[ 2.64398211e-08  1.01028465e-07  4.45255881e-08  2.80577815e-08
    6.39364204e-08  3.80079831e-08  2.79681214e-08  4.97151357e-08
    2.38793070e-08  2.20906948e-08]
  [ 3.00000009e+00  3.00000023e+00  3.00000001e+00  3.00000013e+00
    3.00000000e+00  3.00000000e+00  3.00000000e+00  3.00000020e+00
    3.00000005e+00  3.00000002e+00]
  [-1.83759297e+00 -1.04028501e+01 -3.72430033e+00 -5.12882279e+00
   -2.75193353e+00 -5.12882278e+00 -5.08767175e+00 -5.12882276e+00
   -1.04028171e+01 -1.04029127e+01]]

 [[ 1.03694818e-07  3.51647500e-07  9.66448173e-08  2.20428423e-07
    8.84066114e-08  2.94872925e-08  4.15575187e-07  2.47362925e-07
    1.22774552e-07  7.92605454e-08]
  [ 3.00000001e+00  3.00000002e+00  3.00000048e+00  3.00000004e+00
    3.00000012e+00  3.00000007e+00  3.00000007e+00  3.00000023e+00
    3.00000001e+00  3.00000025e+00]
  [-2.75193348e+00 -1.04028130e+01 -3.72430033e+00 -5.12882278e+00
   -2.75193351e+00 -1.04029107e+01 -1.04028336e+01 -5.12882276e+00
   -1.83759288e+00 -3.72430030e+00]]

 [[ 1.94087299e-07  7.66320063e-08  5.07383207e-07  2.84665576e-07
    9.10865974e-08  8.35663168e-08  1.09302409e-07  8.61072701e-08
    4.51346872e-08  2.17992495e-07]
  [ 3.00000009e+00  3.00000019e+00  3.00000009e+00  3.00000007e+00
    3.00000022e+00  3.00000029e+00  3.00000049e+00  3.00000056e+00
    3.00000057e+00  3.00000016e+00]
  [-1.04028471e+01 -2.76589721e+00 -1.04028847e+01 -1.83759292e+00
   -1.04028164e+01 -5.12882222e+00 -5.08767166e+00 -2.76589731e+00
   -2.76589719e+00 -1.83759296e+00]]

 [[ 2.57060217e-07  9.28617120e-08  9.86327600e-08  1.51495827e-07
    1.25723607e-07  1.59553728e-07  1.88899380e-07  3.66402260e-07
    1.51047869e-07  2.11895798e-07]
  [ 3.00000028e+00  3.00000087e+00  3.00000007e+00  3.00000002e+00
    3.00000007e+00  3.00000058e+00  3.00000101e+00  3.00000047e+00
    3.00000325e+00  3.00000119e+00]
  [-1.04029024e+01 -1.83759292e+00 -2.76589706e+00 -2.76589716e+00
   -5.12882260e+00 -5.12882272e+00 -1.04028921e+01 -1.04028348e+01
   -2.75193355e+00 -2.76589709e+00]]

 [[ 1.61124638e-07  7.94759078e-07  6.28117465e-07  3.06198253e-07
    3.87787866e-07  1.32146674e-06  4.40680649e-07  6.52225997e-07
    1.68850417e-07  2.14994686e-07]
  [ 3.00000138e+00  3.00000119e+00  3.00000079e+00  3.00000008e+00
    3.00000366e+00  3.00000049e+00  3.00000038e+00  3.00000072e+00
    3.00000030e+00  3.00000060e+00]
  [-1.04028312e+01 -1.04028323e+01 -5.12881784e+00 -1.04028679e+01
   -1.83759295e+00 -3.72430003e+00 -5.08767171e+00 -1.83759292e+00
   -2.76589728e+00 -3.72430017e+00]]]