[[[8.08e-07 1.90e-07 5.35e-07 5.14e-07 6.83e-07 2.71e-07 9.79e-08
   6.27e-07 2.98e-07 2.15e-07]
  [3.00e+00 3.00e+00 3.00e+00 3.00e+00 3.00e+00 3.00e+00 3.00e+00
   3.00e+00 3.00e+00 3.00e+00]
  [-1.04e+01 -1.04e+01 -5.13e+00 -1.04e+01 -1.04e+01 -1.04e+01 -2.77e+00
   -3.72e+00 -1.84e+00 -2.75e+00]]

 [[5.37e-07 3.97e-08 1.13e-07 4.68e-07 1.38e-07 3.97e-07 1.45e-06
   5.79e-07 3.69e-07 3.89e-07]
  [3.00e+00 3.00e+00 3.00e+00 3.00e+00 3.00e+00 3.00e+00 3.00e+00
   3.00e+00 3.00e+00 3.00e+00]
  [-3.72e+00 -5.09e+00 -5.09e+00 -2.77e+00 -1.04e+01 -1.04e+01 -1.04e+01
   -2.75e+00 -1.04e+01 -1.04e+01]]

 [[1.21e-06 2.56e-06 1.70e-06 1.99e-06 1.75e-06 9.92e-07 3.39e-06
   2.99e-06 8.22e-07 1.06e-06]
  [3.00e+00 3.00e+00 3.00e+00 3.00e+00 3.00e+00 3.00e+00 3.00e+00
   3.00e+00 3.00e+00 3.00e+00]
  [-2.77e+00 -1.04e+01 -1.04e+01 -3.72e+00 -2.75e+00 -3.72e+00 -2.77e+00
   -2.75e+00 -1.84e+00 -2.77e+00]]

 [[8.15e-07 8.90e-07 1.20e-06 9.52e-07 1.48e-06 1.31e-06 2.78e-06
   3.22e-06 2.43e-06 3.62e-06]
  [3.00e+00 3.00e+00 3.00e+00 3.00e+00 3.00e+00 3.00e+00 3.00e+00
   3.00e+00 3.00e+00 3.00e+00]
  [-2.75e+00 -3.72e+00 -3.72e+00 -5.13e+00 -1.04e+01 -2.77e+00 -2.77e+00
   -2.77e+00 -2.75e+00 -1.84e+00]]

 [[5.76e-06 5.88e-06 3.95e-06 2.27e-06 2.13e-06 1.07e-06 3.10e-06
   1.48e-06 1.03e-06 5.04e-06]
  [3.00e+00 3.00e+00 3.00e+00 3.00e+00 3.00e+00 3.00e+00 3.00e+00
   3.00e+00 3.00e+00 3.00e+00]
  [-5.09e+00 -2.75e+00 -2.77e+00 -1.04e+01 -5.09e+00 -1.04e+01 -1.04e+01
   -2.75e+00 -1.04e+01 -1.04e+01]]

 [[7.88e-06 1.14e-05 6.52e-06 1.41e-05 3.58e-06 1.25e-05 9.20e-06
   1.97e-05 2.07e-05 1.22e-05]
  [3.00e+00 3.00e+00 3.00e+00 3.00e+00 3.00e+00 3.00e+00 3.00e+00
   3.00e+00 3.00e+00 3.00e+00]
  [-2.77e+00 -2.77e+00 -1.04e+01 -1.04e+01 -5.09e+00 -1.04e+01 -1.04e+01
   -5.09e+00 -3.72e+00 -1.04e+01]]

 [[9.75e-06 1.27e-05 3.94e-05 1.71e-05 2.24e-05 1.85e-05 1.50e-06
   1.12e-05 6.57e-06 6.83e-06]
  [3.00e+00 3.00e+00 3.00e+00 3.00e+00 3.00e+00 3.00e+00 3.00e+00
   3.00e+00 3.00e+00 3.00e+00]
  [-2.75e+00 -3.72e+00 -1.04e+01 -2.75e+00 -5.13e+00 -1.04e+01 -3.72e+00
   -5.09e+00 -1.04e+01 -2.77e+00]]

 [[5.48e-06 1.13e-05 8.93e-06 9.86e-06 8.73e-06 2.22e-05 7.95e-06
   2.94e-05 8.18e-06 7.07e-06]
  [3.00e+00 3.00e+00 3.00e+00 3.00e+00 3.00e+00 3.00e+00 3.00e+00
   3.00e+00 3.00e+00 3.00e+00]
  [-1.04e+01 -5.09e+00 -5.09e+00 -1.04e+01 -5.09e+00 -5.09e+00 -2.77e+00
   -1.04e+01 -3.72e+00 -3.72e+00]]

 [[1.90e-11 1.15e-11 1.00e-11 1.11e-11 5.73e-12 3.81e-11 1.02e-11
   8.82e-12 2.26e-11 2.36e-11]
  [3.00e+00 3.00e+00 3.00e+00 3.00e+00 3.00e+00 3.00e+00 3.00e+00
   3.00e+00 3.00e+00 3.00e+00]
  [-2.77e+00 -1.84e+00 -2.77e+00 -2.77e+00 -1.04e+01 -2.77e+00 -2.75e+00
   -2.77e+00 -3.72e+00 -1.04e+01]]

 [[4.96e-11 1.19e-11 1.18e-11 5.94e-12 3.02e-11 1.58e-11 5.33e-11
   1.68e-11 1.29e-11 3.66e-11]
  [3.00e+00 3.00e+00 3.00e+00 3.00e+00 3.00e+01 3.00e+00 3.00e+00
   3.00e+00 3.00e+00 3.00e+01]
  [-2.75e+00 -1.04e+01 -3.72e+00 -1.04e+01 -5.09e+00 -1.04e+01 -1.04e+01
   -1.04e+01 -1.04e+01 -5.09e+00]]

 [[2.23e-11 4.65e-12 1.44e-11 4.53e-12 4.76e-11 2.06e-11 2.56e-11
   1.16e-11 1.28e-11 1.24e-11]
  [3.00e+00 3.00e+00 3.00e+00 3.00e+00 3.00e+00 3.00e+00 3.00e+00
   3.00e+00 3.00e+00 3.00e+00]
  [-2.75e+00 -1.04e+01 -1.04e+01 -1.04e+01 -2.75e+00 -1.04e+01 -5.13e+00
   -2.75e+00 -1.84e+00 -1.04e+01]]

 [[7.59e-09 9.48e-09 6.00e-09 5.89e-09 5.35e-09 9.13e-09 1.89e-08
   5.88e-09 1.34e-08 2.10e-09]
  [3.00e+00 3.00e+00 3.00e+00 3.00e+00 3.00e+00 3.00e+00 3.00e+00
   3.00e+00 3.00e+00 3.00e+00]
  [-5.09e+00 -3.72e+00 -1.84e+00 -5.09e+00 -2.77e+00 -5.13e+00 -2.75e+00
   -2.75e+00 -5.09e+00 -2.77e+00]]

 [[1.55e-08 2.87e-09 3.80e-09 5.16e-09 1.49e-08 3.79e-09 9.63e-09
   1.16e-08 8.57e-09 5.78e-09]
  [3.00e+00 3.00e+00 3.00e+00 3.00e+00 3.00e+00 3.00e+00 3.00e+00
   3.00e+00 3.00e+00 3.00e+00]
  [-5.09e+00 -2.75e+00 -3.72e+00 -1.04e+01 -1.04e+01 -5.09e+00 -2.77e+00
   -3.72e+00 -2.75e+00 -1.04e+01]]

 [[2.46e-08 1.02e-08 1.75e-08 4.92e-09 9.65e-09 1.01e-08 7.15e-09
   1.95e-08 1.77e-08 7.88e-09]
  [3.00e+00 3.00e+00 3.00e+00 3.00e+00 3.00e+00 3.00e+00 3.00e+00
   3.00e+00 3.00e+00 3.00e+00]
  [-1.04e+01 -2.75e+00 -1.84e+00 -1.04e+01 -2.77e+00 -1.04e+01 -2.77e+00
   -1.04e+01 -1.84e+00 -2.75e+00]]

 [[9.33e-08 7.30e-08 6.08e-08 8.80e-08 4.49e-08 1.05e-08 1.90e-08
   7.53e-08 1.21e-07 6.38e-08]
  [3.00e+00 3.00e+00 3.00e+00 3.00e+00 3.00e+00 3.00e+00 3.00e+00
   3.00e+00 3.00e+00 3.00e+00]
  [-1.04e+01 -2.77e+00 -1.04e+01 -2.77e+00 -2.77e+00 -1.04e+01 -1.04e+01
   -2.77e+00 -5.13e+00 -2.77e+00]]

 [[2.99e-08 4.53e-08 3.97e-08 1.18e-07 1.61e-08 2.33e-08 4.54e-08
   5.57e-08 8.38e-09 7.17e-08]
  [3.00e+00 3.00e+00 3.00e+00 3.00e+00 3.00e+00 3.00e+00 3.00e+00
   3.00e+00 3.00e+00 3.00e+00]
  [-1.04e+01 -5.13e+00 -1.04e+01 -2.77e+00 -3.72e+00 -3.72e+00 -1.04e+01
   -2.75e+00 -2.77e+00 -1.04e+01]]

 [[1.30e-07 5.72e-08 3.94e-08 7.23e-08 6.05e-08 1.29e-07 1.02e-07
   4.12e-08 5.76e-08 1.50e-07]
  [3.00e+00 3.00e+00 3.00e+00 3.00e+00 3.00e+00 3.00e+00 3.00e+00
   3.00e+00 3.00e+00 3.00e+00]
  [-1.84e+00 -1.84e+00 -2.75e+00 -2.77e+00 -1.04e+01 -2.77e+00 -1.04e+01
   -2.75e+00 -3.72e+00 -2.77e+00]]

 [[4.93e-08 2.53e-07 2.32e-07 6.25e-08 1.06e-08 1.65e-08 6.57e-08
   6.91e-08 7.02e-08 4.35e-07]
  [3.00e+00 3.00e+00 3.00e+00 3.00e+00 3.00e+00 3.00e+00 3.00e+00
   3.00e+00 3.00e+00 3.00e+00]
  [-2.77e+00 -2.77e+00 -1.04e+01 -3.72e+00 -3.72e+00 -2.77e+00 -2.75e+00
   -3.72e+00 -5.09e+00 -2.75e+00]]

 [[9.44e-08 4.89e-08 2.84e-07 7.04e-08 6.32e-08 4.77e-08 7.33e-08
   1.38e-07 5.04e-08 6.96e-07]
  [3.00e+00 3.00e+00 3.00e+00 3.00e+00 3.00e+00 3.00e+00 3.00e+00
   3.00e+00 3.00e+00 3.00e+00]
  [-1.04e+01 -2.75e+00 -1.04e+01 -2.77e+00 -2.75e+00 -1.04e+01 -1.04e+01
   -1.04e+01 -3.72e+00 -2.77e+00]]

 [[2.06e-07 9.17e-08 1.20e-07 5.60e-08 6.03e-08 1.78e-07 2.05e-07
   2.95e-07 6.77e-08 1.63e-07]
  [3.00e+00 3.00e+00 3.00e+00 3.00e+00 3.00e+00 3.00e+00 3.00e+00
   3.00e+00 3.00e+00 3.00e+00]
  [-3.72e+00 -5.09e+00 -1.04e+01 -1.04e+01 -2.75e+00 -1.04e+01 -2.77e+00
   -1.04e+01 -1.04e+01 -2.77e+00]]

 [[1.89e-07 3.73e-07 1.23e-06 1.33e-06 4.73e-07 3.10e-07 7.94e-07
   5.74e-07 9.75e-07 1.96e-07]
  [3.00e+00 3.00e+00 3.00e+00 3.00e+00 3.00e+00 3.00e+00 3.00e+00
   3.00e+00 3.00e+00 3.00e+00]
  [-2.75e+00 -1.04e+01 -2.75e+00 -3.72e+00 -3.72e+00 -5.09e+00 -1.84e+00
   -5.13e+00 -3.72e+00 -1.04e+01]]

 [[2.10e-07 2.66e-06 1.83e-06 3.79e-07 3.51e-07 3.29e-07 1.30e-06
   5.39e-07 6.17e-07 7.65e-07]
  [3.00e+00 3.00e+00 3.00e+00 3.00e+00 3.00e+00 3.00e+00 3.00e+00
   3.00e+00 3.00e+00 3.00e+00]
  [-1.04e+01 -1.84e+00 -5.13e+00 -1.04e+01 -3.72e+00 -1.04e+01 -5.13e+00
   -1.84e+00 -3.72e+00 -1.04e+01]]

 [[8.43e-07 4.99e-07 4.84e-07 2.48e-07 2.58e-07 5.95e-07 9.25e-08
   6.62e-07 3.93e-07 1.48e-06]
  [3.00e+00 3.00e+00 3.00e+00 3.00e+00 3.00e+00 3.00e+00 3.00e+00
   3.00e+00 3.00e+00 3.00e+00]
  [-2.75e+00 -1.04e+01 -3.72e+00 -3.72e+00 -3.72e+00 -1.04e+01 -3.72e+00
   -3.72e+00 -3.72e+00 -3.72e+00]]

 [[6.80e-06 4.57e-06 8.79e-06 3.54e-06 2.49e-06 8.83e-06 6.24e-06
   7.09e-06 3.40e-06 1.78e-06]
  [3.00e+00 3.00e+00 3.00e+00 3.00e+00 3.00e+00 3.00e+00 3.00e+00
   3.00e+00 3.00e+00 3.00e+00]
  [-2.75e+00 -3.72e+00 -2.75e+00 -2.75e+00 -3.72e+00 -5.13e+00 -1.04e+01
   -1.04e+01 -1.04e+01 -2.77e+00]]

 [[5.36e-06 9.01e-07 5.25e-06 4.21e-06 7.91e-07 1.38e-06 1.22e-06
   8.14e-06 2.49e-06 4.17e-06]
  [3.00e+00 3.00e+00 3.00e+00 3.00e+00 3.00e+00 3.00e+00 3.00e+00
   3.00e+00 3.00e+00 3.00e+00]
  [-1.04e+01 -2.75e+00 -1.04e+01 -1.04e+01 -2.77e+00 -5.13e+00 -2.77e+00
   -5.13e+00 -3.72e+00 -2.75e+00]]

 [[2.39e-06 5.56e-06 4.70e-06 1.75e-06 6.11e-06 3.80e-06 1.12e-06
   5.11e-06 3.93e-06 2.33e-06]
  [3.00e+00 3.00e+00 3.00e+00 3.00e+00 3.00e+00 3.00e+00 3.00e+00
   3.00e+00 3.00e+00 3.00e+00]
  [-2.75e+00 -1.04e+01 -1.04e+01 -5.13e+00 -5.13e+00 -1.04e+01 -2.77e+00
   -1.04e+01 -1.84e+00 -1.04e+01]]

 [[2.09e-11 4.60e-11 1.86e-11 1.67e-11 2.67e-11 1.45e-11 6.50e-12
   1.69e-11 1.72e-11 3.36e-11]
  [3.00e+00 3.00e+00 3.00e+00 3.00e+00 3.00e+00 3.00e+00 3.00e+00
   3.00e+00 3.00e+00 3.00e+00]
  [-5.13e+00 -2.75e+00 -2.77e+00 -3.72e+00 -5.13e+00 -2.77e+00 -5.13e+00
   -1.04e+01 -2.77e+00 -1.04e+01]]

 [[3.37e-11 9.07e-12 2.28e-11 2.71e-11 1.42e-11 4.56e-11 5.13e-11
   1.63e-11 8.34e-11 8.48e-12]
  [3.00e+00 3.00e+00 3.00e+00 3.00e+00 3.00e+00 3.00e+00 3.00e+00
   3.00e+00 3.00e+00 3.00e+00]
  [-3.72e+00 -5.13e+00 -5.09e+00 -3.72e+00 -5.13e+00 -1.04e+01 -1.04e+01
   -3.72e+00 -5.09e+00 -5.13e+00]]

 [[1.52e-11 4.26e-11 2.97e-11 3.87e-11 2.61e-11 9.99e-12 5.32e-11
   5.84e-12 1.43e-11 3.08e-11]
  [3.00e+00 3.00e+00 3.00e+00 3.00e+01 3.00e+00 3.00e+00 3.00e+01
   3.00e+00 3.00e+00 3.00e+00]
  [-5.13e+00 -2.75e+00 -5.13e+00 -5.09e+00 -3.72e+00 -2.77e+00 -1.04e+01
   -5.13e+00 -2.75e+00 -2.75e+00]]

 [[6.56e-09 5.08e-09 1.09e-09 1.01e-08 6.80e-09 2.88e-09 6.17e-09
   1.20e-08 1.95e-09 1.11e-08]
  [3.00e+00 3.00e+00 3.00e+00 3.00e+00 3.00e+00 3.00e+00 3.00e+00
   3.00e+00 3.00e+00 3.00e+00]
  [-1.04e+01 -3.72e+00 -1.04e+01 -1.04e+01 -1.04e+01 -2.77e+00 -1.04e+01
   -5.09e+00 -1.04e+01 -2.75e+00]]

 [[1.14e-08 5.45e-09 6.60e-09 2.00e-08 6.99e-09 3.86e-09 9.26e-09
   2.80e-08 1.32e-08 1.25e-08]
  [3.00e+00 3.00e+00 3.00e+00 3.00e+00 3.00e+00 3.00e+00 3.00e+00
   3.00e+00 3.00e+00 3.00e+00]
  [-2.77e+00 -1.04e+01 -1.04e+01 -1.04e+01 -5.13e+00 -3.72e+00 -2.77e+00
   -1.04e+01 -3.72e+00 -2.77e+00]]

 [[4.80e-09 2.13e-08 6.85e-09 2.04e-08 1.49e-08 1.59e-08 3.10e-09
   1.19e-08 8.11e-09 1.31e-08]
  [3.00e+00 3.00e+00 3.00e+00 3.00e+00 3.00e+00 3.00e+00 3.00e+00
   3.00e+00 3.00e+00 3.00e+00]
  [-2.75e+00 -3.72e+00 -3.72e+00 -3.72e+00 -1.04e+01 -3.72e+00 -1.04e+01
   -3.72e+00 -1.04e+01 -1.04e+01]]

 [[1.26e-08 3.36e-08 1.77e-07 1.97e-08 1.30e-07 2.64e-08 8.71e-08
   1.32e-08 2.86e-08 2.18e-08]
  [3.00e+00 3.00e+00 3.00e+00 3.00e+00 3.00e+00 3.00e+00 3.00e+00
   3.00e+00 3.00e+00 3.00e+00]
  [-1.04e+01 -1.04e+01 -1.04e+01 -1.84e+00 -2.77e+00 -1.04e+01 -1.04e+01
   -5.13e+00 -3.72e+00 -2.75e+00]]

 [[1.18e-07 7.01e-08 4.96e-08 2.82e-08 5.16e-08 3.72e-08 2.74e-08
   9.49e-08 6.02e-08 6.70e-09]
  [3.00e+00 3.00e+00 3.00e+00 3.00e+00 3.00e+00 3.00e+00 3.00e+00
   3.00e+00 3.00e+00 3.00e+00]
  [-1.04e+01 -5.13e+00 -1.04e+01 -1.04e+01 -3.72e+00 -3.72e+00 -5.13e+00
   -1.04e+01 -2.77e+00 -2.77e+00]]

 [[2.10e-08 1.60e-08 3.65e-08 6.14e-08 2.90e-08 1.50e-08 5.88e-08
   1.80e-07 3.50e-08 1.11e-07]
  [3.00e+00 3.00e+00 3.00e+00 3.00e+00 3.00e+00 3.00e+00 3.00e+00
   3.00e+00 3.00e+00 3.00e+00]
  [-5.09e+00 -1.04e+01 -5.09e+00 -5.13e+00 -2.75e+00 -5.13e+00 -1.04e+01
   -5.09e+00 -5.13e+00 -1.04e+01]]

 [[1.16e-07 8.59e-08 3.24e-08 5.71e-08 2.35e-07 1.40e-07 3.98e-07
   1.33e-07 1.26e-07 1.02e-07]
  [3.00e+00 3.00e+00 3.00e+00 3.00e+00 3.00e+00 3.00e+00 3.00e+00
   3.00e+00 3.00e+00 3.00e+00]
  [-1.04e+01 -1.04e+01 -3.72e+00 -3.72e+00 -5.13e+00 -3.72e+00 -1.04e+01
   -2.75e+00 -1.04e+01 -5.13e+00]]

 [[1.33e-07 2.48e-07 8.40e-08 1.53e-07 4.29e-08 6.11e-08 1.56e-07
   3.59e-07 4.55e-07 1.45e-07]
  [3.00e+00 3.00e+00 3.00e+00 3.00e+00 3.00e+00 3.00e+00 3.00e+00
   3.00e+00 3.00e+00 3.00e+00]
  [-5.13e+00 -3.72e+00 -5.13e+00 -3.72e+00 -1.04e+01 -5.13e+00 -1.04e+01
   -3.72e+00 -3.72e+00 -2.77e+00]]

 [[1.63e-07 4.25e-07 5.79e-08 7.73e-08 2.65e-08 1.06e-07 4.48e-08
   8.34e-08 9.14e-08 1.87e-07]
  [3.00e+00 3.00e+00 3.00e+00 3.00e+00 3.00e+00 3.00e+00 3.00e+00
   3.00e+00 3.00e+00 3.00e+00]
  [-5.09e+00 -1.04e+01 -3.72e+00 -2.75e+00 -2.75e+00 -1.04e+01 -1.84e+00
   -1.04e+01 -5.09e+00 -3.72e+00]]

 [[1.58e-07 2.79e-07 6.77e-07 4.37e-07 1.48e-07 2.70e-07 7.58e-07
   1.22e-06 9.93e-07 4.37e-07]
  [3.00e+00 3.00e+00 3.00e+00 3.00e+00 3.00e+00 3.00e+00 3.00e+00
   3.00e+00 3.00e+00 3.00e+00]
  [-1.04e+01 -5.09e+00 -5.09e+00 -2.75e+00 -2.75e+00 -3.72e+00 -3.72e+00
   -5.09e+00 -5.13e+00 -2.75e+00]]

 [[9.06e-07 1.72e-07 7.16e-07 2.49e-07 1.83e-07 8.54e-07 1.14e-06
   6.06e-07 4.45e-07 9.58e-07]
  [3.00e+00 3.00e+00 3.00e+00 3.00e+00 3.00e+00 3.00e+00 3.00e+00
   3.00e+00 3.00e+00 3.00e+00]
  [-2.77e+00 -2.75e+00 -2.75e+00 -1.04e+01 -1.04e+01 -2.75e+00 -3.72e+00
   -2.75e+00 -2.75e+00 -2.75e+00]]

 [[6.81e-07 9.17e-07 5.38e-07 3.13e-07 1.18e-07 2.71e-07 4.70e-07
   1.32e-06 2.30e-07 1.33e-07]
  [3.00e+00 3.00e+00 3.00e+00 3.00e+00 3.00e+00 3.00e+00 3.00e+00
   3.00e+00 3.00e+00 3.00e+00]
  [-1.04e+01 -2.77e+00 -1.04e+01 -5.13e+00 -1.04e+01 -2.77e+00 -5.09e+00
   -3.72e+00 -3.72e+00 -1.04e+01]]

 [[3.33e-06 5.67e-06 1.30e-06 2.29e-06 2.80e-06 2.81e-06 1.12e-05
   9.46e-06 1.79e-05 1.26e-05]
  [3.00e+00 3.00e+00 3.00e+00 3.00e+00 3.00e+00 3.00e+00 3.00e+00
   3.00e+00 3.00e+00 3.00e+00]
  [-5.13e+00 -1.04e+01 -1.04e+01 -3.72e+00 -1.04e+01 -5.09e+00 -1.04e+01
   -5.13e+00 -5.09e+00 -1.04e+01]]

 [[8.46e-06 2.35e-05 1.61e-06 4.81e-06 3.77e-06 2.22e-06 4.33e-06
   9.11e-06 1.98e-06 3.38e-06]
  [3.00e+00 3.00e+00 3.00e+00 3.00e+00 3.00e+00 3.00e+00 3.00e+00
   3.00e+00 3.00e+00 3.00e+00]
  [-1.04e+01 -3.72e+00 -5.09e+00 -3.72e+00 -1.04e+01 -5.09e+00 -3.72e+00
   -3.72e+00 -3.72e+00 -5.13e+00]]

 [[4.65e-06 4.35e-06 8.85e-06 4.95e-06 3.64e-06 2.51e-06 4.08e-06
   2.49e-06 2.53e-06 1.15e-06]
  [3.00e+00 3.00e+00 3.00e+00 3.00e+00 3.00e+00 3.00e+00 3.00e+00
   3.00e+00 3.00e+00 3.00e+00]
  [-2.75e+00 -2.77e+00 -2.75e+00 -2.75e+00 -5.13e+00 -1.04e+01 -5.09e+00
   -5.13e+00 -2.75e+00 -5.13e+00]]

 [[3.30e-11 8.09e-12 2.11e-11 5.81e-12 2.91e-11 9.04e-12 4.39e-11
   1.67e-11 4.50e-12 1.29e-11]
  [3.00e+01 3.00e+01 3.00e+00 3.00e+00 3.00e+00 3.00e+00 3.00e+01
   3.00e+00 3.00e+00 3.00e+00]
  [-3.72e+00 -2.75e+00 -3.72e+00 -3.72e+00 -2.75e+00 -5.09e+00 -5.13e+00
   -1.84e+00 -1.04e+01 -5.09e+00]]

 [[1.85e-11 2.47e-11 7.06e-12 1.10e-11 3.67e-12 7.25e-12 4.11e-12
   1.16e-11 1.09e-11 1.38e-11]
  [3.00e+00 3.00e+00 3.00e+00 3.00e+00 3.00e+00 3.00e+01 3.00e+01
   3.00e+00 3.00e+00 3.00e+00]
  [-1.04e+01 -1.84e+00 -1.04e+01 -3.72e+00 -2.75e+00 -5.13e+00 -3.72e+00
   -1.04e+01 -1.84e+00 -3.72e+00]]

 [[1.67e-11 7.15e-12 7.96e-12 1.57e-11 4.16e-11 3.48e-12 4.02e-12
   3.51e-12 6.89e-12 8.66e-12]
  [3.00e+00 3.00e+00 3.00e+00 3.00e+00 3.00e+01 3.00e+00 3.00e+00
   3.00e+00 3.00e+00 3.00e+00]
  [-5.13e+00 -3.72e+00 -3.72e+00 -1.04e+01 -5.13e+00 -1.84e+00 -2.77e+00
   -2.75e+00 -2.75e+00 -3.72e+00]]

 [[1.09e-08 4.74e-09 7.82e-09 4.97e-09 3.84e-09 1.18e-08 2.55e-09
   3.79e-09 7.18e-09 2.92e-09]
  [3.00e+00 3.00e+00 3.00e+00 3.00e+00 3.00e+00 3.00e+00 3.00e+00
   3.00e+00 3.00e+00 3.00e+00]
  [-1.04e+01 -1.04e+01 -1.04e+01 -5.13e+00 -2.75e+00 -5.09e+00 -3.72e+00
   -2.77e+00 -3.72e+00 -1.04e+01]]

 [[7.12e-09 2.97e-09 2.04e-09 4.03e-09 3.04e-09 3.92e-09 7.67e-09
   8.81e-09 4.80e-09 6.27e-09]
  [3.00e+00 3.00e+00 3.00e+00 3.00e+00 3.00e+00 3.00e+00 3.00e+00
   3.00e+00 3.00e+00 3.00e+00]
  [-2.75e+00 -2.75e+00 -1.04e+01 -5.13e+00 -5.09e+00 -2.75e+00 -2.75e+00
   -3.72e+00 -1.84e+00 -2.77e+00]]

 [[5.55e-09 4.07e-09 9.36e-09 3.81e-09 6.30e-09 6.13e-09 2.81e-09
   4.39e-09 3.12e-09 1.57e-08]
  [3.00e+00 3.00e+00 3.00e+00 3.00e+00 3.00e+00 3.00e+00 3.00e+00
   3.00e+00 3.00e+00 3.00e+00]
  [-1.04e+01 -1.04e+01 -1.04e+01 -1.04e+01 -2.75e+00 -1.84e+00 -3.72e+00
   -3.72e+00 -3.72e+00 -1.04e+01]]

 [[3.32e-08 5.16e-08 4.42e-08 4.39e-08 2.29e-08 5.58e-08 1.33e-08
   4.69e-08 2.11e-08 6.38e-08]
  [3.00e+00 3.00e+00 3.00e+00 3.00e+00 3.00e+00 3.00e+00 3.00e+00
   3.00e+00 3.00e+00 3.00e+00]
  [-2.77e+00 -2.77e+00 -1.04e+01 -2.77e+00 -1.04e+01 -1.04e+01 -2.77e+00
   -1.04e+01 -1.04e+01 -1.04e+01]]

 [[5.82e-08 8.95e-08 1.58e-08 8.08e-09 1.13e-08 1.81e-08 7.44e-09
   9.14e-09 2.53e-08 3.50e-08]
  [3.00e+00 3.00e+00 3.00e+00 3.00e+00 3.00e+00 3.00e+00 3.00e+00
   3.00e+00 3.00e+00 3.00e+00]
  [-1.04e+01 -1.04e+01 -1.04e+01 -1.04e+01 -1.04e+01 -1.04e+01 -1.04e+01
   -1.04e+01 -1.04e+01 -1.84e+00]]

 [[3.33e-08 1.36e-08 4.64e-08 5.22e-08 3.06e-08 8.42e-09 2.53e-08
   2.32e-08 3.20e-08 2.32e-08]
  [3.00e+00 3.00e+00 3.00e+00 3.00e+00 3.00e+00 3.00e+00 3.00e+00
   3.00e+00 3.00e+00 3.00e+00]
  [-1.04e+01 -5.13e+00 -1.04e+01 -1.84e+00 -2.75e+00 -1.04e+01 -2.75e+00
   -2.77e+00 -1.04e+01 -1.04e+01]]

 [[7.24e-08 1.52e-07 3.55e-08 1.20e-07 5.62e-08 5.09e-08 3.79e-08
   4.14e-08 2.09e-07 5.09e-08]
  [3.00e+00 3.00e+00 3.00e+00 3.00e+00 3.00e+00 3.00e+00 3.00e+00
   3.00e+00 3.00e+00 3.00e+00]
  [-1.04e+01 -1.04e+01 -1.04e+01 -1.04e+01 -3.72e+00 -3.72e+00 -3.72e+00
   -5.13e+00 -2.75e+00 -3.72e+00]]

 [[1.48e-07 5.64e-08 1.42e-07 2.12e-08 1.10e-07 5.72e-08 1.17e-07
   5.40e-08 3.62e-08 3.00e-08]
  [3.00e+00 3.00e+00 3.00e+00 3.00e+00 3.00e+00 3.00e+00 3.00e+00
   3.00e+00 3.00e+00 3.00e+00]
  [-5.13e+00 -5.09e+00 -1.84e+00 -1.04e+01 -1.04e+01 -1.04e+01 -1.04e+01
   -1.04e+01 -5.13e+00 -1.04e+01]]

 [[5.36e-08 3.64e-08 1.22e-07 1.47e-07 6.28e-08 3.11e-08 4.70e-08
   7.98e-08 5.63e-08 7.96e-08]
  [3.00e+00 3.00e+00 3.00e+00 3.00e+00 3.00e+00 3.00e+00 3.00e+00
   3.00e+00 3.00e+00 3.00e+00]
  [-1.04e+01 -1.04e+01 -1.84e+00 -1.04e+01 -5.13e+00 -1.04e+01 -2.77e+00
   -1.04e+01 -1.04e+01 -5.13e+00]]

 [[1.37e-07 1.71e-07 2.02e-07 2.09e-07 5.22e-07 1.64e-07 1.49e-07
   8.01e-08 1.87e-07 3.79e-07]
  [3.00e+00 3.00e+00 3.00e+00 3.00e+00 3.00e+00 3.00e+00 3.00e+00
   3.00e+00 3.00e+00 3.00e+00]
  [-3.72e+00 -1.04e+01 -1.04e+01 -2.75e+00 -3.72e+00 -3.72e+00 -2.75e+00
   -1.04e+01 -3.72e+00 -1.04e+01]]

 [[4.46e-07 1.45e-07 4.37e-07 3.19e-07 3.66e-07 5.51e-07 3.51e-07
   4.18e-07 4.61e-07 2.59e-07]
  [3.00e+00 3.00e+00 3.00e+00 3.00e+00 3.00e+00 3.00e+00 3.00e+00
   3.00e+00 3.00e+00 3.00e+00]
  [-1.04e+01 -5.13e+00 -5.13e+00 -1.04e+01 -1.04e+01 -3.72e+00 -1.04e+01
   -1.04e+01 -2.75e+00 -1.04e+01]]

 [[4.11e-07 4.05e-07 2.60e-07 7.67e-07 5.40e-07 2.44e-07 6.54e-07
   3.32e-07 2.16e-07 4.13e-07]
  [3.00e+00 3.00e+00 3.00e+00 3.00e+00 3.00e+00 3.00e+00 3.00e+00
   3.00e+00 3.00e+00 3.00e+00]
  [-1.04e+01 -1.04e+01 -1.04e+01 -3.72e+00 -1.04e+01 -3.72e+00 -5.13e+00
   -1.04e+01 -5.13e+00 -2.75e+00]]

 [[2.53e-06 1.40e-06 6.60e-06 3.53e-06 1.18e-06 2.10e-06 7.68e-07
   1.18e-06 4.48e-07 1.98e-06]
  [3.00e+00 3.00e+00 3.00e+00 3.00e+00 3.00e+00 3.00e+00 3.00e+00
   3.00e+00 3.00e+00 3.00e+00]
  [-1.84e+00 -2.77e+00 -5.09e+00 -2.77e+00 -1.04e+01 -1.04e+01 -3.72e+00
   -1.04e+01 -2.77e+00 -5.13e+00]]

 [[2.15e-06 1.52e-06 3.87e-06 1.77e-06 2.42e-06 2.41e-06 1.77e-06
   4.14e-06 2.08e-06 2.71e-06]
  [3.00e+00 3.00e+00 3.00e+00 3.00e+00 3.00e+00 3.00e+00 3.00e+00
   3.00e+00 3.00e+00 3.00e+00]
  [-3.72e+00 -1.04e+01 -1.04e+01 -2.77e+00 -2.77e+00 -3.72e+00 -2.77e+00
   -2.75e+00 -5.13e+00 -5.09e+00]]

 [[2.30e-06 2.57e-06 1.35e-06 2.76e-06 5.04e-07 2.49e-06 2.65e-06
   6.04e-06 1.71e-06 1.98e-06]
  [3.00e+00 3.00e+00 3.00e+00 3.00e+00 3.00e+00 3.00e+00 3.00e+00
   3.00e+00 3.00e+00 3.00e+00]
  [-1.04e+01 -3.72e+00 -5.09e+00 -3.72e+00 -5.13e+00 -1.04e+01 -1.04e+01
   -5.13e+00 -1.04e+01 -2.77e+00]]

 [[7.56e-12 8.55e-12 1.21e-11 9.91e-12 8.97e-12 2.20e-11 9.49e-12
   3.26e-11 2.31e-11 1.28e-11]
  [3.00e+00 3.00e+00 3.00e+00 3.00e+00 3.00e+00 3.00e+00 3.00e+00
   3.00e+00 3.00e+00 3.00e+01]
  [-3.72e+00 -1.04e+01 -5.09e+00 -2.77e+00 -5.13e+00 -1.84e+00 -2.77e+00
   -1.04e+01 -5.13e+00 -3.72e+00]]

 [[8.72e-12 3.17e-11 1.36e-11 6.78e-12 7.50e-12 1.81e-11 8.74e-12
   2.11e-11 9.68e-12 1.14e-11]
  [3.00e+00 3.00e+00 3.00e+00 3.00e+00 3.00e+00 3.00e+00 3.00e+00
   3.00e+00 3.00e+00 3.00e+00]
  [-3.72e+00 -1.04e+01 -1.04e+01 -2.75e+00 -5.13e+00 -5.09e+00 -1.04e+01
   -1.84e+00 -3.72e+00 -1.84e+00]]

 [[3.44e-11 1.37e-11 4.68e-12 1.90e-11 1.49e-11 2.00e-12 1.85e-12
   1.05e-11 1.64e-11 3.78e-12]
  [3.00e+00 3.00e+00 3.00e+00 3.00e+00 3.00e+00 3.00e+00 3.00e+01
   3.00e+00 3.00e+00 3.00e+00]
  [-5.13e+00 -2.77e+00 -3.72e+00 -1.04e+01 -1.04e+01 -2.77e+00 -1.04e+01
   -5.13e+00 -2.75e+00 -2.75e+00]]

 [[6.87e-09 1.97e-09 5.83e-09 7.06e-09 5.88e-09 6.08e-09 3.33e-09
   1.71e-09 8.09e-09 2.76e-09]
  [3.00e+00 3.00e+00 3.00e+00 3.00e+00 3.00e+00 3.00e+00 3.00e+00
   3.00e+00 3.00e+00 3.00e+00]
  [-2.77e+00 -3.72e+00 -1.04e+01 -1.84e+00 -1.04e+01 -2.75e+00 -2.75e+00
   -5.09e+00 -1.04e+01 -1.04e+01]]

 [[6.13e-09 1.75e-09 1.88e-09 4.56e-09 6.64e-09 1.62e-08 5.24e-09
   1.14e-08 2.89e-09 1.38e-08]
  [3.00e+00 3.00e+00 3.00e+00 3.00e+00 3.00e+00 3.00e+00 3.00e+00
   3.00e+00 3.00e+00 3.00e+00]
  [-2.75e+00 -1.04e+01 -1.84e+00 -5.13e+00 -1.04e+01 -1.04e+01 -2.77e+00
   -1.04e+01 -3.72e+00 -2.77e+00]]

 [[6.86e-09 9.25e-09 3.50e-09 1.30e-08 2.76e-09 1.45e-09 1.38e-09
   1.66e-08 1.75e-08 6.22e-09]
  [3.00e+00 3.00e+00 3.00e+00 3.00e+00 3.00e+00 3.00e+00 3.00e+00
   3.00e+00 3.00e+00 3.00e+00]
  [-1.04e+01 -3.72e+00 -3.72e+00 -5.13e+00 -2.75e+00 -1.04e+01 -1.04e+01
   -1.04e+01 -1.04e+01 -3.72e+00]]

 [[5.95e-08 2.33e-08 9.83e-08 1.41e-08 3.24e-08 2.56e-08 1.58e-08
   6.79e-09 2.02e-08 6.57e-08]
  [3.00e+00 3.00e+00 3.00e+00 3.00e+00 3.00e+00 3.00e+00 3.00e+00
   3.00e+00 3.00e+00 3.00e+00]
  [-1.04e+01 -1.04e+01 -5.13e+00 -1.84e+00 -1.04e+01 -1.04e+01 -1.04e+01
   -1.04e+01 -3.72e+00 -5.13e+00]]

 [[6.03e-08 5.01e-08 1.72e-08 2.16e-08 3.85e-08 1.53e-08 1.47e-08
   5.78e-08 4.62e-09 7.54e-08]
  [3.00e+00 3.00e+00 3.00e+00 3.00e+00 3.00e+00 3.00e+00 3.00e+00
   3.00e+00 3.00e+00 3.00e+00]
  [-1.04e+01 -1.04e+01 -5.13e+00 -5.09e+00 -1.04e+01 -1.04e+01 -2.75e+00
   -1.04e+01 -5.13e+00 -1.04e+01]]

 [[2.28e-08 9.99e-08 1.19e-08 1.16e-08 3.37e-08 3.19e-08 1.73e-08
   1.64e-08 7.29e-09 1.74e-08]
  [3.00e+00 3.00e+00 3.00e+00 3.00e+00 3.00e+00 3.00e+00 3.00e+00
   3.00e+00 3.00e+00 3.00e+00]
  [-1.04e+01 -1.04e+01 -2.75e+00 -1.04e+01 -5.13e+00 -1.04e+01 -5.09e+00
   -5.13e+00 -2.77e+00 -1.04e+01]]

 [[1.19e-07 9.05e-08 1.06e-07 5.93e-08 6.79e-08 7.74e-08 6.71e-08
   3.18e-08 4.27e-08 5.78e-08]
  [3.00e+00 3.00e+00 3.00e+00 3.00e+00 3.00e+00 3.00e+00 3.00e+00
   3.00e+00 3.00e+00 3.00e+00]
  [-5.09e+00 -1.04e+01 -1.04e+01 -5.09e+00 -1.04e+01 -5.13e+00 -5.09e+00
   -1.04e+01 -1.04e+01 -1.04e+01]]

 [[4.63e-08 1.06e-07 1.42e-07 1.93e-07 9.51e-08 2.83e-08 1.85e-07
   1.91e-07 8.79e-08 7.50e-08]
  [3.00e+00 3.00e+00 3.00e+00 3.00e+00 3.00e+00 3.00e+00 3.00e+00
   3.00e+00 3.00e+00 3.00e+00]
  [-3.72e+00 -1.04e+01 -5.09e+00 -1.04e+01 -5.13e+00 -2.77e+00 -1.04e+01
   -2.77e+00 -1.04e+01 -1.04e+01]]

 [[9.40e-08 6.26e-08 3.38e-08 7.88e-08 1.50e-08 4.12e-08 3.81e-08
   2.05e-08 2.38e-08 8.80e-08]
  [3.00e+00 3.00e+00 3.00e+00 3.00e+00 3.00e+00 3.00e+00 3.00e+00
   3.00e+00 3.00e+00 3.00e+00]
  [-1.04e+01 -1.04e+01 -3.72e+00 -1.04e+01 -5.13e+00 -5.09e+00 -5.09e+00
   -3.72e+00 -3.72e+00 -5.13e+00]]

 [[4.27e-07 5.70e-07 7.75e-07 8.79e-07 8.00e-07 2.57e-07 5.39e-07
   8.42e-08 2.25e-07 3.31e-07]
  [3.00e+00 3.00e+00 3.00e+00 3.00e+00 3.00e+00 3.00e+00 3.00e+00
   3.00e+00 3.00e+00 3.00e+00]
  [-1.04e+01 -2.77e+00 -1.04e+01 -1.04e+01 -3.72e+00 -5.09e+00 -1.04e+01
   -2.75e+00 -3.72e+00 -3.72e+00]]

 [[5.49e-07 8.51e-08 3.34e-07 2.62e-07 2.31e-07 3.63e-07 3.72e-07
   5.58e-07 1.05e-06 1.48e-07]
  [3.00e+00 3.00e+00 3.00e+00 3.00e+00 3.00e+00 3.00e+00 3.00e+00
   3.00e+00 3.00e+00 3.00e+00]
  [-5.09e+00 -1.04e+01 -1.04e+01 -1.04e+01 -1.04e+01 -5.13e+00 -3.72e+00
   -1.04e+01 -3.72e+00 -2.75e+00]]

 [[8.34e-07 1.74e-07 1.16e-07 4.12e-07 3.43e-07 3.46e-07 3.84e-07
   1.47e-07 1.86e-07 3.02e-07]
  [3.00e+00 3.00e+00 3.00e+00 3.00e+00 3.00e+00 3.00e+00 3.00e+00
   3.00e+00 3.00e+00 3.00e+00]
  [-5.13e+00 -5.09e+00 -3.72e+00 -1.04e+01 -1.04e+01 -3.72e+00 -1.04e+01
   -2.75e+00 -2.77e+00 -2.77e+00]]

 [[2.64e-06 3.11e-06 3.53e-06 1.98e-06 5.26e-07 1.23e-06 2.52e-06
   8.20e-07 5.92e-06 6.31e-06]
  [3.00e+00 3.00e+00 3.00e+00 3.00e+00 3.00e+00 3.00e+00 3.00e+00
   3.00e+00 3.00e+00 3.00e+00]
  [-2.77e+00 -1.04e+01 -3.72e+00 -5.09e+00 -2.75e+00 -5.13e+00 -5.13e+00
   -1.04e+01 -2.75e+00 -1.04e+01]]

 [[2.51e-06 8.73e-07 2.90e-06 2.26e-06 1.45e-06 1.39e-06 1.05e-05
   2.22e-06 1.92e-06 2.77e-06]
  [3.00e+00 3.00e+00 3.00e+00 3.00e+00 3.00e+00 3.00e+00 3.00e+00
   3.00e+00 3.00e+00 3.00e+00]
  [-1.04e+01 -3.72e+00 -1.04e+01 -1.84e+00 -2.75e+00 -1.04e+01 -1.04e+01
   -3.72e+00 -1.04e+01 -1.04e+01]]

 [[1.32e-06 1.94e-06 1.29e-06 1.64e-06 1.22e-06 3.20e-06 2.55e-06
   1.12e-06 2.78e-06 2.18e-06]
  [3.00e+00 3.00e+00 3.00e+00 3.00e+00 3.00e+00 3.00e+00 3.00e+00
   3.00e+00 3.00e+00 3.00e+00]
  [-3.72e+00 -1.84e+00 -1.04e+01 -5.13e+00 -2.75e+00 -3.72e+00 -5.09e+00
   -1.04e+01 -2.75e+00 -5.09e+00]]

 [[2.23e-11 9.23e-12 1.87e-11 1.08e-11 2.32e-11 2.25e-11 1.68e-11
   3.48e-11 1.02e-10 1.47e-11]
  [3.00e+00 3.00e+00 3.00e+00 3.00e+01 3.00e+00 3.00e+00 3.00e+01
   3.00e+00 3.00e+00 3.00e+00]
  [-3.72e+00 -1.04e+01 -3.72e+00 -2.77e+00 -3.72e+00 -3.72e+00 -1.04e+01
   -1.04e+01 -3.72e+00 -5.09e+00]]

 [[3.92e-12 4.19e-11 8.46e-11 5.96e-11 1.03e-11 3.86e-11 2.33e-11
   2.64e-11 3.14e-11 1.50e-11]
  [3.00e+00 3.00e+00 3.00e+00 3.00e+00 3.00e+00 3.00e+00 3.00e+00
   3.00e+00 3.00e+00 3.00e+00]
  [-5.13e+00 -3.72e+00 -1.04e+01 -5.09e+00 -1.04e+01 -5.13e+00 -5.13e+00
   -1.04e+01 -3.72e+00 -2.75e+00]]

 [[7.38e-11 3.13e-11 2.60e-12 8.07e-12 1.13e-11 1.89e-11 4.65e-11
   1.61e-11 3.22e-11 3.81e-11]
  [3.00e+00 3.00e+00 3.00e+00 3.00e+00 3.00e+00 3.00e+01 3.00e+00
   3.00e+00 3.00e+00 3.00e+00]
  [-2.77e+00 -1.04e+01 -1.04e+01 -1.04e+01 -2.77e+00 -1.04e+01 -2.75e+00
   -2.77e+00 -2.77e+00 -5.13e+00]]

 [[1.04e-08 1.58e-08 1.15e-08 3.27e-08 9.32e-09 2.35e-08 7.60e-09
   2.03e-08 4.11e-09 1.95e-08]
  [3.00e+00 3.00e+00 3.00e+00 3.00e+00 3.00e+00 3.00e+00 3.00e+00
   3.00e+00 3.00e+00 3.00e+00]
  [-2.77e+00 -1.04e+01 -1.04e+01 -5.09e+00 -5.09e+00 -1.04e+01 -2.75e+00
   -2.75e+00 -2.75e+00 -2.77e+00]]

 [[2.45e-09 9.44e-09 9.39e-09 7.35e-09 4.62e-09 1.47e-08 1.24e-08
   1.61e-08 7.97e-09 3.85e-09]
  [3.00e+00 3.00e+00 3.00e+00 3.00e+00 3.00e+00 3.00e+00 3.00e+00
   3.00e+00 3.00e+00 3.00e+00]
  [-5.13e+00 -1.04e+01 -1.04e+01 -1.84e+00 -1.04e+01 -1.04e+01 -2.77e+00
   -2.75e+00 -2.75e+00 -1.04e+01]]

 [[7.08e-09 1.42e-08 2.36e-08 1.34e-08 2.26e-08 5.55e-09 4.71e-09
   1.98e-08 2.82e-09 1.66e-09]
  [3.00e+00 3.00e+00 3.00e+00 3.00e+00 3.00e+00 3.00e+00 3.00e+00
   3.00e+00 3.00e+00 3.00e+00]
  [-2.75e+00 -1.04e+01 -2.77e+00 -1.84e+00 -5.09e+00 -1.04e+01 -1.04e+01
   -1.04e+01 -2.75e+00 -3.72e+00]]

 [[6.29e-08 9.91e-08 9.57e-08 1.63e-07 2.71e-07 9.22e-08 4.20e-08
   6.98e-08 7.17e-08 1.08e-07]
  [3.00e+00 3.00e+00 3.00e+00 3.00e+00 3.00e+00 3.00e+00 3.00e+00
   3.00e+00 3.00e+00 3.00e+00]
  [-1.04e+01 -1.04e+01 -1.04e+01 -1.04e+01 -1.04e+01 -1.04e+01 -1.04e+01
   -1.04e+01 -1.04e+01 -1.04e+01]]

 [[2.82e-08 1.28e-07 4.82e-08 6.32e-08 6.11e-08 3.02e-08 3.66e-08
   4.16e-08 2.80e-08 8.21e-08]
  [3.00e+00 3.00e+00 3.00e+00 3.00e+00 3.00e+00 3.00e+00 3.00e+00
   3.00e+00 3.00e+00 3.00e+00]
  [-1.04e+01 -1.04e+01 -1.04e+01 -1.04e+01 -1.04e+01 -1.04e+01 -1.04e+01
   -1.04e+01 -1.04e+01 -1.04e+01]]

 [[9.42e-08 1.59e-07 3.49e-08 3.61e-08 3.79e-08 1.87e-07 3.78e-08
   3.25e-08 3.42e-08 5.54e-08]
  [3.00e+00 3.00e+00 3.00e+00 3.00e+00 3.00e+00 3.00e+00 3.00e+00
   3.00e+00 3.00e+00 3.00e+00]
  [-1.04e+01 -1.04e+01 -1.04e+01 -5.13e+00 -1.04e+01 -1.04e+01 -1.04e+01
   -1.04e+01 -1.04e+01 -1.04e+01]]

 [[2.54e-07 3.07e-07 2.69e-08 2.42e-07 3.24e-08 9.45e-08 1.16e-07
   2.62e-07 5.98e-08 2.07e-07]
  [3.00e+00 3.00e+00 3.00e+00 3.00e+00 3.00e+00 3.01e+00 3.01e+00
   3.00e+00 3.00e+00 3.00e+00]
  [-1.04e+01 -1.04e+01 -1.04e+01 -1.04e+01 -1.04e+01 -1.04e+01 -5.09e+00
   -5.09e+00 -1.04e+01 -1.04e+01]]

 [[2.21e-07 9.81e-08 2.57e-07 7.84e-08 2.94e-08 4.65e-08 1.09e-07
   1.40e-07 2.06e-07 2.93e-08]
  [3.01e+00 3.00e+00 3.00e+00 3.00e+00 3.00e+00 3.00e+00 3.01e+00
   3.00e+00 3.00e+00 3.00e+00]
  [-1.04e+01 -1.04e+01 -1.04e+01 -1.04e+01 -1.04e+01 -1.04e+01 -5.13e+00
   -1.04e+01 -1.04e+01 -1.04e+01]]

 [[1.34e-07 1.30e-07 1.14e-07 4.08e-08 1.93e-07 8.23e-08 2.02e-07
   2.17e-07 3.38e-07 8.39e-08]
  [3.00e+00 3.01e+00 3.00e+00 3.00e+00 3.00e+00 3.00e+00 3.00e+00
   3.00e+00 3.00e+00 3.01e+00]
  [-1.04e+01 -1.04e+01 -1.04e+01 -1.04e+01 -1.04e+01 -1.04e+01 -1.04e+01
   -1.04e+01 -1.04e+01 -1.04e+01]]

 [[4.23e-07 6.40e-07 3.19e-07 1.81e-07 2.01e-06 1.12e-06 2.54e-06
   5.87e-07 8.42e-07 7.47e-07]
  [3.00e+00 3.00e+00 3.00e+00 3.00e+00 3.01e+00 3.00e+00 3.01e+00
   3.00e+00 3.01e+00 3.02e+00]
  [-1.04e+01 -1.04e+01 -1.04e+01 -1.04e+01 -1.04e+01 -5.09e+00 -5.09e+00
   -5.09e+00 -5.13e+00 -1.04e+01]]

 [[4.48e-07 6.84e-07 6.07e-07 1.02e-06 1.44e-06 8.60e-07 1.17e-06
   1.03e-07 1.70e-07 8.94e-08]
  [3.00e+00 3.00e+00 3.00e+00 3.01e+00 3.03e+00 3.00e+00 3.01e+00
   3.02e+00 3.01e+00 3.00e+00]
  [-5.09e+00 -1.04e+01 -1.04e+01 -1.04e+01 -1.04e+01 -3.72e+00 -3.72e+00
   -5.13e+00 -1.04e+01 -5.09e+00]]

 [[1.12e-06 7.65e-07 3.26e-07 5.90e-07 8.04e-07 7.77e-07 1.93e-07
   6.68e-07 9.81e-07 5.20e-07]
  [3.01e+00 3.03e+00 3.02e+00 3.01e+00 3.04e+00 3.00e+00 3.02e+00
   3.00e+00 3.03e+00 3.05e+00]
  [-5.13e+00 -5.13e+00 -3.72e+00 -5.13e+00 -1.04e+01 -1.04e+01 -1.04e+01
   -3.72e+00 -1.04e+01 -5.09e+00]]

 [[6.48e-06 3.61e-06 4.06e-06 1.16e-06 8.38e-06 5.20e-06 8.98e-06
   1.08e-05 3.48e-06 1.00e-05]
  [3.07e+00 3.04e+00 3.28e+00 3.03e+00 3.02e+00 3.02e+00 3.05e+00
   3.02e+00 3.06e+00 3.00e+00]
  [-5.09e+00 -5.13e+00 -5.13e+00 -3.72e+00 -1.04e+01 -5.13e+00 -3.72e+00
   -1.04e+01 -1.04e+01 -1.04e+01]]

 [[4.69e-06 2.42e-06 4.29e-06 3.80e-06 1.58e-06 7.17e-06 2.92e-06
   9.68e-06 6.36e-06 8.89e-06]
  [3.02e+00 3.34e+00 3.01e+00 3.00e+00 3.03e+00 3.35e+00 3.01e+00
   3.01e+00 3.12e+00 3.21e+00]
  [-1.04e+01 -1.04e+01 -3.72e+00 -1.04e+01 -1.04e+01 -2.77e+00 -5.09e+00
   -3.72e+00 -1.04e+01 -2.77e+00]]

 [[6.14e-06 9.38e-06 1.62e-05 4.24e-06 6.25e-06 6.90e-06 5.01e-06
   4.04e-06 3.34e-06 3.22e-06]
  [3.09e+00 3.01e+00 3.12e+00 3.16e+00 3.03e+00 3.03e+00 3.08e+00
   3.19e+00 3.06e+00 3.02e+00]
  [-5.13e+00 -2.77e+00 -2.75e+00 -1.04e+01 -1.04e+01 -1.84e+00 -5.13e+00
   -1.04e+01 -2.77e+00 -5.09e+00]]

 [[2.43e-11 3.76e-11 1.83e-11 6.82e-12 1.16e-11 4.75e-11 4.01e-12
   2.15e-11 8.73e-12 1.04e-11]
  [3.00e+00 3.00e+00 3.00e+00 3.00e+00 3.00e+00 3.00e+00 3.00e+00
   3.00e+00 3.00e+00 3.00e+00]
  [-3.72e+00 -1.04e+01 -2.75e+00 -5.13e+00 -2.75e+00 -2.77e+00 -3.72e+00
   -2.75e+00 -2.75e+00 -2.75e+00]]

 [[2.94e-11 9.13e-12 1.17e-11 2.60e-11 2.45e-11 3.70e-11 4.32e-11
   1.86e-11 2.75e-11 7.63e-12]
  [3.00e+00 3.00e+00 3.00e+00 3.00e+00 3.00e+00 3.00e+00 3.00e+00
   3.00e+00 3.00e+00 3.00e+00]
  [-2.77e+00 -5.13e+00 -5.09e+00 -1.04e+01 -3.72e+00 -5.09e+00 -3.72e+00
   -1.84e+00 -1.04e+01 -1.04e+01]]]