[[[4.27e-12 2.90e-12 7.52e-12 4.87e-12 1.35e-11 1.50e-12 6.40e-13
   1.21e-12 3.80e-12 6.02e-12]
  [3.00e+00 3.00e+00 3.00e+00 3.00e+00 3.00e+01 3.00e+00 3.00e+01
   3.00e+00 3.00e+00 3.00e+00]
  [-1.04e+01 -3.72e+00 -5.09e+00 -3.72e+00 -1.04e+01 -1.84e+00 -2.75e+00
   -2.75e+00 -2.77e+00 -3.72e+00]]

 [[1.13e-09 7.50e-10 2.37e-09 1.19e-09 9.99e-10 1.42e-09 9.81e-10
   1.43e-09 2.60e-09 2.12e-09]
  [3.00e+00 3.00e+00 3.00e+00 3.00e+00 3.00e+00 3.00e+00 3.00e+00
   3.00e+00 3.00e+00 3.00e+00]
  [-1.04e+01 -3.72e+00 -5.09e+00 -5.13e+00 -2.77e+00 -5.09e+00 -5.09e+00
   -1.04e+01 -1.84e+00 -3.72e+00]]

 [[2.70e-09 1.91e-09 5.43e-09 2.04e-09 1.12e-09 6.69e-10 3.21e-09
   1.10e-09 1.31e-09 1.11e-09]
  [3.00e+00 3.00e+00 3.00e+00 3.00e+00 3.00e+00 3.00e+00 3.00e+00
   3.00e+00 3.00e+00 3.00e+00]
  [-5.09e+00 -5.13e+00 -1.04e+01 -1.04e+01 -1.04e+01 -3.72e+00 -3.72e+00
   -3.72e+00 -3.72e+00 -2.75e+00]]

 [[2.32e-09 1.23e-09 5.96e-10 7.29e-10 1.19e-09 2.64e-09 1.94e-09
   7.80e-10 7.21e-10 2.13e-09]
  [3.00e+00 3.00e+00 3.00e+00 3.00e+00 3.00e+00 3.00e+00 3.00e+00
   3.00e+00 3.00e+00 3.00e+00]
  [-1.84e+00 -3.72e+00 -1.84e+00 -3.72e+00 -3.72e+00 -5.13e+00 -1.04e+01
   -1.84e+00 -1.04e+01 -1.84e+00]]

 [[1.26e-08 4.08e-09 4.67e-09 4.11e-09 7.89e-09 3.13e-08 4.32e-09
   1.16e-08 2.01e-09 2.95e-09]
  [3.00e+00 3.00e+00 3.00e+00 3.00e+00 3.00e+00 3.00e+00 3.00e+00
   3.00e+00 3.00e+00 3.00e+00]
  [-2.77e+00 -2.77e+00 -1.04e+01 -1.04e+01 -3.72e+00 -1.04e+01 -5.09e+00
   -1.04e+01 -2.75e+00 -2.75e+00]]

 [[6.81e-09 8.72e-09 6.67e-09 2.99e-09 5.09e-09 3.32e-08 5.79e-09
   3.89e-09 1.91e-08 4.80e-09]
  [3.00e+00 3.00e+00 3.00e+00 3.00e+00 3.00e+00 3.00e+00 3.00e+00
   3.00e+00 3.00e+00 3.00e+00]
  [-1.04e+01 -3.72e+00 -5.09e+00 -5.09e+00 -3.72e+00 -2.75e+00 -1.04e+01
   -1.84e+00 -2.75e+00 -3.72e+00]]

 [[3.82e-09 6.66e-09 1.07e-09 3.21e-09 4.58e-09 6.46e-09 2.53e-08
   3.85e-09 1.80e-09 1.16e-08]
  [3.00e+00 3.00e+00 3.00e+00 3.00e+00 3.00e+00 3.00e+00 3.00e+00
   3.00e+00 3.00e+00 3.00e+00]
  [-5.09e+00 -2.75e+00 -3.72e+00 -1.04e+01 -1.04e+01 -3.72e+00 -1.04e+01
   -3.72e+00 -5.09e+00 -2.75e+00]]

 [[2.33e-08 1.54e-08 8.97e-09 6.52e-08 4.81e-08 2.00e-08 1.66e-08
   1.92e-08 2.66e-08 1.86e-08]
  [3.00e+00 3.00e+00 3.00e+00 3.00e+00 3.00e+00 3.00e+00 3.00e+00
   3.00e+00 3.00e+00 3.00e+00]
  [-5.09e+00 -1.04e+01 -1.04e+01 -5.13e+00 -1.04e+01 -1.04e+01 -5.09e+00
   -2.77e+00 -1.04e+01 -2.77e+00]]

 [[2.35e-08 2.13e-08 1.79e-08 1.80e-08 6.61e-08 8.78e-09 9.96e-09
   1.70e-08 1.31e-08 3.01e-08]
  [3.00e+00 3.00e+00 3.00e+00 3.00e+00 3.00e+00 3.00e+00 3.00e+00
   3.00e+00 3.00e+00 3.00e+00]
  [-5.13e+00 -2.77e+00 -2.75e+00 -1.04e+01 -1.04e+01 -1.04e+01 -5.13e+00
   -1.04e+01 -2.75e+00 -2.75e+00]]

 [[2.32e-08 1.36e-08 6.12e-08 3.41e-08 2.82e-08 3.09e-08 2.75e-08
   1.59e-08 2.43e-08 2.59e-08]
  [3.00e+00 3.00e+00 3.00e+00 3.00e+00 3.00e+00 3.00e+00 3.00e+00
   3.00e+00 3.00e+00 3.00e+00]
  [-1.84e+00 -2.75e+00 -1.04e+01 -1.04e+01 -2.75e+00 -1.04e+01 -2.77e+00
   -1.04e+01 -5.13e+00 -5.13e+00]]

 [[1.53e-07 1.16e-07 1.20e-07 1.69e-07 7.35e-08 1.65e-07 3.45e-08
   8.13e-08 1.49e-07 1.52e-07]
  [3.00e+00 3.00e+00 3.01e+00 3.00e+00 3.00e+00 3.01e+00 3.00e+00
   3.00e+00 3.00e+00 3.00e+00]
  [-1.04e+01 -1.04e+01 -5.13e+00 -1.04e+01 -1.04e+01 -2.77e+00 -1.04e+01
   -1.04e+01 -1.04e+01 -2.77e+00]]

 [[3.97e-07 9.78e-08 9.87e-08 3.08e-08 5.03e-08 5.10e-08 7.90e-08
   2.82e-07 6.82e-08 5.42e-08]
  [3.00e+00 3.00e+00 3.01e+00 3.00e+00 3.01e+00 3.00e+00 3.00e+00
   3.00e+00 3.00e+00 3.00e+00]
  [-1.04e+01 -5.13e+00 -2.77e+00 -1.04e+01 -5.13e+00 -1.04e+01 -5.09e+00
   -1.04e+01 -1.04e+01 -1.04e+01]]

 [[1.67e-07 1.55e-07 7.20e-08 1.04e-07 1.18e-07 6.12e-08 1.09e-07
   2.81e-07 2.89e-07 3.76e-08]
  [3.00e+00 3.00e+00 3.00e+00 3.00e+00 3.00e+00 3.00e+00 3.00e+00
   3.01e+00 3.00e+00 3.00e+00]
  [-1.04e+01 -1.04e+01 -5.09e+00 -1.04e+01 -5.13e+00 -1.04e+01 -1.04e+01
   -1.04e+01 -5.13e+00 -1.04e+01]]

 [[5.54e-07 3.77e-07 9.05e-07 4.07e-07 4.46e-07 5.78e-07 1.78e-06
   4.43e-07 2.17e-06 7.06e-07]
  [3.01e+00 3.00e+00 3.03e+00 3.00e+00 3.00e+00 3.00e+00 3.01e+00
   3.00e+00 3.02e+00 3.01e+00]
  [-1.04e+01 -1.04e+01 -3.72e+00 -1.04e+01 -1.04e+01 -1.04e+01 -1.04e+01
   -5.09e+00 -1.04e+01 -1.04e+01]]

 [[7.37e-07 9.26e-07 3.23e-07 1.32e-06 3.51e-07 6.73e-07 4.66e-07
   5.80e-07 5.28e-07 1.81e-06]
  [3.01e+00 3.01e+00 3.00e+00 3.00e+00 3.02e+00 3.01e+00 3.02e+00
   3.01e+00 3.00e+00 3.01e+00]
  [-1.04e+01 -1.04e+01 -1.04e+01 -5.13e+00 -1.04e+01 -5.13e+00 -1.04e+01
   -1.04e+01 -1.04e+01 -5.13e+00]]

 [[1.02e-06 1.40e-06 6.52e-07 4.19e-07 2.69e-07 4.35e-07 3.71e-07
   5.59e-07 1.14e-06 2.75e-07]
  [3.00e+00 3.01e+00 3.02e+00 3.00e+00 3.00e+00 3.01e+00 3.01e+00
   3.00e+00 3.01e+00 3.01e+00]
  [-1.04e+01 -1.04e+01 -5.13e+00 -1.04e+01 -1.04e+01 -1.04e+01 -1.04e+01
   -1.04e+01 -1.04e+01 -1.04e+01]]

 [[1.84e-09 2.89e-09 4.43e-09 2.09e-09 1.23e-09 1.03e-08 2.09e-09
   9.17e-09 1.85e-09 9.50e-09]
  [3.00e+00 3.00e+00 3.00e+00 3.00e+00 3.00e+00 3.00e+00 3.00e+00
   3.00e+00 3.00e+00 3.00e+00]
  [-1.04e+01 -2.77e+00 -3.72e+00 -3.72e+00 -2.77e+00 -2.75e+00 -3.72e+00
   -2.77e+00 -5.09e+00 -3.72e+00]]

 [[1.50e-09 6.64e-10 3.20e-09 2.79e-09 7.39e-09 2.94e-09 5.58e-09
   2.70e-09 3.62e-09 2.56e-09]
  [3.00e+00 3.00e+00 3.00e+00 3.00e+00 3.00e+00 3.00e+00 3.00e+00
   3.00e+00 3.00e+01 3.00e+00]
  [-5.09e+00 -2.77e+00 -1.04e+01 -5.13e+00 -1.04e+01 -1.04e+01 -5.13e+00
   -1.84e+00 -2.77e+00 -3.72e+00]]

 [[4.57e-09 1.16e-09 3.19e-09 5.06e-09 1.48e-09 6.82e-09 4.00e-09
   4.27e-09 2.52e-09 3.29e-09]
  [3.00e+00 3.00e+00 3.00e+00 3.00e+00 3.00e+00 3.00e+00 3.00e+00
   3.00e+00 3.00e+00 3.00e+01]
  [-1.04e+01 -2.77e+00 -1.04e+01 -5.13e+00 -1.84e+00 -3.72e+00 -1.04e+01
   -2.77e+00 -1.04e+01 -2.75e+00]]

 [[1.93e-06 4.62e-07 1.22e-06 1.48e-06 2.47e-06 1.04e-06 5.20e-06
   1.43e-06 2.53e-06 1.15e-06]
  [3.00e+00 3.00e+00 3.00e+00 3.00e+00 3.00e+00 3.00e+00 3.00e+00
   3.00e+00 3.00e+00 3.00e+00]
  [-2.75e+00 -2.75e+00 -3.72e+00 -1.04e+01 -5.09e+00 -5.12e+00 -2.75e+00
   -2.76e+00 -1.04e+01 -1.04e+01]]

 [[4.22e-07 1.12e-06 1.13e-06 1.61e-06 1.45e-06 1.65e-06 1.24e-06
   1.00e-06 1.10e-06 1.20e-06]
  [3.00e+00 3.00e+00 3.00e+00 3.00e+00 3.00e+00 3.00e+00 3.00e+00
   3.00e+00 3.00e+00 3.00e+00]
  [-2.77e+00 -2.75e+00 -1.04e+01 -3.72e+00 -1.84e+00 -1.04e+01 -5.13e+00
   -2.75e+00 -5.13e+00 -2.75e+00]]

 [[2.93e-06 1.23e-06 2.78e-06 1.43e-06 5.96e-07 1.31e-06 1.12e-06
   8.93e-07 8.87e-07 8.13e-07]
  [3.00e+00 3.00e+00 3.00e+00 3.00e+00 3.00e+00 3.00e+01 3.00e+00
   3.00e+00 3.00e+00 3.00e+00]
  [-1.04e+01 -2.75e+00 -1.04e+01 -2.75e+00 -3.72e+00 -1.04e+01 -3.72e+00
   -5.08e+00 -3.72e+00 -1.04e+01]]

 [[1.31e-05 8.98e-06 7.48e-06 4.48e-06 6.86e-06 6.97e-06 1.94e-05
   4.26e-06 4.60e-06 1.29e-05]
  [3.00e+00 3.00e+00 3.00e+00 3.00e+00 3.00e+00 3.00e+00 3.00e+00
   3.00e+00 3.00e+00 3.00e+00]
  [-3.72e+00 -2.75e+00 -1.04e+01 -1.04e+01 -1.04e+01 -3.72e+00 -5.07e+00
   -2.75e+00 -2.75e+00 -2.75e+00]]

 [[4.15e-06 5.48e-06 5.01e-06 1.36e-05 8.15e-06 9.87e-06 7.49e-06
   9.32e-06 7.25e-06 4.75e-06]
  [3.00e+00 3.00e+00 3.00e+00 3.00e+00 3.00e+00 3.00e+00 3.00e+00
   3.00e+00 3.00e+00 3.00e+00]
  [-1.04e+01 -1.03e+01 -3.72e+00 -1.84e+00 -1.04e+01 -1.04e+01 -2.74e+00
   -3.72e+00 -5.12e+00 -1.03e+01]]

 [[1.04e-05 2.99e-06 4.22e-06 5.08e-06 2.86e-06 8.66e-06 2.63e-06
   6.15e-06 4.77e-06 1.22e-05]
  [3.00e+00 3.00e+00 3.00e+00 3.00e+00 3.00e+00 3.00e+00 3.00e+00
   3.00e+00 3.00e+00 3.00e+00]
  [-3.72e+00 -1.04e+01 -5.12e+00 -2.76e+00 -5.07e+00 -2.75e+00 -2.75e+00
   -2.75e+00 -5.12e+00 -5.12e+00]]

 [[5.42e-05 1.40e-05 2.35e-05 1.80e-05 1.44e-05 8.20e-06 8.35e-05
   6.39e-05 3.43e-05 3.13e-05]
  [3.00e+00 3.00e+00 3.00e+00 3.00e+00 3.00e+00 3.00e+00 3.00e+00
   3.00e+00 3.00e+00 3.00e+00]
  [-1.03e+01 -2.74e+00 -1.03e+01 -1.83e+00 -1.02e+01 -1.03e+01 -1.02e+01
   -1.03e+01 -1.02e+01 -1.83e+00]]

 [[1.90e-05 1.94e-05 2.72e-05 9.41e-06 2.17e-05 2.19e-05 3.52e-05
   1.53e-05 1.26e-05 1.08e-05]
  [3.00e+00 3.00e+00 3.00e+00 3.00e+00 3.00e+00 3.00e+00 3.00e+00
   3.00e+00 3.00e+00 3.00e+00]
  [-2.76e+00 -2.74e+00 -1.03e+01 -1.03e+01 -2.75e+00 -1.03e+01 -2.73e+00
   -2.76e+00 -2.74e+00 -2.74e+00]]

 [[3.24e-05 1.25e-05 1.46e-05 2.38e-05 8.02e-06 1.68e-05 1.52e-05
   1.05e-05 1.77e-05 6.68e-06]
  [3.00e+00 3.00e+00 3.00e+00 3.00e+00 3.00e+00 3.00e+00 3.00e+00
   3.00e+00 3.00e+00 3.00e+00]
  [-1.02e+01 -1.83e+00 -1.03e+01 -1.02e+01 -1.03e+01 -2.75e+00 -2.74e+00
   -1.03e+01 -1.01e+01 -5.04e+00]]

 [[5.18e-05 1.02e-04 1.03e-04 2.21e-04 7.68e-05 2.55e-04 4.70e-05
   1.16e-04 8.75e-05 2.98e-04]
  [3.00e+00 3.00e+00 3.00e+00 3.00e+00 3.00e+00 3.00e+00 3.00e+00
   3.00e+00 3.00e+00 3.00e+00]
  [-1.01e+01 -9.97e+00 -1.02e+01 -9.67e+00 -9.94e+00 -1.01e+01 -9.76e+00
   -9.96e+00 -9.36e+00 -9.99e+00]]

 [[1.20e-04 5.19e-05 1.48e-04 6.39e-05 3.88e-05 1.82e-04 1.66e-04
   6.97e-05 1.40e-04 8.93e-05]
  [3.00e+00 3.00e+00 3.00e+00 3.00e+00 3.00e+00 3.00e+00 3.00e+00
   3.00e+00 3.00e+00 3.00e+00]
  [-2.69e+00 -2.75e+00 -1.00e+01 -9.77e+00 -9.50e+00 -1.01e+01 -9.85e+00
   -2.63e+00 -2.67e+00 -2.74e+00]]

 [[8.30e-05 1.87e-04 1.09e-04 1.59e-04 4.04e-05 7.48e-05 7.03e-05
   6.76e-05 7.52e-05 1.94e-04]
  [3.01e+00 3.00e+00 3.00e+00 3.00e+00 3.00e+00 3.00e+00 3.00e+00
   3.00e+00 3.00e+00 3.01e+00]
  [-2.75e+00 -1.01e+01 -9.77e+00 -9.92e+00 -9.45e+00 -9.83e+00 -5.00e+00
   -9.79e+00 -9.81e+00 -2.74e+00]]

 [[3.63e-04 1.26e-03 4.19e-04 1.10e-03 1.24e-03 1.43e-03 6.92e-04
   2.34e-03 9.07e-04 1.39e-03]
  [3.02e+00 3.00e+00 3.01e+00 3.00e+00 3.00e+00 3.00e+00 3.02e+00
   3.01e+00 3.00e+00 3.03e+00]
  [-8.96e+00 -8.66e+00 -6.17e+00 -7.22e+00 -8.96e+00 -7.33e+00 -9.08e+00
   -6.82e+00 -6.16e+00 -6.71e+00]]

 [[3.57e-04 5.77e-04 1.49e-03 1.02e-04 1.44e-03 4.37e-04 8.14e-04
   4.17e-04 1.70e-03 8.18e-04]
  [3.02e+00 3.00e+00 3.04e+00 3.00e+00 3.02e+00 3.02e+00 3.00e+00
   3.01e+00 3.01e+00 3.01e+00]
  [-6.05e+00 -6.35e+00 -7.64e+00 -8.61e+00 -1.02e+01 -7.55e+00 -8.86e+00
   -8.67e+00 -5.78e+00 -7.04e+00]]

 [[3.23e-04 8.78e-04 5.42e-04 1.02e-03 3.13e-04 5.27e-04 3.99e-04
   2.58e-04 4.54e-04 1.07e-03]
  [3.02e+00 3.01e+00 3.00e+00 3.04e+00 3.00e+00 3.01e+00 3.00e+00
   3.03e+00 3.00e+00 3.02e+00]
  [-6.38e+00 -6.49e+00 -6.49e+00 -6.49e+00 -9.52e+00 -7.03e+00 -6.25e+00
   -8.44e+00 -8.63e+00 -6.56e+00]]

 [[1.17e-08 8.10e-09 1.01e-08 8.98e-09 1.35e-08 1.28e-08 1.16e-08
   1.22e-08 3.06e-09 1.57e-08]
  [3.00e+00 3.00e+00 3.00e+00 3.00e+00 3.00e+00 3.00e+00 3.00e+00
   3.00e+00 3.00e+00 3.00e+00]
  [-5.09e+00 -3.72e+00 -1.04e+01 -2.77e+00 -1.04e+01 -1.04e+01 -1.04e+01
   -1.04e+01 -5.09e+00 -3.72e+00]]

 [[4.18e-09 7.44e-09 6.69e-09 1.06e-08 5.30e-09 6.44e-09 3.81e-09
   4.51e-09 6.21e-09 7.98e-09]
  [3.00e+00 3.00e+00 3.00e+00 3.00e+00 3.00e+00 3.00e+00 3.00e+00
   3.00e+00 3.00e+00 3.00e+00]
  [-3.72e+00 -3.72e+00 -2.75e+00 -2.75e+00 -1.04e+01 -2.75e+00 -5.13e+00
   -1.04e+01 -2.77e+00 -2.77e+00]]

 [[6.80e-09 1.56e-09 1.32e-09 5.75e-09 2.83e-09 9.22e-09 3.11e-09
   1.76e-09 3.16e-09 2.40e-09]
  [3.00e+00 3.00e+00 3.00e+00 3.00e+01 3.00e+00 3.00e+00 3.00e+00
   3.00e+00 3.00e+00 3.00e+01]
  [-2.75e+00 -1.04e+01 -2.77e+00 -1.04e+01 -2.77e+00 -3.72e+00 -2.75e+00
   -2.77e+00 -5.13e+00 -2.75e+00]]

 [[3.80e-06 1.04e-06 4.19e-06 4.10e-06 4.88e-06 5.18e-06 2.07e-06
   1.37e-06 3.89e-06 1.58e-06]
  [3.00e+00 3.00e+00 3.00e+00 3.00e+00 3.00e+00 3.00e+00 3.00e+00
   3.00e+00 3.00e+00 3.00e+00]
  [-1.84e+00 -5.13e+00 -1.84e+00 -1.04e+01 -1.04e+01 -5.09e+00 -2.76e+00
   -2.77e+00 -2.75e+00 -3.72e+00]]

 [[2.69e-06 1.88e-06 2.29e-06 2.18e-06 5.53e-06 3.44e-06 3.29e-06
   2.50e-06 6.46e-07 1.44e-06]
  [3.00e+00 3.00e+00 3.00e+00 3.00e+00 3.00e+00 3.00e+00 3.00e+00
   3.00e+00 3.00e+00 3.00e+00]
  [-1.04e+01 -2.76e+00 -1.84e+00 -3.72e+00 -5.13e+00 -3.72e+00 -1.04e+01
   -1.04e+01 -1.84e+00 -1.04e+01]]

 [[3.67e-06 2.43e-06 1.18e-06 3.33e-06 1.99e-06 3.03e-06 4.58e-06
   2.33e-06 8.64e-07 4.86e-06]
  [3.00e+00 3.00e+00 3.00e+00 3.00e+00 3.00e+00 3.00e+00 3.00e+00
   3.00e+00 3.00e+00 3.00e+00]
  [-1.04e+01 -1.04e+01 -2.75e+00 -1.04e+01 -5.08e+00 -3.72e+00 -5.13e+00
   -2.76e+00 -2.75e+00 -5.08e+00]]

 [[2.70e-05 1.82e-05 2.16e-05 3.24e-05 2.30e-05 1.68e-05 2.71e-05
   9.77e-06 6.24e-06 2.29e-05]
  [3.00e+00 3.00e+00 3.00e+00 3.00e+00 3.00e+00 3.00e+00 3.00e+00
   3.00e+00 3.00e+00 3.00e+00]
  [-3.72e+00 -1.84e+00 -1.04e+01 -1.03e+01 -1.04e+01 -1.04e+01 -5.11e+00
   -2.75e+00 -2.76e+00 -1.04e+01]]

 [[2.05e-05 1.59e-05 8.18e-06 1.37e-05 5.19e-05 1.09e-05 4.04e-05
   8.58e-06 2.49e-05 8.73e-06]
  [3.00e+00 3.00e+00 3.00e+00 3.00e+00 3.00e+00 3.00e+00 3.00e+00
   3.00e+00 3.00e+00 3.00e+00]
  [-5.08e+00 -5.08e+00 -1.03e+01 -1.03e+01 -1.03e+01 -2.75e+00 -5.12e+00
   -1.04e+01 -1.04e+01 -1.84e+00]]

 [[1.13e-05 6.88e-06 6.32e-06 7.92e-06 6.02e-06 1.20e-05 2.33e-05
   1.33e-05 8.54e-06 3.79e-06]
  [3.00e+00 3.00e+00 3.00e+00 3.00e+00 3.00e+00 3.00e+00 3.00e+00
   3.00e+00 3.00e+00 3.00e+00]
  [-2.75e+00 -3.72e+00 -1.04e+01 -3.72e+00 -3.72e+00 -2.75e+00 -3.72e+00
   -5.08e+00 -2.75e+00 -5.12e+00]]

 [[4.50e-05 5.16e-05 1.62e-05 2.77e-05 7.59e-06 3.88e-05 3.03e-05
   3.89e-05 1.95e-05 7.24e-05]
  [3.00e+00 3.00e+00 3.00e+00 3.00e+00 3.00e+00 3.00e+00 3.00e+00
   3.00e+00 3.00e+00 3.00e+00]
  [-1.03e+01 -1.03e+01 -1.03e+01 -1.03e+01 -1.04e+01 -2.74e+00 -2.74e+00
   -5.04e+00 -1.03e+01 -1.03e+01]]

 [[3.69e-05 1.72e-05 6.11e-05 2.78e-05 2.87e-05 7.46e-05 1.16e-05
   5.01e-05 8.56e-05 5.91e-05]
  [3.00e+00 3.00e+00 3.00e+00 3.00e+00 3.00e+00 3.00e+00 3.00e+00
   3.00e+00 3.00e+00 3.00e+00]
  [-1.04e+01 -1.04e+01 -5.07e+00 -2.76e+00 -1.03e+01 -1.02e+01 -2.75e+00
   -1.03e+01 -1.83e+00 -2.74e+00]]

 [[5.07e-05 4.59e-05 1.92e-05 1.84e-05 3.52e-05 2.33e-05 6.27e-06
   5.58e-05 2.72e-05 8.86e-06]
  [3.00e+00 3.00e+00 3.00e+00 3.00e+00 3.00e+00 3.00e+00 3.00e+00
   3.00e+00 3.00e+00 3.00e+00]
  [-1.02e+01 -2.75e+00 -5.07e+00 -1.04e+01 -2.74e+00 -2.75e+00 -1.02e+01
   -1.84e+00 -1.03e+01 -2.76e+00]]

 [[2.72e-04 3.58e-04 3.18e-04 2.50e-04 2.36e-04 1.72e-04 7.44e-04
   2.02e-04 2.21e-04 2.69e-04]
  [3.00e+00 3.00e+00 3.00e+00 3.00e+00 3.01e+00 3.00e+00 3.00e+00
   3.00e+00 3.00e+00 3.00e+00]
  [-1.00e+01 -9.96e+00 -4.90e+00 -9.69e+00 -9.93e+00 -9.38e+00 -9.73e+00
   -9.73e+00 -9.96e+00 -9.86e+00]]

 [[4.35e-05 1.00e-04 1.12e-04 1.24e-04 1.10e-04 1.58e-04 8.65e-05
   6.93e-05 3.29e-04 9.56e-05]
  [3.00e+00 3.00e+00 3.00e+00 3.00e+00 3.00e+00 3.00e+00 3.00e+00
   3.00e+00 3.00e+00 3.00e+00]
  [-9.30e+00 -9.61e+00 -9.97e+00 -1.01e+01 -4.99e+00 -9.97e+00 -1.03e+01
   -9.53e+00 -4.95e+00 -4.84e+00]]

 [[4.43e-05 2.61e-05 7.87e-05 6.76e-05 1.12e-04 2.89e-04 5.63e-05
   1.47e-04 1.67e-04 2.81e-04]
  [3.00e+00 3.00e+00 3.00e+00 3.01e+00 3.00e+00 3.00e+00 3.00e+00
   3.00e+00 3.01e+00 3.00e+00]
  [-1.02e+01 -9.55e+00 -9.61e+00 -1.01e+01 -9.38e+00 -4.93e+00 -4.95e+00
   -9.69e+00 -9.86e+00 -9.31e+00]]

 [[3.91e-04 2.23e-03 1.77e-03 1.72e-03 7.93e-04 2.90e-03 2.28e-03
   2.49e-03 2.89e-03 2.24e-03]
  [3.00e+00 3.00e+00 3.04e+00 3.02e+00 3.00e+00 3.01e+00 3.01e+00
   3.01e+00 3.01e+00 3.01e+00]
  [-6.99e+00 -5.86e+00 -5.89e+00 -8.20e+00 -7.81e+00 -7.73e+00 -8.30e+00
   -6.36e+00 -7.54e+00 -8.26e+00]]

 [[7.89e-04 8.60e-04 9.01e-04 1.22e-03 7.90e-04 2.07e-03 4.09e-04
   1.05e-03 6.15e-04 1.23e-03]
  [3.01e+00 3.01e+00 3.01e+00 3.00e+00 3.00e+00 3.01e+00 3.01e+00
   3.01e+00 3.00e+00 3.01e+00]
  [-8.42e+00 -6.73e+00 -7.26e+00 -8.50e+00 -7.23e+00 -7.86e+00 -7.06e+00
   -8.05e+00 -9.94e+00 -7.89e+00]]

 [[8.36e-04 9.00e-05 3.30e-04 1.55e-03 3.18e-04 6.22e-04 1.47e-03
   6.28e-04 1.05e-03 2.79e-03]
  [3.01e+00 3.00e+00 3.01e+00 3.01e+00 3.03e+00 3.01e+00 3.02e+00
   3.00e+00 3.01e+00 3.03e+00]
  [-8.11e+00 -9.23e+00 -6.84e+00 -9.88e+00 -1.02e+01 -9.08e+00 -6.54e+00
   -6.11e+00 -8.37e+00 -6.09e+00]]

 [[1.10e-05 1.65e-05 1.69e-05 2.18e-05 1.76e-05 2.02e-05 2.13e-05
   2.12e-05 2.03e-05 1.62e-05]
  [3.00e+00 3.00e+00 3.00e+00 3.00e+00 3.00e+00 3.00e+00 3.00e+01
   3.00e+00 3.00e+00 3.00e+00]
  [-2.75e+00 -3.72e+00 -1.04e+01 -3.72e+00 -1.04e+01 -1.84e+00 -1.04e+01
   -1.04e+01 -5.13e+00 -2.75e+00]]

 [[7.97e-06 2.61e-05 2.49e-05 2.19e-05 2.07e-05 1.84e-05 2.01e-05
   1.81e-05 1.91e-05 2.19e-05]
  [3.00e+00 3.00e+00 3.00e+00 3.00e+01 3.00e+00 3.00e+00 3.00e+00
   3.00e+00 3.00e+00 3.00e+00]
  [-2.77e+00 -1.84e+00 -2.77e+00 -2.77e+00 -3.72e+00 -3.72e+00 -1.84e+00
   -1.04e+01 -1.04e+01 -1.84e+00]]

 [[1.85e-05 1.85e-05 1.22e-05 1.72e-05 1.98e-05 2.54e-05 2.48e-05
   2.28e-05 1.19e-05 2.06e-05]
  [3.00e+00 3.00e+00 3.00e+01 3.00e+00 3.00e+00 3.00e+00 3.00e+00
   3.00e+00 3.00e+00 3.00e+00]
  [-2.75e+00 -5.13e+00 -1.04e+01 -5.13e+00 -3.72e+00 -3.72e+00 -1.04e+01
   -3.72e+00 -1.04e+01 -1.04e+01]]

 [[1.14e-02 3.68e-03 1.45e-02 1.65e-02 9.95e-03 1.08e-02 1.33e-02
   9.60e-03 1.37e-02 1.20e-02]
  [3.00e+00 3.00e+00 3.00e+00 3.00e+00 3.00e+00 3.00e+00 3.00e+00
   3.00e+00 3.00e+00 3.00e+00]
  [-2.75e+00 -1.84e+00 -3.72e+00 -2.75e+00 -1.84e+00 -1.04e+01 -1.04e+01
   -1.04e+01 -1.04e+01 -2.75e+00]]

 [[1.67e-02 1.16e-02 1.01e-02 1.54e-02 1.42e-02 1.30e-02 9.23e-03
   1.12e-02 1.41e-02 1.22e-02]
  [3.00e+00 3.00e+00 3.00e+00 3.00e+00 3.00e+00 3.00e+00 3.00e+00
   3.00e+00 3.00e+00 3.00e+00]
  [-5.13e+00 -1.04e+01 -1.04e+01 -5.09e+00 -2.77e+00 -1.04e+01 -2.75e+00
   -3.72e+00 -3.72e+00 -5.09e+00]]

 [[1.12e-02 1.45e-02 1.06e-02 1.46e-02 1.65e-02 9.67e-03 9.16e-03
   9.24e-03 1.22e-02 1.46e-02]
  [3.00e+00 3.00e+00 3.00e+00 3.00e+00 3.00e+00 3.00e+00 3.00e+00
   3.00e+00 3.00e+00 3.00e+00]
  [-2.75e+00 -2.76e+00 -1.04e+01 -3.72e+00 -5.13e+00 -5.13e+00 -2.75e+00
   -3.72e+00 -2.75e+00 -2.77e+00]]

 [[8.64e-02 5.01e-02 4.80e-02 6.72e-02 9.11e-02 6.14e-02 5.71e-02
   4.44e-02 5.08e-02 6.19e-02]
  [3.00e+00 3.00e+00 3.00e+00 3.00e+00 3.00e+00 3.00e+00 3.00e+00
   3.00e+00 3.00e+00 3.00e+00]
  [-3.72e+00 -5.10e+00 -5.08e+00 -2.76e+00 -1.04e+01 -2.76e+00 -1.03e+01
   -1.04e+01 -1.84e+00 -1.84e+00]]

 [[5.89e-02 5.51e-02 7.94e-02 7.94e-02 4.89e-02 5.80e-02 8.63e-02
   4.58e-02 5.66e-02 6.17e-02]
  [3.00e+00 3.00e+00 3.00e+00 3.00e+00 3.00e+00 3.00e+00 3.00e+00
   3.00e+00 3.00e+00 3.00e+00]
  [-2.75e+00 -1.03e+01 -2.75e+00 -1.03e+01 -2.76e+00 -2.76e+00 -1.04e+01
   -2.76e+00 -3.72e+00 -3.72e+00]]

 [[6.15e-02 6.22e-02 6.46e-02 6.02e-02 6.47e-02 6.28e-02 6.03e-02
   4.65e-02 7.09e-02 5.25e-02]
  [3.00e+00 3.00e+00 3.00e+00 3.00e+00 3.00e+00 3.00e+00 3.00e+00
   3.00e+00 3.00e+00 3.00e+00]
  [-2.76e+00 -2.76e+00 -5.12e+00 -1.04e+01 -3.72e+00 -1.03e+01 -1.03e+01
   -2.75e+00 -3.71e+00 -2.75e+00]]

 [[1.66e-01 1.57e-01 1.37e-01 2.03e-01 1.93e-01 1.83e-01 1.50e-01
   1.64e-01 1.97e-01 1.84e-01]
  [3.00e+00 3.00e+00 3.00e+00 3.00e+00 3.00e+00 3.00e+00 3.00e+00
   3.00e+00 3.00e+00 3.00e+00]
  [-1.03e+01 -1.03e+01 -2.76e+00 -1.03e+01 -1.03e+01 -2.74e+00 -5.04e+00
   -5.05e+00 -1.03e+01 -1.02e+01]]

 [[9.08e-02 1.60e-01 2.06e-01 1.33e-01 1.85e-01 1.73e-01 9.83e-02
   1.45e-01 7.99e-02 1.80e-01]
  [3.00e+00 3.00e+00 3.00e+00 3.00e+00 3.00e+00 3.00e+00 3.00e+00
   3.00e+00 3.00e+00 3.00e+00]
  [-2.74e+00 -2.76e+00 -1.03e+01 -5.01e+00 -1.02e+01 -1.03e+01 -1.03e+01
   -2.74e+00 -1.04e+01 -1.04e+01]]

 [[1.35e-01 1.28e-01 1.77e-01 1.57e-01 1.60e-01 2.05e-01 1.39e-01
   1.64e-01 1.01e-01 1.57e-01]
  [3.00e+00 3.00e+00 3.00e+00 3.00e+00 3.00e+00 3.00e+00 3.00e+00
   3.00e+00 3.00e+00 3.00e+00]
  [-1.03e+01 -2.74e+00 -1.02e+01 -1.83e+00 -1.03e+01 -2.74e+00 -5.04e+00
   -2.74e+00 -2.75e+00 -2.76e+00]]

 [[9.31e-01 4.01e-01 7.60e-01 7.07e-01 8.30e-01 9.31e-01 8.94e-01
   8.82e-01 6.17e-01 8.19e-01]
  [3.00e+00 3.00e+00 3.00e+00 3.00e+00 3.00e+00 3.00e+00 3.00e+00
   3.00e+00 3.00e+00 3.00e+00]
  [-9.68e+00 -4.93e+00 -9.57e+00 -4.87e+00 -1.03e+01 -9.96e+00 -9.62e+00
   -9.62e+00 -1.00e+01 -9.77e+00]]

 [[9.71e-01 6.21e-01 1.02e+00 9.16e-01 8.64e-01 9.26e-01 6.08e-01
   9.26e-01 6.67e-01 6.78e-01]
  [3.00e+00 3.00e+00 3.00e+00 3.00e+00 3.00e+00 3.00e+00 3.00e+00
   3.00e+00 3.00e+00 3.01e+00]
  [-2.76e+00 -9.84e+00 -1.04e+01 -1.03e+01 -2.73e+00 -2.74e+00 -9.86e+00
   -9.82e+00 -9.82e+00 -9.71e+00]]

 [[5.16e-01 6.46e-01 7.19e-01 6.71e-01 7.53e-01 9.22e-01 4.46e-01
   6.87e-01 8.19e-01 1.05e+00]
  [3.00e+00 3.00e+00 3.00e+00 3.00e+00 3.00e+00 3.00e+00 3.00e+00
   3.00e+00 3.00e+00 3.00e+00]
  [-2.72e+00 -4.93e+00 -9.87e+00 -2.73e+00 -1.01e+01 -9.80e+00 -9.93e+00
   -8.91e+00 -4.88e+00 -1.01e+01]]

 [[5.11e+00 4.87e+00 3.88e+00 4.40e+00 5.34e+00 4.25e+00 4.03e+00
   5.62e+00 5.89e+00 3.76e+00]
  [3.01e+00 3.01e+00 3.00e+00 3.01e+00 3.00e+00 3.00e+00 3.00e+00
   3.00e+00 3.03e+00 3.03e+00]
  [-8.85e+00 -9.90e+00 -6.12e+00 -8.01e+00 -9.33e+00 -6.72e+00 -9.13e+00
   -7.89e+00 -8.68e+00 -7.53e+00]]

 [[5.97e+00 2.83e+00 4.46e+00 5.24e+00 4.56e+00 6.02e+00 5.80e+00
   5.18e+00 5.53e+00 5.74e+00]
  [3.01e+00 3.03e+00 3.00e+00 3.00e+00 3.01e+00 3.00e+00 3.01e+00
   3.01e+00 3.00e+00 3.00e+00]
  [-5.89e+00 -7.93e+00 -8.58e+00 -7.44e+00 -9.17e+00 -8.68e+00 -9.02e+00
   -7.46e+00 -6.59e+00 -6.68e+00]]

 [[4.35e+00 5.17e+00 3.81e+00 5.23e+00 6.39e+00 6.02e+00 6.39e+00
   5.38e+00 5.02e+00 3.59e+00]
  [3.00e+00 3.01e+00 3.00e+00 3.01e+00 3.02e+00 3.00e+00 3.00e+00
   3.01e+00 3.00e+00 3.01e+00]
  [-7.21e+00 -6.24e+00 -8.14e+00 -8.39e+00 -7.18e+00 -7.83e+00 -9.20e+00
   -8.15e+00 -6.27e+00 -7.49e+00]]

 [[2.65e-05 1.21e-05 1.56e-05 1.88e-05 1.90e-05 1.75e-05 2.58e-05
   1.95e-05 1.90e-05 1.34e-05]
  [3.00e+00 3.00e+00 3.00e+00 3.00e+00 3.00e+00 3.00e+00 3.00e+01
   3.00e+00 3.00e+00 3.00e+00]
  [-3.72e+00 -1.84e+00 -1.04e+01 -3.72e+00 -2.77e+00 -1.04e+01 -2.77e+00
   -1.04e+01 -3.72e+00 -2.77e+00]]

 [[2.12e-05 1.52e-05 2.18e-05 1.78e-05 1.52e-05 1.89e-05 1.26e-05
   2.01e-05 1.72e-05 2.28e-05]
  [3.00e+00 3.00e+00 3.00e+01 3.00e+00 3.00e+00 3.00e+00 3.00e+00
   3.00e+00 3.00e+00 3.00e+00]
  [-5.09e+00 -3.72e+00 -1.84e+00 -3.72e+00 -1.04e+01 -5.09e+00 -1.04e+01
   -3.72e+00 -5.09e+00 -5.13e+00]]

 [[2.20e-05 2.38e-05 1.46e-05 1.58e-05 1.33e-05 1.26e-05 9.61e-06
   2.51e-05 2.21e-05 1.86e-05]
  [3.00e+00 3.00e+00 3.00e+00 3.00e+00 3.00e+00 3.00e+00 3.00e+00
   3.00e+00 3.00e+00 3.00e+00]
  [-1.04e+01 -3.72e+00 -2.75e+00 -2.75e+00 -5.13e+00 -3.72e+00 -1.04e+01
   -1.04e+01 -5.09e+00 -2.75e+00]]

 [[1.34e-02 1.47e-02 1.27e-02 1.10e-02 5.28e-03 1.39e-02 8.68e-03
   1.17e-02 1.30e-02 8.83e-03]
  [3.00e+00 3.00e+00 3.00e+00 3.00e+00 3.00e+00 3.00e+00 3.00e+00
   3.00e+00 3.00e+00 3.00e+00]
  [-5.08e+00 -1.84e+00 -1.84e+00 -5.09e+00 -1.04e+01 -1.04e+01 -1.04e+01
   -2.75e+00 -1.04e+01 -1.04e+01]]

 [[1.55e-02 8.08e-03 9.54e-03 1.52e-02 8.84e-03 1.38e-02 1.33e-02
   1.33e-02 1.43e-02 1.44e-02]
  [3.00e+00 3.00e+00 3.00e+00 3.00e+00 3.00e+00 3.00e+00 3.00e+00
   3.00e+00 3.00e+00 3.00e+00]
  [-3.72e+00 -2.77e+00 -1.04e+01 -1.04e+01 -1.04e+01 -5.13e+00 -5.08e+00
   -2.76e+00 -2.77e+00 -3.72e+00]]

 [[1.56e-02 1.02e-02 9.99e-03 1.04e-02 1.36e-02 6.05e-03 1.40e-02
   1.10e-02 1.22e-02 1.09e-02]
  [3.00e+00 3.00e+00 3.00e+00 3.00e+00 3.00e+00 3.00e+00 3.00e+00
   3.00e+00 3.00e+00 3.00e+00]
  [-5.09e+00 -1.04e+01 -3.72e+00 -3.72e+00 -3.72e+00 -5.13e+00 -1.04e+01
   -3.72e+00 -2.75e+00 -3.72e+00]]

 [[4.36e-02 6.05e-02 5.18e-02 6.94e-02 7.28e-02 6.00e-02 7.71e-02
   6.72e-02 7.93e-02 3.70e-02]
  [3.00e+00 3.00e+00 3.00e+00 3.00e+00 3.00e+00 3.00e+00 3.00e+00
   3.00e+00 3.00e+00 3.00e+00]
  [-1.04e+01 -3.72e+00 -5.07e+00 -2.76e+00 -5.11e+00 -5.08e+00 -5.07e+00
   -3.72e+00 -5.08e+00 -1.03e+01]]

 [[6.89e-02 4.37e-02 6.14e-02 6.29e-02 7.14e-02 6.24e-02 4.35e-02
   5.23e-02 3.39e-02 3.69e-02]
  [3.00e+00 3.00e+00 3.00e+00 3.00e+00 3.00e+00 3.00e+00 3.00e+00
   3.00e+00 3.00e+00 3.00e+00]
  [-1.03e+01 -1.04e+01 -5.07e+00 -3.72e+00 -2.75e+00 -1.03e+01 -1.04e+01
   -3.72e+00 -1.03e+01 -5.12e+00]]

 [[4.68e-02 5.86e-02 5.28e-02 6.10e-02 4.18e-02 6.01e-02 3.99e-02
   2.85e-02 5.24e-02 4.02e-02]
  [3.00e+00 3.00e+00 3.00e+00 3.00e+00 3.00e+00 3.00e+00 3.00e+00
   3.00e+00 3.00e+00 3.00e+00]
  [-1.03e+01 -2.75e+00 -5.12e+00 -2.75e+00 -2.76e+00 -1.04e+01 -1.84e+00
   -1.03e+01 -1.03e+01 -1.04e+01]]

 [[1.65e-01 1.84e-01 1.65e-01 1.61e-01 1.75e-01 1.80e-01 1.68e-01
   9.49e-02 1.63e-01 1.90e-01]
  [3.00e+00 3.00e+00 3.00e+00 3.00e+00 3.00e+00 3.00e+00 3.00e+00
   3.00e+00 3.00e+00 3.00e+00]
  [-5.04e+00 -2.76e+00 -1.04e+01 -5.04e+00 -2.75e+00 -5.05e+00 -1.04e+01
   -1.01e+01 -1.01e+01 -1.03e+01]]

 [[1.53e-01 1.67e-01 1.81e-01 1.33e-01 1.03e-01 1.49e-01 1.36e-01
   2.10e-01 1.73e-01 1.77e-01]
  [3.00e+00 3.00e+00 3.00e+00 3.00e+00 3.00e+00 3.00e+00 3.00e+00
   3.00e+00 3.00e+00 3.00e+00]
  [-1.01e+01 -2.75e+00 -1.03e+01 -5.13e+00 -5.05e+00 -1.02e+01 -5.02e+00
   -5.03e+00 -1.03e+01 -1.03e+01]]

 [[1.29e-01 1.03e-01 1.81e-01 1.66e-01 1.42e-01 1.97e-01 2.03e-01
   1.77e-01 1.75e-01 1.26e-01]
  [3.00e+00 3.00e+00 3.00e+00 3.00e+00 3.00e+00 3.00e+00 3.00e+00
   3.00e+00 3.00e+00 3.00e+00]
  [-5.12e+00 -1.03e+01 -1.04e+01 -2.76e+00 -1.03e+01 -1.03e+01 -1.83e+00
   -2.75e+00 -5.05e+00 -5.05e+00]]

 [[9.89e-01 6.63e-01 5.26e-01 6.54e-01 6.95e-01 7.80e-01 8.88e-01
   7.79e-01 7.54e-01 8.54e-01]
  [3.00e+00 3.00e+00 3.00e+00 3.00e+00 3.00e+00 3.00e+00 3.00e+00
   3.00e+00 3.00e+00 3.00e+00]
  [-1.02e+01 -9.57e+00 -9.11e+00 -9.05e+00 -9.99e+00 -9.92e+00 -1.01e+01
   -1.02e+01 -9.65e+00 -5.05e+00]]

 [[5.46e-01 5.83e-01 6.05e-01 5.61e-01 6.61e-01 8.25e-01 7.77e-01
   9.24e-01 5.63e-01 7.66e-01]
  [3.00e+00 3.00e+00 3.00e+00 3.00e+00 3.00e+00 3.00e+00 3.00e+00
   3.00e+00 3.00e+00 3.01e+00]
  [-9.61e+00 -9.67e+00 -4.80e+00 -1.00e+01 -9.57e+00 -9.10e+00 -4.98e+00
   -4.81e+00 -9.44e+00 -1.01e+01]]

 [[7.89e-01 7.62e-01 1.17e+00 9.33e-01 6.95e-01 5.28e-01 6.96e-01
   5.45e-01 1.02e+00 5.72e-01]
  [3.00e+00 3.00e+00 3.00e+00 3.00e+00 3.00e+00 3.00e+00 3.01e+00
   3.00e+00 3.00e+00 3.00e+00]
  [-2.71e+00 -5.01e+00 -4.97e+00 -9.59e+00 -9.93e+00 -9.65e+00 -1.00e+01
   -1.03e+01 -2.75e+00 -5.04e+00]]

 [[4.75e+00 7.06e+00 4.92e+00 5.30e+00 5.26e+00 6.50e+00 4.06e+00
   6.43e+00 4.48e+00 4.56e+00]
  [3.03e+00 3.01e+00 3.01e+00 3.01e+00 3.01e+00 3.00e+00 3.01e+00
   3.01e+00 3.00e+00 3.00e+00]
  [-6.90e+00 -6.86e+00 -8.63e+00 -6.13e+00 -9.11e+00 -8.33e+00 -6.12e+00
   -6.79e+00 -7.50e+00 -7.85e+00]]

 [[4.93e+00 4.04e+00 4.40e+00 5.13e+00 4.48e+00 5.15e+00 3.69e+00
   3.99e+00 4.63e+00 4.89e+00]
  [3.00e+00 3.01e+00 3.00e+00 3.01e+00 3.00e+00 3.01e+00 3.00e+00
   3.03e+00 3.02e+00 3.01e+00]
  [-7.22e+00 -7.92e+00 -6.20e+00 -7.47e+00 -8.13e+00 -9.39e+00 -8.77e+00
   -6.43e+00 -6.29e+00 -7.29e+00]]

 [[5.18e+00 5.63e+00 4.80e+00 5.85e+00 5.27e+00 3.62e+00 5.53e+00
   6.26e+00 6.27e+00 3.03e+00]
  [3.00e+00 3.02e+00 3.00e+00 3.02e+00 3.02e+00 3.01e+00 3.01e+00
   3.00e+00 3.00e+00 3.02e+00]
  [-7.71e+00 -7.28e+00 -8.00e+00 -7.75e+00 -8.15e+00 -8.34e+00 -7.89e+00
   -8.39e+00 -8.68e+00 -7.08e+00]]]