[[[ 4.27086076e-12  2.89614971e-12  7.52316259e-12  4.87474664e-12
    1.34553226e-11  1.50221653e-12  6.39713022e-13  1.20617105e-12
    3.80036288e-12  6.02436889e-12]
  [ 3.00000001e+00  3.00000002e+00  3.00000001e+00  3.00000002e+00
    3.00000000e+01  3.00000004e+00  3.00000001e+01  3.00000001e+00
    3.00000011e+00  3.00000004e+00]
  [-1.04028631e+01 -3.72430035e+00 -5.08767183e+00 -3.72430035e+00
   -1.04028443e+01 -1.83759297e+00 -2.75193356e+00 -2.75193356e+00
   -2.76589733e+00 -3.72430035e+00]]

 [[ 1.12814275e-09  7.50212164e-10  2.36659222e-09  1.19495286e-09
    9.98804016e-10  1.42493700e-09  9.80604570e-10  1.42922842e-09
    2.60370453e-09  2.12002097e-09]
  [ 3.00001735e+00  3.00000994e+00  3.00004078e+00  3.00004241e+00
    3.00000901e+00  3.00001549e+00  3.00007959e+00  3.00004360e+00
    3.00007428e+00  3.00002888e+00]
  [-1.04028214e+01 -3.72430035e+00 -5.08767182e+00 -5.12882279e+00
   -2.76589733e+00 -5.08767182e+00 -5.08767182e+00 -1.04028389e+01
   -1.83759297e+00 -3.72430035e+00]]

 [[ 2.70157237e-09  1.91006591e-09  5.42713335e-09  2.04375295e-09
    1.12116906e-09  6.69029952e-10  3.20694689e-09  1.10275820e-09
    1.30707491e-09  1.10500116e-09]
  [ 3.00002156e+00  3.00002870e+00  3.00004200e+00  3.00000933e+00
    3.00000150e+00  3.00001910e+00  3.00000478e+00  3.00000847e+00
    3.00002821e+00  3.00000660e+00]
  [-5.08767182e+00 -5.12882280e+00 -1.04028612e+01 -1.04028844e+01
   -1.04028017e+01 -3.72430035e+00 -3.72430034e+00 -3.72430035e+00
   -3.72430035e+00 -2.75193356e+00]]

 [[ 2.31568444e-09  1.22897710e-09  5.95717432e-10  7.29334145e-10
    1.19016067e-09  2.64443871e-09  1.94392406e-09  7.80324209e-10
    7.20875366e-10  2.13089094e-09]
  [ 3.00001835e+00  3.00000024e+00  3.00001752e+00  3.00000542e+00
    3.00001498e+00  3.00001876e+00  3.00000251e+00  3.00000883e+00
    3.00001248e+00  3.00001579e+00]
  [-1.83759297e+00 -3.72430035e+00 -1.83759297e+00 -3.72430035e+00
   -3.72430035e+00 -5.12882279e+00 -1.04028273e+01 -1.83759297e+00
   -1.04029071e+01 -1.83759297e+00]]

 [[ 1.25999108e-08  4.07872228e-09  4.66634792e-09  4.11434162e-09
    7.89223024e-09  3.13228066e-08  4.32126502e-09  1.16450224e-08
    2.01109478e-09  2.95011447e-09]
  [ 3.00007018e+00  3.00003826e+00  3.00013136e+00  3.00038135e+00
    3.00005689e+00  3.00033633e+00  3.00007381e+00  3.00002099e+00
    3.00038671e+00  3.00001541e+00]
  [-2.76589733e+00 -2.76589733e+00 -1.04028551e+01 -1.04028532e+01
   -3.72430034e+00 -1.04028988e+01 -5.08767181e+00 -1.04028246e+01
   -2.75193356e+00 -2.75193356e+00]]

 [[ 6.80519530e-09  8.72419219e-09  6.66913131e-09  2.99046229e-09
    5.09040738e-09  3.31846671e-08  5.78644829e-09  3.88735280e-09
    1.91173488e-08  4.80489552e-09]
  [ 3.00006161e+00  3.00016188e+00  3.00003174e+00  3.00006605e+00
    3.00009110e+00  3.00007641e+00  3.00024978e+00  3.00000268e+00
    3.00017982e+00  3.00000134e+00]
  [-1.04028750e+01 -3.72430034e+00 -5.08767182e+00 -5.08767182e+00
   -3.72430035e+00 -2.75193356e+00 -1.04029335e+01 -1.83759297e+00
   -2.75193356e+00 -3.72430035e+00]]

 [[ 3.81510380e-09  6.65910269e-09  1.07074963e-09  3.21405793e-09
    4.58119670e-09  6.46316217e-09  2.52845926e-08  3.84513037e-09
    1.80431797e-09  1.16020417e-08]
  [ 3.00050737e+00  3.00000486e+00  3.00032268e+00  3.00018467e+00
    3.00034460e+00  3.00009315e+00  3.00000921e+00  3.00022346e+00
    3.00021209e+00  3.00000289e+00]
  [-5.08767182e+00 -2.75193356e+00 -3.72430035e+00 -1.04028082e+01
   -1.04028432e+01 -3.72430035e+00 -1.04028234e+01 -3.72430034e+00
   -5.08767178e+00 -2.75193356e+00]]

 [[ 2.32825268e-08  1.54198323e-08  8.96957088e-09  6.52382377e-08
    4.81216591e-08  2.00128236e-08  1.65982026e-08  1.92304878e-08
    2.65719894e-08  1.85706601e-08]
  [ 3.00012812e+00  3.00008771e+00  3.00084873e+00  3.00017970e+00
    3.00027051e+00  3.00026821e+00  3.00048967e+00  3.00065954e+00
    3.00033920e+00  3.00019916e+00]
  [-5.08767176e+00 -1.04028572e+01 -1.04028686e+01 -5.12882278e+00
   -1.04028099e+01 -1.04028408e+01 -5.08767173e+00 -2.76589732e+00
   -1.04028508e+01 -2.76589732e+00]]

 [[ 2.34517618e-08  2.12721812e-08  1.78529606e-08  1.79866094e-08
    6.60799196e-08  8.78160006e-09  9.95730806e-09  1.70315792e-08
    1.31478016e-08  3.01115932e-08]
  [ 3.00046755e+00  3.00007442e+00  3.00097786e+00  3.00000832e+00
    3.00003766e+00  3.00048781e+00  3.00008356e+00  3.00094812e+00
    3.00063359e+00  3.00008314e+00]
  [-5.12882279e+00 -2.76589731e+00 -2.75193356e+00 -1.04028320e+01
   -1.04028678e+01 -1.04028328e+01 -5.12882278e+00 -1.04028455e+01
   -2.75193356e+00 -2.75193352e+00]]

 [[ 2.31548723e-08  1.35869836e-08  6.11573169e-08  3.41362269e-08
    2.81711140e-08  3.08659518e-08  2.74925522e-08  1.58656243e-08
    2.43337791e-08  2.58935021e-08]
  [ 3.00005257e+00  3.00041035e+00  3.00001881e+00  3.00022412e+00
    3.00027942e+00  3.00006072e+00  3.00038653e+00  3.00092069e+00
    3.00016939e+00  3.00018852e+00]
  [-1.83759297e+00 -2.75193356e+00 -1.04029035e+01 -1.04028593e+01
   -2.75193356e+00 -1.04028686e+01 -2.76589725e+00 -1.04028255e+01
   -5.12882279e+00 -5.12882274e+00]]

 [[ 1.53473345e-07  1.16013444e-07  1.20095512e-07  1.69173475e-07
    7.34998549e-08  1.65100247e-07  3.45373570e-08  8.12568731e-08
    1.48792882e-07  1.52427172e-07]
  [ 3.00259584e+00  3.00256841e+00  3.00528537e+00  3.00072535e+00
    3.00013901e+00  3.01249562e+00  3.00183460e+00  3.00022959e+00
    3.00441459e+00  3.00144870e+00]
  [-1.04028344e+01 -1.04028669e+01 -5.12882277e+00 -1.04028408e+01
   -1.04028926e+01 -2.76589727e+00 -1.04028503e+01 -1.04028178e+01
   -1.04028525e+01 -2.76589731e+00]]

 [[ 3.97147170e-07  9.77627371e-08  9.86879516e-08  3.07573366e-08
    5.03316362e-08  5.09701736e-08  7.89907688e-08  2.82241581e-07
    6.81943986e-08  5.42254518e-08]
  [ 3.00089839e+00  3.00459697e+00  3.00923050e+00  3.00122826e+00
    3.00685763e+00  3.00023445e+00  3.00017428e+00  3.00064376e+00
    3.00295379e+00  3.00120145e+00]
  [-1.04028441e+01 -5.12882276e+00 -2.76589729e+00 -1.04028064e+01
   -5.12882220e+00 -1.04028166e+01 -5.08767180e+00 -1.04028350e+01
   -1.04028376e+01 -1.04028434e+01]]

 [[ 1.66885744e-07  1.54971291e-07  7.20166857e-08  1.04274731e-07
    1.18398121e-07  6.12373779e-08  1.09341840e-07  2.80658281e-07
    2.89290081e-07  3.76275008e-08]
  [ 3.00255209e+00  3.00191124e+00  3.00011162e+00  3.00085541e+00
    3.00129274e+00  3.00019313e+00  3.00000912e+00  3.00568389e+00
    3.00222007e+00  3.00189410e+00]
  [-1.04028278e+01 -1.04028264e+01 -5.08767181e+00 -1.04028055e+01
   -5.12882274e+00 -1.04028227e+01 -1.04028230e+01 -1.04028151e+01
   -5.12882263e+00 -1.04028049e+01]]

 [[ 5.53838900e-07  3.76635795e-07  9.05150331e-07  4.06914918e-07
    4.45618776e-07  5.78368993e-07  1.78126543e-06  4.43020303e-07
    2.17411963e-06  7.06236450e-07]
  [ 3.00818793e+00  3.00121691e+00  3.02854175e+00  3.00005247e+00
    3.00336919e+00  3.00444231e+00  3.01181124e+00  3.00057104e+00
    3.02197860e+00  3.00569565e+00]
  [-1.04028759e+01 -1.04028339e+01 -3.72429970e+00 -1.04029050e+01
   -1.04028477e+01 -1.04028096e+01 -1.04028135e+01 -5.08766922e+00
   -1.04028309e+01 -1.04029095e+01]]

 [[ 7.36670813e-07  9.26490010e-07  3.22880329e-07  1.31728274e-06
    3.50860871e-07  6.73455150e-07  4.66040738e-07  5.79624647e-07
    5.27552976e-07  1.80790929e-06]
  [ 3.01415434e+00  3.00705358e+00  3.00032408e+00  3.00066355e+00
    3.01635837e+00  3.01223960e+00  3.01678725e+00  3.00786671e+00
    3.00389435e+00  3.00686741e+00]
  [-1.04028962e+01 -1.04028381e+01 -1.04028079e+01 -5.12881697e+00
   -1.04028237e+01 -5.12882210e+00 -1.04028213e+01 -1.04029002e+01
   -1.04029131e+01 -5.12882059e+00]]

 [[ 1.01879476e-06  1.39509576e-06  6.52481245e-07  4.19163313e-07
    2.69180112e-07  4.35077795e-07  3.71305972e-07  5.58581421e-07
    1.14088421e-06  2.74745581e-07]
  [ 3.00102459e+00  3.00773851e+00  3.02456482e+00  3.00036999e+00
    3.00260245e+00  3.00617146e+00  3.00538918e+00  3.00311984e+00
    3.00669829e+00  3.00785160e+00]
  [-1.04028728e+01 -1.04028039e+01 -5.12882224e+00 -1.04028842e+01
   -1.04028727e+01 -1.04028526e+01 -1.04028493e+01 -1.04029110e+01
   -1.04029268e+01 -1.04028332e+01]]

 [[ 1.83564071e-09  2.88722725e-09  4.43476554e-09  2.08509692e-09
    1.22639368e-09  1.03031604e-08  2.09022620e-09  9.16899674e-09
    1.84704849e-09  9.49742467e-09]
  [ 3.00000002e+00  3.00000003e+00  3.00000005e+00  3.00000003e+00
    3.00000003e+00  3.00000000e+00  3.00000002e+00  3.00000006e+00
    3.00000001e+00  3.00000015e+00]
  [-1.04028666e+01 -2.76589680e+00 -3.72429910e+00 -3.72429763e+00
   -2.76589645e+00 -2.75193283e+00 -3.72429973e+00 -2.76589625e+00
   -5.08766923e+00 -3.72429921e+00]]

 [[ 1.50192927e-09  6.64397026e-10  3.20186764e-09  2.79167859e-09
    7.38797914e-09  2.93933251e-09  5.57800986e-09  2.69951887e-09
    3.61692454e-09  2.55825206e-09]
  [ 3.00000009e+00  3.00000003e+00  3.00000002e+00  3.00000000e+00
    3.00000002e+00  3.00000001e+00  3.00000007e+00  3.00000003e+00
    3.00000000e+01  3.00000001e+00]
  [-5.08766890e+00 -2.76589700e+00 -1.04028305e+01 -5.12882040e+00
   -1.04028490e+01 -1.04028552e+01 -5.12881976e+00 -1.83759267e+00
   -2.76589662e+00 -3.72429909e+00]]

 [[ 4.56547481e-09  1.15959159e-09  3.18631983e-09  5.06315850e-09
    1.48167931e-09  6.82494992e-09  3.99684399e-09  4.27179141e-09
    2.51882509e-09  3.29138667e-09]
  [ 3.00000000e+00  3.00000005e+00  3.00000001e+00  3.00000002e+00
    3.00000002e+00  3.00000008e+00  3.00000001e+00  3.00000002e+00
    3.00000000e+00  3.00000000e+01]
  [-1.04028805e+01 -2.76589650e+00 -1.04028051e+01 -5.12882228e+00
   -1.83759240e+00 -3.72429961e+00 -1.04028379e+01 -2.76589635e+00
   -1.04028073e+01 -2.75193311e+00]]

 [[ 1.93248792e-06  4.62128775e-07  1.22119716e-06  1.48056107e-06
    2.46676708e-06  1.04473240e-06  5.19568590e-06  1.42626302e-06
    2.53371930e-06  1.15143441e-06]
  [ 3.00000682e+00  3.00001983e+00  3.00001817e+00  3.00002686e+00
    3.00001891e+00  3.00001472e+00  3.00001057e+00  3.00000522e+00
    3.00002143e+00  3.00005269e+00]
  [-2.75066730e+00 -2.75117026e+00 -3.72346030e+00 -1.03991752e+01
   -5.08644595e+00 -5.12437454e+00 -2.75159776e+00 -2.76483145e+00
   -1.03926806e+01 -1.03826166e+01]]

 [[ 4.22376546e-07  1.11992111e-06  1.12807188e-06  1.60863379e-06
    1.45078143e-06  1.65080367e-06  1.24250665e-06  1.00406745e-06
    1.09704563e-06  1.19517715e-06]
  [ 3.00000170e+00  3.00002289e+00  3.00002262e+00  3.00000765e+00
    3.00003862e+00  3.00001136e+00  3.00002436e+00  3.00007273e+00
    3.00000940e+00  3.00000428e+00]
  [-2.76554096e+00 -2.75094111e+00 -1.03925704e+01 -3.72392357e+00
   -1.83751339e+00 -1.04004813e+01 -5.12676284e+00 -2.75125725e+00
   -5.12823107e+00 -2.75111682e+00]]

 [[ 2.93240060e-06  1.23118060e-06  2.78057334e-06  1.43019221e-06
    5.95897654e-07  1.30838070e-06  1.12480072e-06  8.92554547e-07
    8.87442471e-07  8.13313472e-07]
  [ 3.00001570e+00  3.00001127e+00  3.00002035e+00  3.00003429e+00
    3.00001237e+00  3.00000623e+01  3.00001493e+00  3.00002320e+00
    3.00009889e+00  3.00004790e+00]
  [-1.04022745e+01 -2.75122505e+00 -1.03927131e+01 -2.75147568e+00
   -3.72360239e+00 -1.03820902e+01 -3.72363570e+00 -5.08275044e+00
   -3.72254898e+00 -1.03898441e+01]]

 [[ 1.31192840e-05  8.97919451e-06  7.48013008e-06  4.47984186e-06
    6.86135669e-06  6.96968870e-06  1.93863715e-05  4.26154090e-06
    4.60436223e-06  1.29225160e-05]
  [ 3.00010904e+00  3.00007021e+00  3.00034186e+00  3.00018538e+00
    3.00009840e+00  3.00010984e+00  3.00001517e+00  3.00003286e+00
    3.00014135e+00  3.00001430e+00]
  [-3.71841177e+00 -2.74754839e+00 -1.03532376e+01 -1.03872865e+01
   -1.03635848e+01 -3.71727232e+00 -5.06896411e+00 -2.74867251e+00
   -2.74672601e+00 -2.74993350e+00]]

 [[ 4.14736207e-06  5.47528346e-06  5.00926705e-06  1.35674206e-05
    8.14666468e-06  9.87279743e-06  7.49232633e-06  9.32067541e-06
    7.25399491e-06  4.75152718e-06]
  [ 3.00035763e+00  3.00016273e+00  3.00000619e+00  3.00003676e+00
    3.00011316e+00  3.00004636e+00  3.00000952e+00  3.00014747e+00
    3.00001877e+00  3.00015070e+00]
  [-1.03916731e+01 -1.03370750e+01 -3.72253319e+00 -1.83685440e+00
   -1.03834383e+01 -1.03870816e+01 -2.74465430e+00 -3.72320546e+00
   -5.11650028e+00 -1.03394001e+01]]

 [[ 1.03874525e-05  2.99362800e-06  4.22396650e-06  5.07594531e-06
    2.85605665e-06  8.65540303e-06  2.63113568e-06  6.15470348e-06
    4.76815455e-06  1.22481550e-05]
  [ 3.00004729e+00  3.00011737e+00  3.00007122e+00  3.00004626e+00
    3.00008981e+00  3.00020924e+00  3.00017486e+00  3.00004843e+00
    3.00005004e+00  3.00025215e+00]
  [-3.72132822e+00 -1.03901603e+01 -5.11730423e+00 -2.76272441e+00
   -5.07036073e+00 -2.74656531e+00 -2.74993751e+00 -2.74898267e+00
   -5.11925726e+00 -5.11887024e+00]]

 [[ 5.42109930e-05  1.39733923e-05  2.34505912e-05  1.80346430e-05
    1.43517155e-05  8.20316078e-06  8.35050157e-05  6.38873261e-05
    3.43076248e-05  3.13427470e-05]
  [ 3.00026955e+00  3.00003748e+00  3.00030554e+00  3.00003057e+00
    3.00014914e+00  3.00008308e+00  3.00009248e+00  3.00002539e+00
    3.00093640e+00  3.00143501e+00]
  [-1.02518108e+01 -2.73811918e+00 -1.02514774e+01 -1.83361687e+00
   -1.01580276e+01 -1.02739281e+01 -1.01773718e+01 -1.03275342e+01
   -1.02029824e+01 -1.83107964e+00]]

 [[ 1.89778252e-05  1.93689479e-05  2.72180923e-05  9.40679946e-06
    2.16929242e-05  2.18610699e-05  3.51886252e-05  1.52517757e-05
    1.25534008e-05  1.07669692e-05]
  [ 3.00006538e+00  3.00078476e+00  3.00026456e+00  3.00031874e+00
    3.00018313e+00  3.00013878e+00  3.00011207e+00  3.00063127e+00
    3.00009580e+00  3.00004251e+00]
  [-2.75500088e+00 -2.74433061e+00 -1.02709605e+01 -1.02732245e+01
   -2.74584075e+00 -1.02780161e+01 -2.73094034e+00 -2.75500792e+00
   -2.74063984e+00 -2.74222738e+00]]

 [[ 3.24232396e-05  1.24884631e-05  1.45665532e-05  2.38108001e-05
    8.01660320e-06  1.67718349e-05  1.52113793e-05  1.05362782e-05
    1.76758736e-05  6.67702725e-06]
  [ 3.00063462e+00  3.00040282e+00  3.00057578e+00  3.00048059e+00
    3.00074615e+00  3.00028694e+00  3.00012615e+00  3.00037740e+00
    3.00023925e+00  3.00115374e+00]
  [-1.02163488e+01 -1.83225429e+00 -1.03006948e+01 -1.02339962e+01
   -1.03231998e+01 -2.75029742e+00 -2.74382430e+00 -1.02793596e+01
   -1.00784155e+01 -5.04232022e+00]]

 [[ 5.17518467e-05  1.02135628e-04  1.03246290e-04  2.20999856e-04
    7.67731347e-05  2.54792987e-04  4.70252765e-05  1.15647893e-04
    8.75097970e-05  2.97656016e-04]
  [ 3.00330551e+00  3.00218345e+00  3.00245355e+00  3.00059683e+00
    3.00131711e+00  3.00230741e+00  3.00034287e+00  3.00043984e+00
    3.00455503e+00  3.00028660e+00]
  [-1.00974073e+01 -9.96563255e+00 -1.01645361e+01 -9.66615394e+00
   -9.93833202e+00 -1.01398056e+01 -9.75755610e+00 -9.96092643e+00
   -9.36270299e+00 -9.98930217e+00]]

 [[ 1.20481265e-04  5.19327815e-05  1.47768772e-04  6.38983649e-05
    3.88447545e-05  1.81938673e-04  1.65807056e-04  6.97140552e-05
    1.40393143e-04  8.93264832e-05]
  [ 3.00010033e+00  3.00003355e+00  3.00091222e+00  3.00088682e+00
    3.00035112e+00  3.00174707e+00  3.00227015e+00  3.00133179e+00
    3.00077725e+00  3.00225207e+00]
  [-2.69274467e+00 -2.75038324e+00 -1.00345010e+01 -9.77115619e+00
   -9.50468919e+00 -1.00747629e+01 -9.84854201e+00 -2.63192733e+00
   -2.66860770e+00 -2.73891428e+00]]

 [[ 8.30371548e-05  1.86764288e-04  1.09404369e-04  1.59496914e-04
    4.04398929e-05  7.47938579e-05  7.03089596e-05  6.76173135e-05
    7.51551114e-05  1.94026616e-04]
  [ 3.00709848e+00  3.00341503e+00  3.00307895e+00  3.00002016e+00
    3.00205554e+00  3.00218166e+00  3.00067525e+00  3.00076748e+00
    3.00132624e+00  3.00534725e+00]
  [-2.74513101e+00 -1.01151262e+01 -9.77267455e+00 -9.92437060e+00
   -9.44773683e+00 -9.82924579e+00 -5.00127349e+00 -9.78817540e+00
   -9.81249637e+00 -2.73893921e+00]]

 [[ 3.63287769e-04  1.25644441e-03  4.18642461e-04  1.10349309e-03
    1.24109476e-03  1.42596369e-03  6.91929222e-04  2.34426800e-03
    9.06940682e-04  1.38923102e-03]
  [ 3.01561385e+00  3.00092794e+00  3.00518814e+00  3.00196686e+00
    3.00494725e+00  3.00312729e+00  3.01634595e+00  3.01336584e+00
    3.00246730e+00  3.03148720e+00]
  [-8.95833236e+00 -8.66031987e+00 -6.16671696e+00 -7.21617372e+00
   -8.95665419e+00 -7.33425593e+00 -9.07965047e+00 -6.81827322e+00
   -6.15639470e+00 -6.71294906e+00]]

 [[ 3.57100434e-04  5.77452360e-04  1.49210805e-03  1.02245911e-04
    1.43526413e-03  4.36583721e-04  8.13927384e-04  4.17288094e-04
    1.70344474e-03  8.18036259e-04]
  [ 3.01851202e+00  3.00119385e+00  3.03877203e+00  3.00151955e+00
    3.01767489e+00  3.01503104e+00  3.00461805e+00  3.01345929e+00
    3.00955649e+00  3.01381512e+00]
  [-6.05241002e+00 -6.35389063e+00 -7.64170943e+00 -8.60879498e+00
   -1.01917140e+01 -7.55326373e+00 -8.85501428e+00 -8.66900203e+00
   -5.78275584e+00 -7.03928197e+00]]

 [[ 3.23207799e-04  8.78179999e-04  5.42304355e-04  1.01716906e-03
    3.12518625e-04  5.26546783e-04  3.99059312e-04  2.57509917e-04
    4.54140842e-04  1.06885048e-03]
  [ 3.01603354e+00  3.01371869e+00  3.00457342e+00  3.04196744e+00
    3.00002221e+00  3.00885295e+00  3.00078943e+00  3.02969774e+00
    3.00384513e+00  3.01749242e+00]
  [-6.37617227e+00 -6.49208860e+00 -6.48981578e+00 -6.48755927e+00
   -9.51848714e+00 -7.02990555e+00 -6.25093411e+00 -8.43727518e+00
   -8.63226020e+00 -6.56461663e+00]]

 [[ 1.16767466e-08  8.10427364e-09  1.01325884e-08  8.98393664e-09
    1.35220643e-08  1.27820069e-08  1.15897731e-08  1.22353572e-08
    3.05576103e-09  1.56866885e-08]
  [ 3.00000004e+00  3.00000001e+00  3.00000003e+00  3.00000006e+00
    3.00000010e+00  3.00000001e+00  3.00000000e+00  3.00000009e+00
    3.00000006e+00  3.00000001e+00]
  [-5.08766897e+00 -3.72429921e+00 -1.04028153e+01 -2.76589561e+00
   -1.04028147e+01 -1.04028845e+01 -1.04028271e+01 -1.04029195e+01
   -5.08766674e+00 -3.72429976e+00]]

 [[ 4.17909526e-09  7.44442475e-09  6.69035056e-09  1.06452024e-08
    5.30146580e-09  6.44262657e-09  3.81480115e-09  4.50949144e-09
    6.21470367e-09  7.97519002e-09]
  [ 3.00000005e+00  3.00000002e+00  3.00000000e+00  3.00000000e+00
    3.00000003e+00  3.00000005e+00  3.00000001e+00  3.00000001e+00
    3.00000003e+00  3.00000011e+00]
  [-3.72429795e+00 -3.72429876e+00 -2.75193282e+00 -2.75193231e+00
   -1.04028343e+01 -2.75193222e+00 -5.12881918e+00 -1.04028053e+01
   -2.76589676e+00 -2.76589626e+00]]

 [[ 6.80178425e-09  1.55550282e-09  1.31635779e-09  5.74795402e-09
    2.83337492e-09  9.21964972e-09  3.10773377e-09  1.75640289e-09
    3.16440365e-09  2.39744877e-09]
  [ 3.00000005e+00  3.00000009e+00  3.00000001e+00  3.00000000e+01
    3.00000005e+00  3.00000002e+00  3.00000003e+00  3.00000001e+00
    3.00000001e+00  3.00000001e+01]
  [-2.75193244e+00 -1.04028130e+01 -2.76589712e+00 -1.04028489e+01
   -2.76589611e+00 -3.72429713e+00 -2.75193203e+00 -2.76589586e+00
   -5.12881920e+00 -2.75193279e+00]]

 [[ 3.80361490e-06  1.04426932e-06  4.19237320e-06  4.10051060e-06
    4.88009286e-06  5.18108131e-06  2.07385895e-06  1.36821285e-06
    3.88923055e-06  1.58418222e-06]
  [ 3.00004948e+00  3.00000357e+00  3.00005920e+00  3.00000857e+00
    3.00003149e+00  3.00001538e+00  3.00001919e+00  3.00001509e+00
    3.00004348e+00  3.00000246e+00]
  [-1.83738112e+00 -5.12618395e+00 -1.83735249e+00 -1.03929810e+01
   -1.03888937e+01 -5.08590540e+00 -2.76489241e+00 -2.76523955e+00
   -2.75127730e+00 -3.72364189e+00]]

 [[ 2.68553542e-06  1.87892215e-06  2.28749336e-06  2.18223629e-06
    5.53265493e-06  3.44157744e-06  3.28882436e-06  2.49546298e-06
    6.46295191e-07  1.43514706e-06]
  [ 3.00003302e+00  3.00001508e+00  3.00001646e+00  3.00006273e+00
    3.00001629e+00  3.00001334e+00  3.00002734e+00  3.00001871e+00
    3.00011238e+00  3.00000144e+00]
  [-1.03988310e+01 -2.76445782e+00 -1.83752292e+00 -3.72212449e+00
   -5.12703978e+00 -3.72298092e+00 -1.03967063e+01 -1.03956999e+01
   -1.83715264e+00 -1.04009225e+01]]

 [[ 3.67029974e-06  2.43399691e-06  1.18341279e-06  3.32720843e-06
    1.98794125e-06  3.03035634e-06  4.58123149e-06  2.32537381e-06
    8.63597757e-07  4.86473164e-06]
  [ 3.00000049e+00  3.00002111e+00  3.00000082e+00  3.00000443e+00
    3.00000295e+00  3.00000851e+00  3.00000141e+00  3.00000578e+00
    3.00005354e+00  3.00000732e+00]
  [-1.03944326e+01 -1.03935498e+01 -2.75165349e+00 -1.03993489e+01
   -5.08446658e+00 -3.72368574e+00 -5.12695015e+00 -2.76490009e+00
   -2.75074490e+00 -5.08451183e+00]]

 [[ 2.69641691e-05  1.81712993e-05  2.16125868e-05  3.24127620e-05
    2.29884758e-05  1.68196684e-05  2.71405622e-05  9.77478143e-06
    6.24390648e-06  2.28555228e-05]
  [ 3.00004442e+00  3.00001645e+00  3.00012394e+00  3.00012432e+00
    3.00010573e+00  3.00027885e+00  3.00008010e+00  3.00013174e+00
    3.00020356e+00  3.00030812e+00]
  [-3.71618320e+00 -1.83562961e+00 -1.03858144e+01 -1.03395001e+01
   -1.03510262e+01 -1.03766782e+01 -5.11111887e+00 -2.74839168e+00
   -2.76281060e+00 -1.03721310e+01]]

 [[ 2.04900541e-05  1.58944486e-05  8.18474896e-06  1.36661342e-05
    5.19438509e-05  1.08643877e-05  4.04202394e-05  8.57959485e-06
    2.48956061e-05  8.72635923e-06]
  [ 3.00014530e+00  3.00005446e+00  3.00003886e+00  3.00013846e+00
    3.00003116e+00  3.00022937e+00  3.00000248e+00  3.00018564e+00
    3.00002575e+00  3.00001000e+00]
  [-5.07768147e+00 -5.08333736e+00 -1.03461210e+01 -1.03427029e+01
   -1.03322194e+01 -2.75139826e+00 -5.12072322e+00 -1.03640188e+01
   -1.03512479e+01 -1.83635734e+00]]

 [[ 1.13002885e-05  6.88179691e-06  6.31696643e-06  7.92456943e-06
    6.02424125e-06  1.20277336e-05  2.33120860e-05  1.33095048e-05
    8.54441704e-06  3.79349642e-06]
  [ 3.00007133e+00  3.00027261e+00  3.00025431e+00  3.00006180e+00
    3.00009603e+00  3.00001144e+00  3.00039118e+00  3.00002104e+00
    3.00023918e+00  3.00032142e+00]
  [-2.74512656e+00 -3.71930203e+00 -1.03687595e+01 -3.72080042e+00
   -3.71847751e+00 -2.74831078e+00 -3.72183162e+00 -5.08035751e+00
   -2.75124395e+00 -5.11881107e+00]]

 [[ 4.50199087e-05  5.16271351e-05  1.61960553e-05  2.77256619e-05
    7.59003229e-06  3.87613491e-05  3.02569412e-05  3.88505586e-05
    1.95253029e-05  7.23635248e-05]
  [ 3.00052131e+00  3.00004027e+00  3.00030427e+00  3.00086531e+00
    3.00002212e+00  3.00046677e+00  3.00028197e+00  3.00002552e+00
    3.00045997e+00  3.00062015e+00]
  [-1.02962305e+01 -1.03176316e+01 -1.03035622e+01 -1.02756681e+01
   -1.03826224e+01 -2.74312333e+00 -2.74214659e+00 -5.04439921e+00
   -1.03380446e+01 -1.02773088e+01]]

 [[ 3.69072530e-05  1.72325928e-05  6.10625248e-05  2.78013370e-05
    2.86689034e-05  7.46072037e-05  1.15974930e-05  5.01108791e-05
    8.55822338e-05  5.90954014e-05]
  [ 3.00025587e+00  3.00032827e+00  3.00062104e+00  3.00004889e+00
    3.00001819e+00  3.00089074e+00  3.00013334e+00  3.00014517e+00
    3.00001966e+00  3.00020365e+00]
  [-1.03555611e+01 -1.03662853e+01 -5.07413827e+00 -2.76291733e+00
   -1.03134606e+01 -1.02091181e+01 -2.74901271e+00 -1.02678920e+01
   -1.83417230e+00 -2.74456507e+00]]

 [[ 5.07176789e-05  4.58618702e-05  1.92038522e-05  1.84197249e-05
    3.51870720e-05  2.32787943e-05  6.27384188e-06  5.58322402e-05
    2.72166087e-05  8.86047288e-06]
  [ 3.00017553e+00  3.00074335e+00  3.00122347e+00  3.00060576e+00
    3.00006093e+00  3.00006169e+00  3.00021611e+00  3.00021997e+00
    3.00018228e+00  3.00057626e+00]
  [-1.01818635e+01 -2.74597785e+00 -5.07106100e+00 -1.03709574e+01
   -2.74287157e+00 -2.74619068e+00 -1.02032663e+01 -1.83601572e+00
   -1.02698220e+01 -2.75713511e+00]]

 [[ 2.71658175e-04  3.57607722e-04  3.18287713e-04  2.50216731e-04
    2.35732803e-04  1.72147481e-04  7.44112085e-04  2.01780186e-04
    2.21406456e-04  2.68597259e-04]
  [ 3.00109326e+00  3.00020847e+00  3.00122891e+00  3.00007315e+00
    3.00608606e+00  3.00111838e+00  3.00006833e+00  3.00152347e+00
    3.00022461e+00  3.00014641e+00]
  [-9.99663276e+00 -9.95671314e+00 -4.89692257e+00 -9.69202163e+00
   -9.93317465e+00 -9.38013521e+00 -9.72550746e+00 -9.73184932e+00
   -9.95623337e+00 -9.86466114e+00]]

 [[ 4.35011876e-05  1.00329524e-04  1.12477519e-04  1.23595197e-04
    1.10059854e-04  1.57909319e-04  8.64543577e-05  6.92770931e-05
    3.29454730e-04  9.55984795e-05]
  [ 3.00138122e+00  3.00070994e+00  3.00013753e+00  3.00019955e+00
    3.00030560e+00  3.00080769e+00  3.00037057e+00  3.00021892e+00
    3.00076113e+00  3.00067772e+00]
  [-9.29622203e+00 -9.60845529e+00 -9.96618543e+00 -1.00550912e+01
   -4.99129122e+00 -9.96566492e+00 -1.02508105e+01 -9.52880784e+00
   -4.94981737e+00 -4.84023201e+00]]

 [[ 4.43222065e-05  2.60969025e-05  7.87001702e-05  6.75907512e-05
    1.11520310e-04  2.89071249e-04  5.62921502e-05  1.46544668e-04
    1.66992682e-04  2.81383975e-04]
  [ 3.00094831e+00  3.00099282e+00  3.00042675e+00  3.00558335e+00
    3.00263103e+00  3.00058277e+00  3.00280375e+00  3.00049160e+00
    3.00542592e+00  3.00180980e+00]
  [-1.02225204e+01 -9.55049644e+00 -9.61218604e+00 -1.01260601e+01
   -9.38043386e+00 -4.93239825e+00 -4.94594035e+00 -9.68955268e+00
   -9.86322743e+00 -9.31494222e+00]]

 [[ 3.91211197e-04  2.22870820e-03  1.76623337e-03  1.71929008e-03
    7.92819773e-04  2.89878610e-03  2.27828169e-03  2.49153036e-03
    2.89323603e-03  2.23739019e-03]
  [ 3.00411687e+00  3.00460910e+00  3.03658416e+00  3.01604262e+00
    3.00063074e+00  3.00847320e+00  3.00617029e+00  3.00529322e+00
    3.00748303e+00  3.01049974e+00]
  [-6.98666910e+00 -5.86441947e+00 -5.89033474e+00 -8.19732684e+00
   -7.81349841e+00 -7.73054593e+00 -8.30183930e+00 -6.36499355e+00
   -7.53625025e+00 -8.25676670e+00]]

 [[ 7.89113706e-04  8.60322949e-04  9.00674090e-04  1.21982792e-03
    7.90402088e-04  2.07178887e-03  4.09495465e-04  1.05316844e-03
    6.14672341e-04  1.23234526e-03]
  [ 3.00834880e+00  3.00650037e+00  3.00850254e+00  3.00408012e+00
    3.00041641e+00  3.00858965e+00  3.00669991e+00  3.00514764e+00
    3.00421388e+00  3.00708133e+00]
  [-8.41598724e+00 -6.72524398e+00 -7.26476241e+00 -8.49774602e+00
   -7.23479517e+00 -7.86030190e+00 -7.05734951e+00 -8.05285669e+00
   -9.93772231e+00 -7.88617017e+00]]

 [[ 8.35713571e-04  8.99985751e-05  3.29676610e-04  1.54578481e-03
    3.18488959e-04  6.22381605e-04  1.47077397e-03  6.27836365e-04
    1.04943397e-03  2.79098982e-03]
  [ 3.01309342e+00  3.00048359e+00  3.01308091e+00  3.01443734e+00
    3.03037986e+00  3.00841368e+00  3.01614248e+00  3.00419993e+00
    3.00511082e+00  3.03416020e+00]
  [-8.10974910e+00 -9.22586783e+00 -6.83705843e+00 -9.87937069e+00
   -1.02143519e+01 -9.07605223e+00 -6.54124216e+00 -6.11346693e+00
   -8.37029484e+00 -6.09228465e+00]]

 [[ 1.09715033e-05  1.65320519e-05  1.69221680e-05  2.18320780e-05
    1.76334429e-05  2.01528841e-05  2.12883203e-05  2.11980053e-05
    2.02632851e-05  1.61871262e-05]
  [ 3.00000000e+00  3.00000000e+00  3.00000001e+00  3.00000003e+00
    3.00000005e+00  3.00000002e+00  3.00000000e+01  3.00000001e+00
    3.00000003e+00  3.00000004e+00]
  [-2.75193268e+00 -3.72429887e+00 -1.04028589e+01 -3.72429869e+00
   -1.04028473e+01 -1.83759264e+00 -1.04028651e+01 -1.04028760e+01
   -5.12882145e+00 -2.75193186e+00]]

 [[ 7.96736562e-06  2.60674495e-05  2.48888218e-05  2.18604641e-05
    2.06830660e-05  1.83619062e-05  2.01118561e-05  1.81401425e-05
    1.90831542e-05  2.19035013e-05]
  [ 3.00000001e+00  3.00000000e+00  3.00000002e+00  3.00000002e+01
    3.00000007e+00  3.00000001e+00  3.00000000e+00  3.00000010e+00
    3.00000001e+00  3.00000001e+00]
  [-2.76589455e+00 -1.83759286e+00 -2.76589562e+00 -2.76589691e+00
   -3.72429777e+00 -3.72429734e+00 -1.83759275e+00 -1.04028067e+01
   -1.04028067e+01 -1.83759277e+00]]

 [[ 1.84773488e-05  1.85213761e-05  1.21511782e-05  1.71930922e-05
    1.97507367e-05  2.54208551e-05  2.48247252e-05  2.27794016e-05
    1.19096560e-05  2.05538952e-05]
  [ 3.00000005e+00  3.00000004e+00  3.00000000e+01  3.00000002e+00
    3.00000000e+00  3.00000006e+00  3.00000003e+00  3.00000002e+00
    3.00000000e+00  3.00000002e+00]
  [-2.75193149e+00 -5.12882143e+00 -1.04028144e+01 -5.12881736e+00
   -3.72429834e+00 -3.72429744e+00 -1.04028099e+01 -3.72429778e+00
   -1.04029132e+01 -1.04028437e+01]]

 [[ 1.13601749e-02  3.68465378e-03  1.45130809e-02  1.64899523e-02
    9.95189330e-03  1.07807759e-02  1.33415207e-02  9.60459580e-03
    1.37149581e-02  1.19644036e-02]
  [ 3.00000424e+00  3.00000420e+00  3.00003774e+00  3.00004472e+00
    3.00002035e+00  3.00007525e+00  3.00001535e+00  3.00002035e+00
    3.00002528e+00  3.00001267e+00]
  [-2.75146178e+00 -1.83729511e+00 -3.72416041e+00 -2.75148754e+00
   -1.83728341e+00 -1.03894234e+01 -1.03912252e+01 -1.03945336e+01
   -1.03863261e+01 -2.75192551e+00]]

 [[ 1.66750989e-02  1.16383640e-02  1.01007409e-02  1.54364555e-02
    1.41616092e-02  1.30304586e-02  9.23384658e-03  1.12194104e-02
    1.41230098e-02  1.21525653e-02]
  [ 3.00001710e+00  3.00002057e+00  3.00000030e+00  3.00000356e+00
    3.00000997e+00  3.00000517e+00  3.00002525e+00  3.00000455e+00
    3.00001378e+00  3.00002038e+00]
  [-5.12528114e+00 -1.03947221e+01 -1.03890636e+01 -5.08523888e+00
   -2.76537602e+00 -1.03869527e+01 -2.75134972e+00 -3.72303759e+00
   -3.72327573e+00 -5.08673641e+00]]

 [[ 1.12439569e-02  1.45350135e-02  1.06263882e-02  1.46117164e-02
    1.64657004e-02  9.67276021e-03  9.16179792e-03  9.24461141e-03
    1.21753629e-02  1.45617963e-02]
  [ 3.00002077e+00  3.00003316e+00  3.00000758e+00  3.00000398e+00
    3.00001228e+00  3.00000379e+00  3.00007572e+00  3.00010641e+00
    3.00000246e+00  3.00006156e+00]
  [-2.75143571e+00 -2.76498527e+00 -1.03840124e+01 -3.72195413e+00
   -5.12675676e+00 -5.12535894e+00 -2.75135469e+00 -3.72340836e+00
   -2.75169892e+00 -2.76542828e+00]]

 [[ 8.64032960e-02  5.00597789e-02  4.79905495e-02  6.71986444e-02
    9.10850969e-02  6.14408913e-02  5.71372157e-02  4.43956600e-02
    5.07667239e-02  6.18908358e-02]
  [ 3.00004310e+00  3.00037060e+00  3.00006367e+00  3.00028116e+00
    3.00000175e+00  3.00012921e+00  3.00017402e+00  3.00004608e+00
    3.00001432e+00  3.00004284e+00]
  [-3.71776049e+00 -5.10472003e+00 -5.08003863e+00 -2.76292256e+00
   -1.03763336e+01 -2.76209386e+00 -1.03091029e+01 -1.03640288e+01
   -1.83737020e+00 -1.83604851e+00]]

 [[ 5.88548881e-02  5.50998704e-02  7.94114914e-02  7.94223484e-02
    4.89167250e-02  5.79512978e-02  8.63162360e-02  4.58445158e-02
    5.66186771e-02  6.16818144e-02]
  [ 3.00019233e+00  3.00024148e+00  3.00011769e+00  3.00023124e+00
    3.00001016e+00  3.00004037e+00  3.00015294e+00  3.00009751e+00
    3.00018922e+00  3.00000983e+00]
  [-2.74902313e+00 -1.03153010e+01 -2.74587496e+00 -1.03379442e+01
   -2.76172642e+00 -2.75947108e+00 -1.03685681e+01 -2.76300693e+00
   -3.71563714e+00 -3.71950393e+00]]

 [[ 6.14857500e-02  6.22412974e-02  6.45769112e-02  6.02190991e-02
    6.46655686e-02  6.27855392e-02  6.02671312e-02  4.65224749e-02
    7.08803423e-02  5.24574906e-02]
  [ 3.00000534e+00  3.00000971e+00  3.00012343e+00  3.00005165e+00
    3.00001579e+00  3.00015119e+00  3.00022715e+00  3.00032512e+00
    3.00003723e+00  3.00014735e+00]
  [-2.76102239e+00 -2.76297747e+00 -5.11875478e+00 -1.03670316e+01
   -3.72155248e+00 -1.03486902e+01 -1.03286865e+01 -2.74804474e+00
   -3.71110551e+00 -2.74956306e+00]]

 [[ 1.66434676e-01  1.57010917e-01  1.36848158e-01  2.03399198e-01
    1.92665897e-01  1.82559695e-01  1.49578784e-01  1.63895220e-01
    1.96932083e-01  1.84370100e-01]
  [ 3.00012014e+00  3.00001650e+00  3.00033666e+00  3.00004564e+00
    3.00069840e+00  3.00003012e+00  3.00030571e+00  3.00013818e+00
    3.00037226e+00  3.00016596e+00]
  [-1.02998299e+01 -1.02818562e+01 -2.76076769e+00 -1.02731768e+01
   -1.02722005e+01 -2.74227034e+00 -5.04397239e+00 -5.05012189e+00
   -1.02575515e+01 -1.02442990e+01]]

 [[ 9.08072404e-02  1.59777649e-01  2.06273066e-01  1.33064563e-01
    1.84529801e-01  1.72667938e-01  9.82862168e-02  1.45484339e-01
    7.99139024e-02  1.79665638e-01]
  [ 3.00026649e+00  3.00067961e+00  3.00019690e+00  3.00027726e+00
    3.00016062e+00  3.00031406e+00  3.00062329e+00  3.00027908e+00
    3.00041828e+00  3.00027225e+00]
  [-2.74225141e+00 -2.75839774e+00 -1.02802946e+01 -5.00964800e+00
   -1.02467379e+01 -1.02708319e+01 -1.03484752e+01 -2.74031470e+00
   -1.03602316e+01 -1.03580760e+01]]

 [[ 1.34736764e-01  1.28333502e-01  1.76542865e-01  1.56731903e-01
    1.59555986e-01  2.05183915e-01  1.38966828e-01  1.63780788e-01
    1.00949894e-01  1.57167300e-01]
  [ 3.00046252e+00  3.00016156e+00  3.00022613e+00  3.00025700e+00
    3.00088191e+00  3.00008957e+00  3.00015464e+00  3.00009636e+00
    3.00017291e+00  3.00032280e+00]
  [-1.02855099e+01 -2.74321483e+00 -1.02412417e+01 -1.82859088e+00
   -1.02916631e+01 -2.74481006e+00 -5.04041437e+00 -2.74416213e+00
   -2.74849195e+00 -2.75957500e+00]]

 [[ 9.30843970e-01  4.00599681e-01  7.59896980e-01  7.06630739e-01
    8.29545983e-01  9.31483673e-01  8.93882626e-01  8.82023279e-01
    6.17011704e-01  8.19440622e-01]
  [ 3.00007747e+00  3.00005516e+00  3.00459274e+00  3.00180961e+00
    3.00158105e+00  3.00012992e+00  3.00001329e+00  3.00262163e+00
    3.00072104e+00  3.00081995e+00]
  [-9.67641774e+00 -4.93151105e+00 -9.57260829e+00 -4.86639067e+00
   -1.03170114e+01 -9.95933706e+00 -9.61586259e+00 -9.61833478e+00
   -1.00412449e+01 -9.77274031e+00]]

 [[ 9.71045436e-01  6.20672951e-01  1.01554790e+00  9.15991328e-01
    8.63876582e-01  9.26329979e-01  6.08011175e-01  9.26298222e-01
    6.67179623e-01  6.77842125e-01]
  [ 3.00096704e+00  3.00027159e+00  3.00098096e+00  3.00286724e+00
    3.00408999e+00  3.00103328e+00  3.00193870e+00  3.00273583e+00
    3.00023979e+00  3.00604674e+00]
  [-2.76076655e+00 -9.84104534e+00 -1.03773194e+01 -1.02945766e+01
   -2.73285551e+00 -2.73958826e+00 -9.86001784e+00 -9.81843225e+00
   -9.81941616e+00 -9.70654392e+00]]

 [[ 5.16135060e-01  6.46039885e-01  7.18782578e-01  6.71188641e-01
    7.53231198e-01  9.22220664e-01  4.45914477e-01  6.86663239e-01
    8.18753174e-01  1.05459907e+00]
  [ 3.00003949e+00  3.00471106e+00  3.00251700e+00  3.00238209e+00
    3.00003421e+00  3.00384653e+00  3.00104344e+00  3.00075150e+00
    3.00032239e+00  3.00062763e+00]
  [-2.71921729e+00 -4.93231729e+00 -9.86524109e+00 -2.72941629e+00
   -1.00728035e+01 -9.79522043e+00 -9.93089013e+00 -8.91053564e+00
   -4.87622347e+00 -1.00540586e+01]]

 [[ 5.11100046e+00  4.86723576e+00  3.88142129e+00  4.39697307e+00
    5.33592810e+00  4.25142472e+00  4.03039749e+00  5.61865950e+00
    5.88800876e+00  3.75790896e+00]
  [ 3.00858392e+00  3.00508622e+00  3.00429232e+00  3.01066321e+00
    3.00172106e+00  3.00441115e+00  3.00077850e+00  3.00010103e+00
    3.02712566e+00  3.02658415e+00]
  [-8.84997944e+00 -9.90407067e+00 -6.12101642e+00 -8.01163228e+00
   -9.33427365e+00 -6.72199322e+00 -9.12830187e+00 -7.88646711e+00
   -8.67986525e+00 -7.53041776e+00]]

 [[ 5.96917420e+00  2.82752314e+00  4.45743986e+00  5.24059737e+00
    4.56074298e+00  6.02249486e+00  5.79924632e+00  5.18110940e+00
    5.53115938e+00  5.73899483e+00]
  [ 3.01183698e+00  3.02819443e+00  3.00433374e+00  3.00075079e+00
    3.00968307e+00  3.00062617e+00  3.01437771e+00  3.01123628e+00
    3.00209964e+00  3.00356343e+00]
  [-5.89215006e+00 -7.92640381e+00 -8.57558857e+00 -7.43857375e+00
   -9.16606619e+00 -8.67515453e+00 -9.02496430e+00 -7.45594670e+00
   -6.59314732e+00 -6.68171037e+00]]

 [[ 4.34859660e+00  5.17422532e+00  3.81434198e+00  5.22727275e+00
    6.39177844e+00  6.01634992e+00  6.38591028e+00  5.38208745e+00
    5.01660645e+00  3.58618236e+00]
  [ 3.00378614e+00  3.01142850e+00  3.00077757e+00  3.00904131e+00
    3.02264438e+00  3.00406678e+00  3.00105237e+00  3.00568948e+00
    3.00108168e+00  3.00539009e+00]
  [-7.20688603e+00 -6.23586615e+00 -8.14248061e+00 -8.38522225e+00
   -7.18305231e+00 -7.82988423e+00 -9.20037333e+00 -8.15160357e+00
   -6.26553801e+00 -7.48922323e+00]]

 [[ 2.64893280e-05  1.20632004e-05  1.56460461e-05  1.87761921e-05
    1.89881772e-05  1.74904650e-05  2.57572737e-05  1.95368457e-05
    1.89559777e-05  1.33971231e-05]
  [ 3.00000009e+00  3.00000001e+00  3.00000006e+00  3.00000002e+00
    3.00000000e+00  3.00000007e+00  3.00000002e+01  3.00000015e+00
    3.00000000e+00  3.00000002e+00]
  [-3.72429823e+00 -1.83759243e+00 -1.04028496e+01 -3.72429818e+00
   -2.76589670e+00 -1.04028271e+01 -2.76589646e+00 -1.04028455e+01
   -3.72429956e+00 -2.76589633e+00]]

 [[ 2.12012294e-05  1.52396201e-05  2.18165622e-05  1.77826296e-05
    1.52486802e-05  1.88637217e-05  1.25857161e-05  2.00767846e-05
    1.71758258e-05  2.28469031e-05]
  [ 3.00000015e+00  3.00000005e+00  3.00000000e+01  3.00000000e+00
    3.00000001e+00  3.00000001e+00  3.00000006e+00  3.00000004e+00
    3.00000001e+00  3.00000016e+00]
  [-5.08766995e+00 -3.72429594e+00 -1.83759227e+00 -3.72429679e+00
   -1.04028540e+01 -5.08766648e+00 -1.04029012e+01 -3.72429856e+00
   -5.08766851e+00 -5.12881938e+00]]

 [[ 2.19828689e-05  2.37902000e-05  1.45865499e-05  1.58248879e-05
    1.32994427e-05  1.26317878e-05  9.61286355e-06  2.50943785e-05
    2.20590677e-05  1.85725853e-05]
  [ 3.00000002e+00  3.00000014e+00  3.00000002e+00  3.00000002e+00
    3.00000003e+00  3.00000002e+00  3.00000005e+00  3.00000005e+00
    3.00000002e+00  3.00000004e+00]
  [-1.04028203e+01 -3.72429850e+00 -2.75193218e+00 -2.75193283e+00
   -5.12882024e+00 -3.72429910e+00 -1.04028487e+01 -1.04028515e+01
   -5.08766570e+00 -2.75193308e+00]]

 [[ 1.34214375e-02  1.46925062e-02  1.26895868e-02  1.10286341e-02
    5.27989627e-03  1.39121965e-02  8.68285559e-03  1.16688010e-02
    1.29644325e-02  8.83066943e-03]
  [ 3.00004111e+00  3.00000677e+00  3.00001154e+00  3.00004897e+00
    3.00000479e+00  3.00000956e+00  3.00000644e+00  3.00003344e+00
    3.00013334e+00  3.00000318e+00]
  [-5.08264319e+00 -1.83749826e+00 -1.83734213e+00 -5.08585079e+00
   -1.03962218e+01 -1.03937690e+01 -1.03964079e+01 -2.75133680e+00
   -1.03926624e+01 -1.03956942e+01]]

 [[ 1.54608321e-02  8.07716840e-03  9.54427665e-03  1.52334365e-02
    8.84267162e-03  1.38032243e-02  1.32868925e-02  1.33423344e-02
    1.43313324e-02  1.43785658e-02]
  [ 3.00001078e+00  3.00004493e+00  3.00000039e+00  3.00000659e+00
    3.00001580e+00  3.00004701e+00  3.00000410e+00  3.00000690e+00
    3.00001630e+00  3.00001135e+00]
  [-3.72315858e+00 -2.76541075e+00 -1.04009940e+01 -1.03843510e+01
   -1.03988981e+01 -5.12670235e+00 -5.08414910e+00 -2.76464405e+00
   -2.76546676e+00 -3.72155490e+00]]

 [[ 1.55886093e-02  1.02064907e-02  9.99497740e-03  1.03678515e-02
    1.36169524e-02  6.04792796e-03  1.40082169e-02  1.10446041e-02
    1.21508097e-02  1.09430041e-02]
  [ 3.00000132e+00  3.00004086e+00  3.00005013e+00  3.00004449e+00
    3.00009682e+00  3.00002100e+00  3.00001142e+00  3.00001442e+00
    3.00000313e+00  3.00000907e+00]
  [-5.08514769e+00 -1.03983785e+01 -3.72405101e+00 -3.72319706e+00
   -3.72340310e+00 -5.12703454e+00 -1.03943718e+01 -3.72322817e+00
   -2.75150705e+00 -3.72403269e+00]]

 [[ 4.35636828e-02  6.05203066e-02  5.18470295e-02  6.93800923e-02
    7.28138290e-02  5.99640891e-02  7.71221262e-02  6.71833739e-02
    7.92849568e-02  3.70277471e-02]
  [ 3.00007623e+00  3.00008181e+00  3.00019802e+00  3.00002129e+00
    3.00006439e+00  3.00009097e+00  3.00012054e+00  3.00009820e+00
    3.00005242e+00  3.00007014e+00]
  [-1.03701609e+01 -3.71557534e+00 -5.07474506e+00 -2.76356231e+00
   -5.10527624e+00 -5.07863627e+00 -5.07004452e+00 -3.71909239e+00
   -5.08390838e+00 -1.03443942e+01]]

 [[ 6.88630026e-02  4.36982756e-02  6.14242996e-02  6.29156609e-02
    7.13940284e-02  6.23902799e-02  4.35384194e-02  5.23312655e-02
    3.38500056e-02  3.69249433e-02]
  [ 3.00014989e+00  3.00014526e+00  3.00009457e+00  3.00012041e+00
    3.00008159e+00  3.00015614e+00  3.00001590e+00  3.00009148e+00
    3.00031338e+00  3.00031630e+00]
  [-1.03487844e+01 -1.03795437e+01 -5.07290751e+00 -3.71822728e+00
   -2.74807234e+00 -1.03490461e+01 -1.03908057e+01 -3.71516334e+00
   -1.03262594e+01 -5.12125958e+00]]

 [[ 4.67762242e-02  5.86478305e-02  5.28075571e-02  6.09806020e-02
    4.17967828e-02  6.01226851e-02  3.98768779e-02  2.84728279e-02
    5.23918545e-02  4.01516419e-02]
  [ 3.00010818e+00  3.00009931e+00  3.00001638e+00  3.00003128e+00
    3.00003038e+00  3.00017328e+00  3.00008681e+00  3.00001826e+00
    3.00005521e+00  3.00009183e+00]
  [-1.03490659e+01 -2.74930029e+00 -5.12029682e+00 -2.75071880e+00
   -2.76362649e+00 -1.03720875e+01 -1.83659536e+00 -1.02763896e+01
   -1.03085862e+01 -1.03687232e+01]]

 [[ 1.64792667e-01  1.84192953e-01  1.64560530e-01  1.61393538e-01
    1.74556104e-01  1.79562484e-01  1.67620988e-01  9.49106568e-02
    1.63351804e-01  1.89748621e-01]
  [ 3.00017369e+00  3.00023829e+00  3.00021966e+00  3.00018571e+00
    3.00010124e+00  3.00011089e+00  3.00153788e+00  3.00005728e+00
    3.00005750e+00  3.00003068e+00]
  [-5.04099250e+00 -2.76022508e+00 -1.03536478e+01 -5.04442099e+00
   -2.75273704e+00 -5.05237596e+00 -1.03583957e+01 -1.00796527e+01
   -1.01242240e+01 -1.03120329e+01]]

 [[ 1.52730033e-01  1.67135694e-01  1.81121585e-01  1.33473054e-01
    1.03478939e-01  1.48608657e-01  1.35640649e-01  2.09979763e-01
    1.73429124e-01  1.77336968e-01]
  [ 3.00183174e+00  3.00009859e+00  3.00014031e+00  3.00008362e+00
    3.00088542e+00  3.00001577e+00  3.00002526e+00  3.00092067e+00
    3.00000985e+00  3.00005088e+00]
  [-1.00905903e+01 -2.74635905e+00 -1.02972578e+01 -5.12554015e+00
   -5.05419881e+00 -1.01971507e+01 -5.01753215e+00 -5.02738853e+00
   -1.02816072e+01 -1.02798108e+01]]

 [[ 1.29197390e-01  1.03210059e-01  1.81435238e-01  1.66003757e-01
    1.41722289e-01  1.96823162e-01  2.03018837e-01  1.76799408e-01
    1.74605705e-01  1.26161041e-01]
  [ 3.00007328e+00  3.00040638e+00  3.00029665e+00  3.00027017e+00
    3.00017661e+00  3.00005298e+00  3.00007840e+00  3.00000792e+00
    3.00005284e+00  3.00028652e+00]
  [-5.11562457e+00 -1.02664832e+01 -1.03732778e+01 -2.76295260e+00
   -1.03264037e+01 -1.03416635e+01 -1.83009539e+00 -2.74605554e+00
   -5.05193112e+00 -5.04705326e+00]]

 [[ 9.89446339e-01  6.62758501e-01  5.26397204e-01  6.54298203e-01
    6.94936957e-01  7.80353227e-01  8.88468899e-01  7.79298448e-01
    7.54234570e-01  8.54330932e-01]
  [ 3.00221392e+00  3.00237009e+00  3.00333003e+00  3.00099780e+00
    3.00027078e+00  3.00271231e+00  3.00211049e+00  3.00126098e+00
    3.00102522e+00  3.00124529e+00]
  [-1.02368610e+01 -9.57471854e+00 -9.11308886e+00 -9.04831015e+00
   -9.98605939e+00 -9.91659507e+00 -1.01383399e+01 -1.01823393e+01
   -9.64933103e+00 -5.05028936e+00]]

 [[ 5.46143429e-01  5.82527731e-01  6.04800301e-01  5.60787333e-01
    6.61349867e-01  8.25349521e-01  7.77413970e-01  9.23981448e-01
    5.62642741e-01  7.66377931e-01]
  [ 3.00031539e+00  3.00118287e+00  3.00006801e+00  3.00332302e+00
    3.00084585e+00  3.00098483e+00  3.00079916e+00  3.00021120e+00
    3.00107850e+00  3.00523253e+00]
  [-9.60737450e+00 -9.67221668e+00 -4.80112089e+00 -1.00433621e+01
   -9.57304388e+00 -9.10340442e+00 -4.98455742e+00 -4.81368203e+00
   -9.44156972e+00 -1.00549886e+01]]

 [[ 7.89308338e-01  7.61822180e-01  1.17300793e+00  9.33295368e-01
    6.94686015e-01  5.27863939e-01  6.96127124e-01  5.45140631e-01
    1.02247135e+00  5.71867951e-01]
  [ 3.00156785e+00  3.00048994e+00  3.00071129e+00  3.00206058e+00
    3.00124559e+00  3.00006944e+00  3.00686859e+00  3.00022653e+00
    3.00106705e+00  3.00070891e+00]
  [-2.71058513e+00 -5.00967996e+00 -4.96509296e+00 -9.59331083e+00
   -9.92688756e+00 -9.65445866e+00 -1.00262125e+01 -1.03259317e+01
   -2.74875889e+00 -5.04181189e+00]]

 [[ 4.74906296e+00  7.06403181e+00  4.92011067e+00  5.30102906e+00
    5.26378717e+00  6.49887969e+00  4.05859819e+00  6.43361015e+00
    4.47558111e+00  4.55887324e+00]
  [ 3.03247330e+00  3.01473743e+00  3.01133540e+00  3.01010204e+00
    3.01220600e+00  3.00060470e+00  3.00894100e+00  3.00728679e+00
    3.00244299e+00  3.00416787e+00]
  [-6.89714866e+00 -6.86160222e+00 -8.63463514e+00 -6.13461167e+00
   -9.10939070e+00 -8.32885847e+00 -6.12101948e+00 -6.79198581e+00
   -7.50288088e+00 -7.84591504e+00]]

 [[ 4.93272364e+00  4.04181868e+00  4.39787515e+00  5.12839850e+00
    4.47903713e+00  5.14779786e+00  3.69449811e+00  3.99489016e+00
    4.62839738e+00  4.88696942e+00]
  [ 3.00251564e+00  3.00970775e+00  3.00249370e+00  3.00584350e+00
    3.00353428e+00  3.00608312e+00  3.00255881e+00  3.03463957e+00
    3.01587997e+00  3.00628884e+00]
  [-7.21903976e+00 -7.92038048e+00 -6.19770863e+00 -7.46855055e+00
   -8.12598448e+00 -9.39045653e+00 -8.77263762e+00 -6.43081304e+00
   -6.29335757e+00 -7.29454749e+00]]

 [[ 5.17615381e+00  5.62721132e+00  4.79595977e+00  5.84727726e+00
    5.26818504e+00  3.62428325e+00  5.52552482e+00  6.25578367e+00
    6.26532744e+00  3.02953224e+00]
  [ 3.00125338e+00  3.02147636e+00  3.00466955e+00  3.01559248e+00
    3.02071043e+00  3.00751388e+00  3.01356648e+00  3.00212099e+00
    3.00224970e+00  3.02434970e+00]
  [-7.71092000e+00 -7.27778368e+00 -7.99707928e+00 -7.74746969e+00
   -8.14909466e+00 -8.33597494e+00 -7.89081275e+00 -8.38654857e+00
   -8.68212927e+00 -7.08327524e+00]]]