[[[ 6.02750605e-01  2.40597812e+00  3.50264030e+00  2.17947135e+00
    3.49197517e-01  1.06486069e+00  1.71652281e+00  3.74094581e+00
    2.11771762e+00  8.05837367e-01]
  [ 1.37957443e-02  3.51479137e-03  1.28227575e-03  2.41354209e-02
    1.63002172e-02  4.64034065e-03  2.56935184e-03  7.07271018e-03
    5.35332415e-03  3.57953180e-03]
  [ 1.39582588e+00 -3.39993955e-03 -1.26409196e-04 -9.88022852e-03
    7.66737589e-01  9.20540265e-01 -1.07252430e-02 -2.11780382e-02
    1.40223819e+00 -2.49836873e-02]]

 [[ 5.95500412e-01  3.51890341e-01  1.02539547e+00  5.50903920e-01
    7.06371198e-01  1.80434524e-01  6.24835592e-01  7.50429691e-01
    3.53654919e-01  2.14176104e-01]
  [ 1.20257941e-03  1.08012159e-02  2.10897512e-03  1.70809330e-03
    7.40433797e-04  1.23638202e-03  7.07538805e-04  3.49776903e-04
    7.36936823e-05  3.70675970e-03]
  [-1.11460243e-03 -4.32251870e-04 -9.53575997e-02 -1.52467803e-02
   -7.38941258e-03 -9.31150494e-03 -2.03100192e-02 -8.81491308e-03
   -1.15221025e-02  2.49797001e+00]]

 [[ 2.51642400e+01  4.68318196e+01  7.75511508e+00  9.41377666e+00
    2.47852298e+01  2.00220579e+01  6.40111325e+00  2.15521375e+01
    1.99753950e+01  9.25500588e+00]
  [ 2.01352470e-01  1.03230009e-01  3.18376102e-01  3.52584762e-02
    1.16402722e-01  1.07177463e-01  8.20423028e-02  8.24762724e-02
    5.04387573e-02  2.42917283e-01]
  [-4.63914418e-03 -2.11350272e-03 -8.35689350e-03 -6.98764879e-03
    1.71593934e-02  2.87382526e-01 -1.68740316e-02 -3.32878869e-02
   -1.16261145e-02 -5.96052697e-02]]

 [[ 4.68504076e+00  7.32321854e+00  5.45788373e+00  1.71866219e+01
    5.31944306e+00  1.29045277e+01  8.56433978e+00  6.40086018e+00
    2.97889343e+00  2.85636714e+00]
  [ 1.73925982e-02  5.14362503e-02  1.69819271e-02  4.72456448e-03
    2.99972600e-02  4.19046981e-02  1.29135398e-02  1.95793154e-02
    4.43453930e-02  5.90962285e-02]
  [-7.31599087e-02 -7.23928732e-03 -2.28408555e-01 -7.12550050e-02
   -6.00412167e-02 -5.14246436e-02 -2.05049772e-03 -3.32295439e-03
   -3.62911843e-03 -2.66713893e-02]]

 [[ 3.14482058e+00  5.78554271e+00  3.24864151e+00  6.13647544e+00
    4.42989144e+00  2.27270553e+00  5.90949918e-01  3.02955508e+00
    2.72442098e+00  5.32609525e+00]
  [ 1.31867038e-02  4.41578036e-03  7.09731265e-03  3.13523919e-03
    4.63034763e-03  1.38910469e-02  3.22450310e-02  6.35527133e-03
    4.67190287e-03  9.15172242e-03]
  [-5.62592551e-03 -5.42357564e-02 -4.03293865e-02 -1.29421215e-02
   -2.58334876e-03 -5.91309067e-03 -1.87149751e-02 -4.90356421e-02
   -2.05905472e-03 -1.50345287e-02]]

 [[ 7.52542885e+01  3.38370403e+02  3.96666617e+02  2.24995619e+02
    9.79973400e+01  1.29354850e+02  3.33885934e+01  2.29434527e+02
    4.08745135e+01  1.33288349e+02]
  [ 7.55510246e-01  4.42894588e-01  2.80174829e-01  5.29952003e-01
    8.80042203e-01  8.41047054e-01  4.07367652e-01  2.08137995e+00
    1.91784653e+00  6.50504926e-01]
  [-3.08606349e-02 -1.16676700e-01 -1.22672145e-02 -1.43363606e-01
   -6.60184117e-02 -1.67798952e-03 -2.56482845e-02 -4.63629947e-02
   -1.66062320e-01 -6.04920442e-02]]

 [[ 6.05076190e+01  9.88270116e+01  2.94070679e+01  2.50727121e+01
    7.70749544e+01  1.12949742e+02  6.30892825e+01  7.14208712e+01
    4.78299256e+01  2.05402228e+01]
  [ 2.04846270e-01  4.38981103e-01  4.91159136e-02  8.53126196e-02
    3.40115253e-01  3.72644941e-02  2.79157929e-01  1.41484538e+00
    1.94188296e-02  1.77626289e-01]
  [-1.00909070e-02 -1.15901794e-01 -9.13876296e-02 -1.06536065e-02
   -8.31060959e-03 -1.60805946e-02 -7.59000439e-02 -9.03204166e-02
   -1.01354605e-01 -5.31301593e-02]]

 [[ 2.08904173e+01  6.62073919e+01  8.61579728e+00  4.53127417e+01
    7.48827460e+00  7.48740670e+00  6.67772686e+01  3.62934414e+00
    3.41592965e+01  7.33543201e+00]
  [ 7.27361340e-02  9.24716953e-02  4.94182006e-02  7.58191259e-03
    1.59545767e-01  8.48801994e-02  3.18074256e-02  1.41392902e-01
    9.40535843e-02  1.74916768e-02]
  [-3.84740447e-02 -1.65615186e-02 -3.60242952e-02 -1.88988074e-01
   -3.35552404e-02 -6.29808686e-02 -1.61079834e-01 -1.14640170e-02
   -1.35006853e-02 -7.98369094e-02]]

 [[ 2.64400909e-03  7.90958734e+03  4.62984379e+04  1.20660745e-03
    1.49276067e-03  1.21795898e-03  2.11766394e-03  8.56726323e-04
    7.12112267e-04  1.03388681e+04]
  [ 4.56607558e-05  2.51037534e-05  2.82198983e+01  2.28897344e-05
    4.84233892e-05  1.26024868e-05  1.34888121e+02  1.83156851e-05
    1.58541913e-05  5.02602944e-05]
  [ 3.14368470e+00  3.72946826e+00 -3.22880372e-04  8.85794715e-01
   -1.40432679e-04 -1.90550600e-03  1.00718844e+00 -3.97009409e-05
    4.97930659e+00  1.50739780e+00]]

 [[ 2.31814466e-03  7.58985868e-04  9.11081756e-04  1.38204442e-03
    1.30733707e-03  7.65130201e-04  5.22974557e-04  7.84418279e+01
    1.24129387e-03  2.56148586e-03]
  [ 4.62140540e-06  5.76066403e-06  4.45440424e+01  1.67885392e-05
    1.56456846e-05  1.57493181e-05  6.66664179e-06  1.69670055e+01
    6.58359778e-06  4.52344576e-06]
  [ 1.44147060e+00  5.08850574e-01  1.10851167e-02  1.10840441e-02
   -3.30402454e-04  4.90841955e+00  3.49979023e+00 -3.45921636e-04
   -2.75591189e-05 -6.87245836e-05]]

 [[ 1.33733060e-03  4.63202412e-04  7.99603143e-04  5.82522610e-04
    1.07271816e-03  4.89371548e-04  7.23974470e-04  3.55680461e-04
    2.99830034e-04  2.99726070e-04]
  [ 1.51334851e-05  3.96076353e-06  2.63496013e-06  3.15504475e-06
    7.82069443e-07  4.24394747e-06  3.24877527e-06  2.76884848e-06
    5.29188223e-06  1.55380701e-06]
  [ 1.12784869e+00  2.51960115e+00  4.52391984e+00 -2.37489647e-04
   -3.28353690e-04  1.86917980e+00 -3.36904353e-04  1.93281547e+00
   -3.15560982e-04  2.64185218e+00]]

 [[ 8.62571471e+00  7.61437255e-01  1.29869325e+00  8.11581583e-01
    4.70503980e-01  1.93795136e+00  2.28097776e+00  9.62051583e-01
    1.05161468e+00  1.25890440e+00]
  [ 1.32819516e-02  1.60790275e-02  5.57356873e-03  3.15360114e-02
    9.54399137e-03  3.39289739e-02  1.18435934e-02  1.20576586e-02
    1.53471739e-02  1.29598548e-02]
  [ 8.68897726e-01 -2.73499563e-03 -4.10832247e-03  3.53883177e+00
   -1.39711784e-02 -3.91806332e-02  2.37868780e+00  5.07977765e+00
   -3.13390119e-04  2.21388422e+00]]

 [[ 9.05934033e-01  5.60582714e-01  6.67849900e-01  4.22831516e-01
    1.49367080e-01  2.93155925e-01  6.22294071e-01  9.03985124e-01
    5.35320963e-01  3.18631568e-01]
  [ 2.04815982e-03  8.26025961e-03  8.26975338e-03  4.38390924e-03
    3.12736090e-03  6.78074975e-03  1.31404991e-02  3.93548914e-03
    4.20208680e-03  6.62843117e-03]
  [ 1.27620127e+00  3.63731700e+00  1.19893816e+00  1.46498408e-01
    4.88488148e-01  2.58868753e-01  7.69615743e-01  2.06084606e+00
    2.79403631e-01 -1.65414380e-02]]

 [[ 6.86742630e-01  4.98355383e-01  3.10808952e-01  2.33497769e-01
    6.80468839e-01  7.24746936e-01  4.85016902e-01  3.07567954e-01
    3.30438758e-01  6.91331415e-02]
  [ 6.67671379e-04  3.83985694e-03  2.31479512e-03  2.37439938e-03
    1.96320244e-03  9.03471189e-04  4.05989941e-03  1.34317885e-03
    7.12295170e-04  3.50863627e-03]
  [-1.83938493e-02  5.02096241e-01  2.09903523e-01 -1.19069792e-03
    3.90620875e+00  1.41112495e+00 -3.89449760e-02  1.65144697e+00
   -1.98271676e-03 -3.33379105e-03]]

 [[ 1.50315694e+01  4.51162925e+00  4.22789142e+00  2.57776069e+00
    3.57807325e+00  6.28837314e+00  4.34726738e+00  1.55714808e+01
    2.72686826e+00  1.00949209e+01]
  [ 2.25509091e-02  6.93954127e-02  1.11678267e-01  5.30870088e-02
    5.67018033e-02  5.17023594e-02  7.40306019e-02  3.56997112e-02
    7.80161618e-02  9.06761299e-02]
  [ 7.30880570e-01  2.73108206e+00 -7.99800480e-03  7.43538464e-01
    7.80568042e-01 -8.44918631e-03 -7.64425448e-02  5.72623592e-01
   -3.72501249e-03 -4.77435950e-02]]

 [[ 3.03437968e+00  5.32904366e+00  1.30984875e+00  3.76969738e+00
    1.78594017e+00  5.24189942e+00  3.26622232e+00  2.42745857e+00
    3.24218790e+00  4.79559201e+00]
  [ 3.95456133e-02  5.20638661e-02  4.10986888e-02  3.55125376e-02
    1.99631029e-02  1.33349807e-02  2.66553898e-02  3.89503329e-02
    2.36314658e-02  8.30620399e-02]
  [ 2.38180844e-01  8.38263612e-01  2.00116891e+00  6.13997960e-01
    1.10572824e+00  7.33446811e-01 -7.74632995e-02 -1.46350541e-02
   -2.56761642e-03 -1.39711713e-03]]

 [[ 1.94545369e+00  3.79195296e-01  1.08224178e+00  5.29134709e+00
    1.36507509e+00  1.23229220e+00  9.18624919e-01  2.19568450e+00
    4.06968168e+00  3.41641297e+00]
  [ 6.17703568e-03  6.50025843e-03  2.27917974e-02  1.54402974e-02
    1.54876440e-02  4.71850978e-03  2.30847749e-02  8.91341907e-03
    1.21159980e-02  2.82602781e-03]
  [-3.11104960e-03 -3.65206770e-03  2.29673371e+00  1.19964136e+00
   -1.77285749e-03  2.39798353e+00 -2.04592099e-02 -3.53750560e-02
    4.91875088e-01  1.32571288e+00]]

 [[ 1.14223745e+01  1.16860977e+01  1.99434634e+01  1.27968261e+01
    8.09273607e+00  1.48564986e+01  1.51913824e+01  2.13416724e+01
    1.36524577e+01  1.71953842e+01]
  [ 1.72621451e-01  9.80683147e-02  5.88255713e-02  1.42178956e-01
    1.51033512e-01  2.19908615e-01  1.94556701e-01  1.74574521e-01
    1.68954267e-01  2.65586226e-01]
  [ 2.79307035e-01  2.61956084e-01  1.09015248e-01  6.41543586e-01
   -1.42160457e-01 -7.33150625e-02  8.54625679e-01 -6.29491961e-02
   -1.12059185e-02  2.62936126e+00]]

 [[ 1.35596802e+01  5.64315453e+00  2.02386887e+00  1.08497284e+01
    1.05459033e+01  1.23744382e+01  2.82992667e+00  1.09371001e+01
    6.74780828e+00  7.67856288e+00]
  [ 2.07147621e-01  6.51326191e-02  4.00972458e-02  1.38805183e-01
    6.71066656e-02  6.09303461e-02  1.54469987e-01  8.79331624e-02
    8.77603810e-02  9.89338410e-02]
  [-2.16759230e-03 -3.16072987e-03 -2.83723906e-02  9.82642996e-01
   -8.84356491e-02  6.42186115e-01 -1.69884957e-02 -2.32305891e-02
   -8.30173264e-03  5.83015568e-02]]

 [[ 4.03393311e+00  3.14807964e+00  4.72347395e+00  8.56166707e+00
    3.88778260e+00  5.50895881e+00  4.64821012e+00  4.40859531e+00
    1.26357840e+00  5.38492379e+00]
  [ 5.21478479e-02  4.47258318e-02  3.72793673e-02  5.58954071e-02
    2.71521677e-02  2.29625746e-02  3.31157316e-02  2.44439963e-02
    2.75883573e-02  6.80396706e-02]
  [ 3.54289691e+00 -3.62093047e-03 -5.14275239e-02 -1.07537861e-02
    1.63555875e+00  4.75991904e-02 -2.12896146e-02 -2.02641659e-03
   -3.43544422e-03 -1.88241610e-03]]

 [[ 8.06368242e+01  6.72039061e+01  1.51170406e+02  6.21975430e+01
    8.61225081e+01  2.20199796e+02  1.31949747e+02  9.32325496e+01
    1.08146496e+02  1.02919226e+02]
  [ 1.26439847e+00  2.43481221e-01  1.71843881e+00  1.07817797e+00
    1.73635654e+00  2.07567315e+00  7.00180085e-01  5.27709737e-01
    5.91780355e-01  1.54013511e+00]
  [-6.99714028e-02  5.10655860e-01 -5.28494305e-02 -2.36777054e-01
    6.56854661e-01 -1.71696142e-02 -5.16204095e-03 -3.40531198e-02
   -2.13737407e-02  1.70777662e-01]]

 [[ 1.74990711e+01  3.57264384e+01  2.96647297e+02  4.03087308e+01
    3.51791851e+01  9.07963178e+01  3.44530039e+01  2.71948872e+01
    5.56829388e+01  3.88587223e+01]
  [ 2.22369244e-01  3.03945421e-01  8.76762656e-01  2.20321940e-01
    3.38244352e-01  7.59255726e-01  6.14743620e-01  4.54063287e-01
    3.76514125e-01  6.93900410e-01]
  [-1.64209626e-02 -1.13901346e-02 -1.98078797e-02 -1.39514447e-01
   -7.39381857e-02  1.47580312e+00 -7.26179183e-02 -1.69585420e-02
   -2.11526379e-02 -8.54464637e-03]]

 [[ 1.81677287e+01  5.15735639e+00  6.85285428e+01  1.79271081e+01
    2.04353576e+01  2.44883272e+01  3.07865236e+01  1.83223132e+01
    3.78212306e+01  2.08747436e+01]
  [ 1.34601410e-01  2.02388037e-01  3.14262400e-01  2.18048313e-01
    2.89409141e-01  2.61004419e-01  1.16768068e-01  1.78278931e-01
    1.94470448e-01  1.48596833e-01]
  [ 1.02865213e+00 -1.87362373e-02 -4.56929221e-02 -2.52579462e-02
   -2.39090644e-02 -5.02406211e-03 -1.35805160e-02 -6.36559512e-02
   -5.32426577e-02  3.54793211e-01]]

 [[ 3.91194555e+02  1.43567634e+02  3.72621405e+02  9.79559569e+02
    1.82527657e+02  4.03404983e+02  4.36260462e+02  4.12224755e+02
    2.60502872e+02  9.71116825e+02]
  [ 4.88382696e+00  3.23772312e+00  6.53133708e+00  1.88539597e+00
    7.33247308e+00  4.78467790e+00  5.12697475e+00  1.38464703e+01
    3.22712113e+00  2.72558507e+00]
  [-5.05686304e-02 -9.38258057e-03 -1.40887614e-01  4.05580826e-03
   -5.67531866e-02 -1.51822848e-02 -2.65877886e-01 -2.02295007e-01
   -1.17633955e-02 -9.14227197e-02]]

 [[ 6.13167087e+02  9.80030902e+02  1.99947594e+02  4.96105523e+02
    1.02647279e+03  4.95720709e+02  2.08048289e+02  5.63315689e+02
    7.54914077e+01  4.32488500e+02]
  [ 2.77101681e+00  1.68796391e+00  2.96682515e+00  3.54315523e+00
    3.08236022e+00  2.14275854e+00  2.09049546e+00  1.63816859e+00
    1.06906789e+00  2.90461558e+00]
  [-2.61825803e-01 -3.15874294e-02 -5.79721842e-02 -7.89423464e-02
   -4.64699719e-02 -5.66300056e-02 -9.13045971e-02 -6.32614701e-02
   -5.85956172e-03 -1.02498165e-01]]

 [[ 6.00185970e+01  1.21119210e+02  6.06610450e+01  2.53659167e+02
    7.42551218e+01  9.45091359e+01  1.72834739e+02  1.24073188e+02
    8.59435065e+01  1.09347927e+02]
  [ 1.12929934e+00  3.22910484e+00  1.34964857e+00  6.79316669e-01
    1.13361000e+00  8.64308813e-01  1.03119134e+00  1.31452837e+00
    1.72993333e+00  1.28737783e+00]
  [-1.92001062e-01 -1.77685948e-01 -7.88538716e-03 -1.49641688e-01
   -3.00741540e-02 -9.25955497e-03 -6.72443426e-02 -8.87326213e-03
   -1.68171864e-02 -1.39255544e-02]]

 [[ 3.75285898e+04  1.07710180e-03  3.41825379e-03  2.42845755e-03
    1.30718517e-03  1.86695272e-03  3.85047967e+01  9.01329035e+01
    2.45343383e-03  7.70890260e+03]
  [ 3.20324467e-05  1.49608288e-05  2.88091042e-05  3.31051651e-05
    2.32811333e+00  1.08985176e+02  5.13407894e+01  2.01734106e-05
    5.51231153e+00  2.60388693e-05]
  [ 2.87360889e+00  2.51646490e+00  7.64248485e-01 -1.74571312e-04
    2.24429643e+00 -6.53531728e-04  9.15789564e-01 -2.02753268e-04
    1.03099715e+00  3.35886162e+00]]

 [[ 1.20874379e-03  1.14945604e-03  1.09011225e-03  2.00435715e-03
    9.55698369e-04  2.00403301e-03  7.46486932e-04  1.83896013e+03
    9.60142870e-04  1.45953018e-03]
  [ 1.69675823e-05  4.38217742e+01  1.63435581e-05  7.15033222e-06
    7.93966739e-06  1.63337954e+01  6.12946016e-06  1.04036894e-05
    8.98066319e-06  6.15550225e-06]
  [ 8.16254573e-01 -2.38783493e-04 -7.60058948e-05  4.65189065e+00
    4.18636337e+00  3.00233990e+00  7.66391280e-01 -5.35865585e-06
    1.07968665e+00  5.94721091e+00]]

 [[ 1.03205784e-03  8.13204564e-04  4.23051583e-04  9.04198739e-04
    1.33519241e-03  4.15339916e-04  2.14802131e-04  1.10747997e-03
    3.82960986e-04  1.48712493e-03]
  [ 5.26814597e-06  1.76858320e-06  7.76569711e-06  2.16659556e-06
    1.09451473e-06  2.23300709e-06  1.76966004e-06  4.23421279e-06
    3.40397545e-06  4.34573519e-06]
  [ 3.61864274e+00  8.50024440e+00 -4.03438384e-04 -4.95118890e-05
   -2.59535863e-04 -1.29020253e-05 -4.07237351e-04 -7.85860576e-04
    1.48695835e+00 -3.62445346e-05]]

 [[ 6.88907156e-01  1.15846491e+00  9.39122800e-01  1.25964761e+00
    5.01629350e-01  1.08642197e+00  5.52983678e-01  1.15433695e+00
    1.61274977e+00  1.01032553e+00]
  [ 1.89973620e-02  6.25379842e-03  4.65320141e-03  5.66923963e-03
    2.17667884e-02  9.83410477e-03  1.01682361e-02  1.75340993e-02
    8.14151727e-03  1.27377356e-02]
  [-6.91069624e-03  3.89693598e-01  8.32597821e-01  1.16029457e+01
    4.56663875e-01 -2.77518135e-03 -5.13526590e-03 -5.00431726e-02
    2.61797882e+00  5.17843002e-01]]

 [[ 5.76695016e-01  7.70320268e-01  1.03439555e+00  4.56191088e-01
    4.38318564e-01  8.70902591e-01  8.84103010e-01  4.13109548e-01
    8.49824965e-01  5.90764472e-01]
  [ 6.71449690e-03  7.82032354e-03  6.32858248e-03  5.29450342e-03
    2.43511232e-03  5.03579019e-03  2.13547168e-03  8.99417543e-03
    5.29303341e-03  6.59250403e-03]
  [ 1.41218076e-01  1.51877951e+00  5.68813874e-01 -5.91458600e-03
    4.70643694e-01 -2.10612246e-04 -5.91166833e-03 -4.30992886e-03
    4.25762786e-01  4.43106184e-01]]

 [[ 5.72454488e-01  1.44609747e+00  7.95675432e-01  8.30583329e-01
    2.17717921e-01  3.02562447e-01  6.04591656e-01  7.17797602e-01
    3.73685703e-01  5.14679286e-01]
  [ 2.91807188e-03  1.21742992e-03  1.68512763e-03  1.76412096e-03
    3.32375398e-03  1.74500615e-03  1.50887794e-03  9.04600195e-04
    2.58836976e-03  1.33232630e-03]
  [-1.65591839e-02 -1.81365516e-03  1.87191402e+00 -2.31813550e-02
   -3.25072366e-03 -5.78078391e-03  6.36928826e-01 -6.46988608e-03
    7.65474554e-01 -4.09257988e-03]]

 [[ 6.92997176e+00  1.26293911e+00  4.34940038e+00  4.22417668e+00
    5.77231664e+00  4.91060458e+00  4.32368572e+00  4.37269717e+00
    1.20758714e+01  8.21031786e+00]
  [ 5.26029231e-02  8.27549795e-02  4.52723641e-02  5.77649562e-02
    9.31452286e-02  7.65422450e-02  4.17319410e-02  2.92676252e-02
    4.57462661e-02  5.90550914e-02]
  [ 6.42799099e-01  9.86886216e-01 -4.19049380e-03 -1.71349398e-03
    7.07098510e-02 -4.61487519e-02  2.65374302e-01 -5.37554247e-03
   -1.27155604e-03 -2.05013857e-03]]

 [[ 2.33572100e+00  3.43874717e+00  3.73887443e+00  2.18352532e+00
    5.93836604e+00  2.73669232e+00  2.56948841e+00  5.36136035e+00
    2.10478810e+00  3.44618625e+00]
  [ 4.31054016e-02  2.32221131e-03  5.79666434e-02  1.22101242e-02
    9.67305993e-03  2.64100213e-02  3.82935009e-02  9.23360315e-03
    4.78196058e-02  3.99052643e-02]
  [ 2.17684043e+00 -3.13014060e-02 -5.17552315e-02 -2.72786645e-03
    6.61491203e-01 -4.16826466e-03 -1.15048089e-02 -1.40985356e-03
   -2.48517566e-02 -1.25338248e-03]]

 [[ 8.31992191e-01  1.54130122e+00  1.92660968e+00  2.75366210e+00
    1.76520142e+00  1.42436387e+00  2.08371241e+00  2.59916762e+00
    2.88859508e+00  1.66564572e+00]
  [ 3.32077539e-03  7.72832323e-03  1.29067883e-02  1.09636880e-02
    9.77421487e-03  7.01764038e-03  1.43119125e-02  3.37643461e-03
    9.62187902e-03  2.32415202e-03]
  [ 8.90246507e-03 -6.43246830e-02  1.76152227e+00  2.58945277e+00
   -1.91397682e-03  1.17794068e+00 -3.21234849e-02 -1.11031627e-03
   -1.15611745e-01 -6.82063440e-03]]

 [[ 1.80143703e+01  1.25882075e+01  8.37181859e+00  8.62222763e+00
    1.07342508e+01  1.27874979e+01  1.24028185e+01  2.23423247e+00
    1.68642498e+01  2.99149650e+01]
  [ 2.50100863e-01  1.65377284e-01  8.70116335e-02  1.82753843e-01
    1.87404874e-01  1.49878395e-01  1.38874965e-01  1.66287315e-01
    1.59016208e-01  2.26386919e-01]
  [ 1.30116700e+00 -6.51039792e-02  2.26322879e-01  5.02526805e-01
   -4.55827045e-02 -2.46758474e-02 -1.81168355e-02 -1.45824417e-03
   -4.43247428e-03  2.00704829e-02]]

 [[ 1.39424629e+01  5.86883377e+00  1.90776223e+01  1.03351393e+01
    2.09625392e+01  1.11801427e+01  1.36552355e+01  1.57003272e+01
    7.97885878e+00  9.30451277e+00]
  [ 1.41038856e-01  9.66554081e-02  7.52865742e-02  1.32940271e-01
    6.56820069e-02  1.87107536e-01  1.14816360e-01  4.09638315e-02
    1.09778425e-01  1.00596883e-01]
  [ 1.27473644e+00  5.24723265e-01 -1.41684983e-03  5.53584165e-02
    9.24111322e-01 -3.90764953e-02  7.86858501e-01  1.67520324e-01
   -8.65884032e-03  1.19663875e-02]]

 [[ 2.45961095e+00  3.62826760e+00  4.26759222e+00  6.11600732e+00
    3.52831775e+00  1.26833049e+01  6.85834309e+00  7.90487245e+00
    6.71402771e+00  5.45218485e+00]
  [ 1.32475655e-02  1.91096644e-02  2.42994955e-02  4.46954552e-02
    1.35215495e-02  1.87555464e-02  1.20094127e-02  2.58262513e-02
    1.49768026e-02  2.21613729e-02]
  [-3.70773914e-03 -8.35836554e-02 -2.25750093e-02 -2.12090869e-02
   -3.05436225e-02 -1.13847015e-01  6.20905339e-01  1.53021114e-01
   -1.21012625e-02 -5.36930218e-02]]

 [[ 3.74794828e+01  5.95653276e+01  6.77948998e+01  7.58988581e+01
    3.71407865e+01  5.12497948e+01  7.46784007e+01  3.27829981e+01
    1.09422606e+02  6.84571137e+01]
  [ 8.14087071e-01  2.88253963e-01  1.21705693e+00  9.06925352e-01
    6.13119672e-01  5.67482933e-01  6.44739042e-01  1.37819827e+00
    1.10685003e+00  5.92945421e-01]
  [-1.80546667e-02 -1.34346362e-02 -6.51598977e-03 -1.99006524e-01
   -5.11708503e-02 -1.35599895e-02 -8.70067162e-02 -1.73745059e-02
   -1.79429362e-02  1.92188799e+00]]

 [[ 1.06700454e+02  4.70290486e+01  5.54272271e+01  3.20858795e+01
    2.80265916e+01  5.74693928e+01  3.76953770e+01  5.03236341e+01
    6.54112993e+01  8.31065298e+01]
  [ 2.73254765e-01  2.96285765e-01  4.34622893e-01  3.33428600e-01
    1.20142534e-01  1.02693867e+00  7.46159644e-02  4.35772572e-01
    5.39955991e-01  6.26897059e-01]
  [-9.74901901e-02 -7.38801176e-04 -7.96777256e-03 -9.14768926e-03
   -4.02767487e-02 -1.63052434e-02 -3.87503015e-02 -1.61190371e-01
   -1.83233987e-02 -1.06001461e-01]]

 [[ 1.62708944e+01  3.77370249e+01  3.32158030e+01  1.63214188e+01
    1.36803827e+01  1.97983645e+01  1.43289955e+01  1.23972256e+01
    7.15698818e+00  2.16413384e+01]
  [ 2.24876469e-01  4.50342107e-02  4.17209755e-02  1.54466140e-01
    1.14141968e-01  1.48183480e-01  2.43051224e-01  1.02578886e-01
    1.51157862e-01  8.75564986e-02]
  [-6.27070661e-02 -8.48577794e-02 -8.40213736e-02 -4.04659735e-02
    6.35365075e-01 -6.19503329e-03 -1.35458773e-03 -2.99939945e-02
   -7.71367260e-02 -5.51595433e-02]]

 [[ 6.09701462e+02  3.40522237e+02  4.50246464e+02  5.26662814e+02
    4.28760032e+02  5.99539463e+02  2.87259325e+02  7.97677589e+02
    6.90981626e+02  6.07744324e+02]
  [ 4.73896230e+00  3.82519062e+00  6.35501518e+00  7.70207133e+00
    5.43382522e+00  4.00302244e+00  6.82875853e+00  4.33741701e+00
    3.34858664e+00  3.10056818e+00]
  [-5.28879715e-02 -5.64744893e-02 -1.19124221e-02 -1.22042677e-01
   -3.93268138e-02 -7.60842882e-02 -2.00893349e-02 -1.70500575e-01
   -5.71025606e-04 -1.26676607e-01]]

 [[ 4.85324948e+02  2.70081931e+02  2.62322276e+02  6.89993945e+02
    6.90125626e+02  6.24855050e+02  5.31939313e+02  2.03314508e+02
    7.60777701e+01  2.22142684e+02]
  [ 3.49418985e+00  2.42519063e+00  1.88454191e+00  1.17256825e+00
    4.98323681e+00  7.11843547e-01  1.41258444e+00  2.81742515e+00
    1.22135274e+00  2.52903274e+00]
  [-2.65845361e-02 -1.51541034e-01 -1.56276512e-03 -1.31399795e-02
   -5.37958392e-02 -5.87313365e-02 -7.74154759e-02 -2.83795550e-03
   -3.53078494e-02 -1.30275953e-01]]

 [[ 1.56655621e+02  3.22873981e+02  1.20971346e+02  2.78656199e+02
    1.16727594e+02  1.58539523e+02  1.10388102e+02  1.89254593e+02
    5.39446957e+01  1.57173235e+02]
  [ 6.10627526e-01  1.26086318e+00  1.09489488e+00  1.80698326e+00
    1.02672210e+00  1.48738983e+00  1.97402304e+00  1.56136895e+00
    6.02646931e-01  1.35454040e+00]
  [-1.17860290e-02 -8.17032105e-03 -4.38563059e-02 -2.06231093e-01
   -9.08702016e-03 -1.71434764e-01 -1.95156115e-02 -1.27099515e-01
   -2.20047122e-05 -1.20907188e-01]]

 [[ 2.93900055e-03  1.42282373e-03  2.59462514e-03  4.83317136e-03
    3.99731276e-03  3.99194455e-03  7.58478232e-03  4.09087374e-03
    1.02162714e-02  4.60432940e-03]
  [ 7.87605335e-05  5.85516827e-05  5.25694295e-05  4.27772107e-05
    3.35327954e-05  3.14944425e-05  5.89578284e-05  4.27543152e-05
    2.96478066e-05  5.43568987e-05]
  [ 3.62291918e+00  4.51796026e+00  3.77663536e-01 -7.60989999e-04
    2.87224220e+00  1.51399861e+00  2.50696736e-01  8.20750988e+00
    1.00737882e+00  3.85324631e+00]]

 [[ 1.55602392e-03  1.85205216e-03  1.48344913e-03  1.03855029e-03
    2.69054678e-04  1.91513419e-03  5.91428877e-03  2.96708835e-03
    2.38767156e-03  3.98135440e-03]
  [ 1.14270471e-05  3.95403229e-05  3.83070172e-05  4.42852610e-05
    3.01041586e-05  1.48357374e-05  1.58739657e-05  4.75615063e-05
    3.65439771e-05  1.77923212e-05]
  [-4.22569118e-05  3.79881829e-01  5.37833519e+00  2.68667545e+00
    8.37747696e-01  5.73766002e-01  7.98275120e+00  6.09623637e+00
    3.85938409e+00  3.30879222e+00]]

 [[ 1.60249488e-03  9.41191505e-04  1.36760853e-03  1.31468853e-03
    8.27470820e-04  1.20752821e-03  8.77967901e-04  1.94482888e-03
    1.60030730e-03  3.28207470e-03]
  [ 8.68390649e-06  1.26824106e-05  9.34389721e-06  2.18016034e-05
    1.34353029e-05  5.34298637e-06  8.78782972e-06  2.01419929e-05
    4.95914987e-05  4.98242594e-06]
  [-1.28192117e-04  2.58160436e-01 -3.99503715e-05  1.34086905e+00
   -1.40331607e-04 -3.43150178e-05 -1.34011952e-03 -6.72927674e-05
   -1.36469732e-04 -1.90834599e-04]]

 [[ 2.14802651e+00  2.63912409e+00  2.81365924e+00  2.18271703e+00
    2.22345818e+00  3.58591594e+00  1.29318429e+00  1.86562976e+00
    3.08077717e+00  1.38017496e+00]
  [ 2.71347499e-02  3.15892881e-02  3.13440154e-02  3.30170725e-02
    5.04490584e-02  1.02404562e-02  2.32192646e-02  2.34541141e-02
    3.23728114e-02  2.77394477e-02]
  [-4.08023184e-03  2.42346332e+00 -5.75688240e-04  8.46152143e-01
    1.77433553e+00  1.09422906e+00 -1.19802142e-02 -5.91131713e-02
   -1.17078872e-03  7.47814985e-01]]

 [[ 1.00044570e+00  7.75628311e-01  2.10117970e+00  3.11398693e+00
    7.06428082e-01  2.57954884e+00  8.35642776e-01  1.55128229e+00
    7.91619295e-01  2.27841188e+00]
  [ 1.17962564e-02  1.20686885e-02  1.44742611e-02  1.31790586e-02
    1.14763146e-02  1.15613079e-02  1.32385247e-02  2.10190570e-02
    2.44128889e-02  1.59572171e-02]
  [ 1.85951100e+00 -1.03482140e-02  7.55352346e-01  7.99104564e-01
   -1.19835628e-02  2.12113479e+00 -6.36034082e-05  5.34212966e-01
   -8.24193024e-03 -5.22357914e-03]]

 [[ 2.12056338e+00  1.61821791e+00  1.28712643e+00  1.17346201e+00
    9.29808145e-01  1.31966243e+00  2.19779269e+00  1.34703585e+00
    1.27653469e+00  5.46994355e-01]
  [ 1.16605649e-02  1.69563869e-02  1.46433217e-02  1.14006568e-02
    1.61144635e-02  2.60870060e-03  9.18768683e-03  1.62385684e-02
    2.25131209e-02  1.44659573e-02]
  [ 7.80456738e-01  2.57057765e+00  3.87290360e-01  1.94026175e-01
   -6.79025935e-02  4.72932563e-01  6.51537050e-01  5.87976852e-01
    5.10238228e-01 -3.20713900e-03]]

 [[ 1.12907656e+01  6.18999747e+00  1.39264794e+01  8.56676041e+00
    8.17124317e+00  1.64906786e+01  2.65185449e+00  6.76145571e+00
    1.16746200e+01  1.78076269e+01]
  [ 1.07575500e-01  1.31132611e-01  1.20327867e-01  2.48189562e-01
    1.72385766e-01  1.25960774e-01  1.20509269e-01  1.95717495e-01
    1.03065470e-01  9.25852573e-02]
  [ 2.68106293e+00  1.45931291e+00 -5.02662889e-02 -3.94560119e-02
    4.51773669e-01 -1.13577544e-01  2.98919392e-01 -8.18602630e-03
   -2.07521727e-01 -4.64503691e-03]]

 [[ 6.93906590e+00  1.03350162e+01  1.00208816e+01  2.98541165e+00
    6.14587070e+00  1.11507470e+01  4.45512919e+00  1.33215402e+01
    7.40795510e+00  1.57036668e+01]
  [ 1.35932825e-01  1.12906533e-01  1.08235571e-01  2.00592748e-01
    1.33582751e-01  4.82562263e-02  1.28852486e-01  6.07381471e-02
    5.49838343e-02  3.68865315e-02]
  [-4.87321986e-03 -4.65080040e-03 -2.94969298e-02  2.99092879e-01
   -1.52995347e-03  2.48237598e-01  7.17025584e-01 -3.12654866e-03
    1.88600027e+00  7.18928114e-01]]

 [[ 3.68277169e+00  7.92789246e+00  5.80987534e+00  1.30254868e+00
    2.08727464e+00  9.97185895e+00  5.06544597e+00  3.12474319e+00
    5.15706061e+00  5.37094387e+00]
  [ 4.68678865e-02  4.12249861e-02  2.57604459e-02  3.68744543e-02
    4.43675289e-02  7.74248667e-02  1.17958491e-01  3.69214909e-02
    6.69236016e-02  6.39467808e-02]
  [-1.39217902e-02 -1.42050649e-02 -3.21356414e-02  2.18740365e-01
   -9.31495780e-06 -3.48283085e-02 -7.48086364e-03  6.64265191e-01
   -3.22276650e-03  2.01768568e-01]]

 [[ 3.50754067e+01  2.10544002e+01  1.90108582e+01  2.71059355e+01
    8.61918470e+01  2.52312305e+01  5.05367651e+01  6.46600596e+01
    2.81854762e+01  4.81899180e+01]
  [ 3.67006146e-01  2.98306591e-01  4.14233994e-01  3.42262666e-01
    7.77133355e-01  4.92418506e-01  2.69919315e-01  1.77438308e-01
    3.38849155e-01  4.95116968e-01]
  [-1.27486714e-02 -1.88279141e-03 -9.46045445e-02 -7.08001114e-03
   -1.66943805e-02  5.36383814e-01 -2.64194319e-02 -7.31134030e-02
    1.11224870e+00  2.58139926e-01]]

 [[ 2.31597855e+01  1.15351139e+01  2.60983517e+01  2.22908583e+01
    2.50517894e+01  9.99675335e+00  1.25037166e+01  1.82588211e+01
    1.75193084e+01  1.68431580e+01]
  [ 8.94929845e-02  3.77766529e-01  1.38892591e-01  1.03387644e-01
    3.15998143e-01  9.96406247e-02  3.90105345e-01  1.18217298e-01
    2.63709050e-01  1.93006399e-01]
  [-3.28286535e-02  1.30546045e+00  3.59350854e-01  7.17634933e-01
    5.67938976e-02  6.10959759e-01  1.56377658e+00 -9.89105477e-02
    5.38764670e-01 -5.24708836e-02]]

 [[ 2.00277986e+01  1.09994472e+01  1.02014090e+01  4.28760239e+00
    1.10622890e+01  2.21123218e+01  1.45532436e+01  1.67549338e+01
    9.71505176e+00  1.94869064e+01]
  [ 2.98299572e-01  1.95076875e-01  2.20906044e-01  2.08839611e-01
    7.51390505e-02  1.87826444e-01  3.43962967e-01  1.61588327e-01
    2.02510513e-01  1.32731488e-01]
  [-9.86716818e-04 -1.16103714e-02 -1.27476059e-03 -2.04360820e-02
   -1.25472630e-02 -3.73857989e-03 -3.06963660e-02 -2.64126842e-02
    2.19201837e-01 -6.86326440e-03]]

 [[ 1.88161736e+02  2.03221633e+02  1.19028872e+02  1.91650837e+02
    1.84536721e+02  6.28184120e+01  1.21053707e+02  1.50437163e+02
    2.68108504e+02  1.44127137e+02]
  [ 1.40144876e+00  2.65723078e+00  2.29389659e+00  3.70975172e+00
    2.41307809e+00  1.46143847e+00  2.03059498e+00  1.33722763e+00
    2.35161869e+00  4.45456366e+00]
  [-3.28831515e-02 -1.43187191e-02 -1.93480247e-03 -5.11915366e-02
   -7.31385645e-02 -3.86024981e-02 -2.25430018e-01 -6.50978462e-02
   -1.41559174e-01 -5.50251792e-02]]

 [[ 7.56214553e+01  1.06706448e+02  1.07156956e+02  7.52641751e+01
    1.24209094e+02  1.07053315e+02  3.61532351e+01  1.32222746e+02
    2.12822972e+02  4.49755619e+01]
  [ 2.03405931e+00  2.19351184e+00  2.14880193e+00  6.00237684e-01
    7.46178612e-01  1.04804353e+00  6.91273072e-01  1.22400847e+00
    1.30000030e+00  1.15622517e+00]
  [-4.87297192e-02  1.91349820e-01 -2.91427419e-02 -9.97017730e-03
   -1.41746713e-01 -1.38263435e-01 -5.67085978e-02 -1.96002567e-01
   -1.55113507e-02 -9.70545418e-03]]

 [[ 9.53194413e+01  9.41048410e+01  2.24068628e+01  7.98669183e+01
    3.63755251e+01  8.29478626e+01  9.67482246e+01  7.98571089e+01
    4.70222326e+01  8.13713966e+01]
  [ 6.63573768e-01  5.87987888e-01  8.41785703e-01  6.20023185e-01
    7.62387573e-01  8.41520913e-01  9.46499545e-01  7.23193388e-01
    5.12211685e-01  8.20413413e-01]
  [-9.74366808e-02 -9.33974108e-02 -2.78061009e-02 -1.12278464e-01
   -1.11023058e-01 -1.11636174e-02 -1.07255582e-01  3.88975457e-03
   -2.88363366e-03 -6.22701918e-03]]

 [[ 8.29633558e+02  6.15108649e+02  6.83653032e+02  6.25690480e+02
    2.11367039e+03  1.20980026e+03  9.52653751e+02  8.25633212e+02
    1.05930945e+03  1.10471349e+03]
  [ 1.59001116e+01  1.31210638e+01  1.69284638e+01  1.34386986e+01
    1.59754587e+01  4.30897299e+00  1.09289061e+01  7.98601686e+00
    1.02217986e+01  1.26489260e+01]
  [-4.52230874e-03 -1.98441759e-02  3.99375105e-01 -5.39392379e-02
    4.40126067e-01  2.54280721e-01  1.01068688e+00 -1.76557869e-01
   -1.09889068e-02  3.91703938e-02]]

 [[ 5.52056528e+02  5.16394588e+02  4.85102605e+02  5.39871244e+02
    5.56917188e+02  6.73071060e+02  8.37600378e+02  6.15739694e+02
    8.15302318e+02  1.18070916e+03]
  [ 5.24882060e+00  3.08294328e+00  4.60756980e+00  7.24039892e+00
    8.24498950e+00  1.41287654e+01  7.14415113e+00  4.01543707e+00
    7.36354374e+00  5.50600695e+00]
  [-2.44438061e-01 -2.99458220e-01 -4.87711297e-02 -1.79677905e-01
   -1.60291740e-01  2.60275315e-01  1.79409976e-01 -8.14700110e-02
   -7.01410174e-03 -9.49306658e-02]]

 [[ 3.80175688e+02  4.69089610e+02  2.62990896e+02  3.47896127e+02
    5.58469663e+02  3.03933248e+02  3.94952631e+02  3.86043117e+02
    6.31144610e+02  2.29479277e+02]
  [ 3.09833985e+00  3.47182716e+00  4.01927827e+00  3.52544217e+00
    5.50098856e+00  2.17082888e+00  2.78394325e+00  6.34201759e+00
    6.73962178e+00  2.36815651e+00]
  [-1.92854381e-01 -4.74303243e-02 -2.93859714e-02 -1.67277464e-01
   -1.84859001e-02 -1.44102777e-02 -1.51883694e-01 -4.98128447e-02
   -1.89893035e-01 -5.92301509e-02]]

 [[ 2.87786225e-03  7.81065871e-03  1.93178513e-03  1.49089255e-03
    3.54752842e-03  1.60373945e-02  4.72168560e-03  1.26579388e-03
    7.55993740e-03  3.94570731e-03]
  [ 5.53321666e-05  6.57279394e-05  1.19950567e-05  5.61894225e-05
    3.25095623e-05  3.44314425e-05  7.91455636e-05  6.65215114e-05
    6.14896305e-05  4.85546376e-05]
  [ 2.61915973e-01 -2.79553788e-04  7.94402953e+00 -2.10286992e-04
   -4.99627588e-06  2.39299852e+00  2.69020492e-01  8.57888684e+00
    2.88269043e+00  4.25259720e+00]]

 [[ 1.66668105e-03  4.38203531e-03  2.58469154e-03  4.09552654e-03
    5.71893648e-03  1.41270948e-03  1.87232054e-03  4.12658004e-03
    1.37602069e-03  4.22207664e-03]
  [ 3.00691231e-05  1.33431275e-05  6.40500868e-05  3.37542607e-05
    2.45486301e-05  1.76495306e-05  1.09814355e-05  2.99739760e-05
    3.55826566e-05  3.80649595e-05]
  [ 3.14584692e+00 -3.03124236e-05 -1.43569148e-03  1.88621268e+00
    2.23892260e+00  2.25559851e+00 -4.05914138e-04 -1.06788958e-04
    7.27989245e+00 -6.22524794e-04]]

 [[ 1.40252012e-03  1.45787336e-03  1.30592500e-03  2.18461537e-03
    1.09888701e-03  2.88244198e-03  1.56859479e-03  1.52382010e-03
    2.04185175e-03  1.83854514e-03]
  [ 1.05631318e-05  1.44827680e-05  8.51089386e-06  7.07094710e-06
    1.11484873e-05  7.48762016e-06  2.98751012e-05  1.20899403e-05
    9.58236156e-06  5.52125134e-06]
  [ 1.49577665e+00  5.57733560e+00  4.52416363e+00  1.57526505e+00
    3.22727609e+00 -1.28808551e-04 -2.52575895e-04  1.93758968e+00
   -4.03516468e-04 -1.96925584e-04]]

 [[ 1.61246843e+00  7.29004429e-01  3.28526731e+00  3.71054511e+00
    1.35401866e+00  1.22728324e+00  2.34303481e+00  2.38222559e+00
    2.80200682e+00  3.23387373e+00]
  [ 3.04570076e-02  3.55642934e-02  2.05231769e-02  3.08386714e-02
    2.16606434e-02  2.50688367e-02  3.38231861e-02  3.35927932e-02
    4.32463063e-02  3.03442463e-02]
  [ 4.56945209e-01  7.70116934e-01 -3.41921289e-03  1.45824955e+00
    2.59884045e+00 -3.31843074e-02  4.53689307e-01 -1.04354428e-03
   -1.85720710e-03  1.42626651e-01]]

 [[ 2.45720315e+00  1.61366600e+00  1.96671824e+00  7.96110259e-01
    7.63579619e-01  2.51876903e+00  2.05048573e+00  1.52840009e+00
    1.10900389e+00  1.18800018e+00]
  [ 2.63571877e-02  2.02871364e-02  1.95431070e-02  1.53355410e-02
    2.14935079e-02  8.82336637e-03  7.86656926e-03  1.69862118e-02
    1.74311322e-02  2.90224106e-02]
  [-1.14214624e-03 -8.49708387e-03  6.83399243e-01 -5.06804440e-03
   -1.13710042e-01  1.49581638e+00 -2.20983358e-03 -4.83322229e-02
    1.22352694e+00 -7.77325201e-04]]

 [[ 7.71746695e-01  5.73434548e-01  7.92254169e-01  8.68168331e-01
    1.11012977e+00  2.49932891e-01  1.14393659e+00  1.22181876e+00
    1.72993177e+00  1.52242595e+00]
  [ 5.99868425e-03  2.72725962e-03  1.48214798e-02  1.76033533e-02
    1.17580847e-02  1.20490953e-02  6.11687936e-03  9.37068321e-03
    3.54587923e-03  8.72311603e-03]
  [-2.04049802e-03 -2.03235289e-03  3.41515308e-01 -1.33281722e-02
    1.22029302e+00 -1.34760856e-03  1.20734977e+00  2.62888888e-01
    1.01542611e+00  2.74092728e-01]]

 [[ 5.71219076e+00  1.01858880e+01  1.34940869e+01  4.19940695e+00
    1.69271691e+01  8.35793628e+00  1.21994185e+01  1.73569004e+01
    1.24014508e+01  1.84112932e+01]
  [ 6.65304897e-02  4.87251632e-02  1.39345776e-01  2.02671414e-01
    1.54788150e-01  9.69901115e-02  1.08800866e-01  9.47270293e-02
    1.47765653e-01  9.09692911e-02]
  [-5.32359243e-02 -9.69888497e-02 -1.27105692e-01 -5.44639364e-02
   -3.24680269e-02 -2.06371550e-03 -6.29022560e-03  2.36503369e-02
   -4.93958031e-02  1.63287227e+00]]

 [[ 8.00401132e+00  1.26004999e+01  5.60534566e+00  5.66078881e+00
    6.49516865e+00  7.22667184e+00  1.86249589e+00  9.27302133e+00
    5.78254008e+00  7.25003865e+00]
  [ 5.00356355e-02  1.34656078e-01  1.11982574e-01  8.14838128e-02
    1.32600619e-01  6.74654233e-02  4.67238687e-02  5.82323455e-02
    6.91682945e-02  8.06493525e-02]
  [-3.46251848e-03 -4.05326272e-03  1.09127112e+00 -7.63017283e-02
    1.29748057e+00 -4.52979149e-02 -1.02242945e-02 -5.28820593e-03
    5.19733228e-01 -4.74472515e-02]]

 [[ 2.04683816e+00  3.81397187e+00  4.64273582e+00  3.17634762e+00
    5.38665440e+00  9.63481149e+00  5.09284664e+00  6.65288955e+00
    5.61652053e+00  4.90729522e+00]
  [ 2.47352699e-02  2.65545124e-02  7.64125648e-02  6.30174298e-02
    4.17516650e-02  3.83385831e-02  3.22085810e-02  7.85679332e-02
    5.15007347e-02  4.97401545e-02]
  [-6.25846422e-02 -2.70785482e-02 -1.85870460e-03 -2.64793887e-02
    5.34305413e-01  4.92764435e-01  1.53450030e+00  6.27153584e-01
   -1.24495800e-02  7.70739486e-01]]

 [[ 2.68769598e+01  8.42987403e+01  2.47947538e+01  1.43421493e+01
    3.79069978e+01  5.42720552e+01  1.66840066e+01  3.18683498e+01
    1.98253405e+01  5.92099313e+01]
  [ 7.60992728e-02  4.61925807e-01  5.78207306e-01  4.47223480e-01
    2.43111337e-01  4.51179867e-01  4.71378693e-01  4.69917678e-01
    1.48151940e-01  2.36263535e-01]
  [-1.74276661e-01  1.16007400e+00 -3.21164487e-02 -5.52639883e-02
   -2.36287632e-02 -4.77651548e-02  4.74312043e-02 -8.08894347e-02
   -4.97527809e-02 -4.18473021e-02]]

 [[ 1.66581374e+01  3.04164405e+01  3.15077925e+01  1.66212560e+01
    2.36672700e+01  3.23518783e+01  2.30450118e+01  4.34739923e+01
    2.43701448e+01  1.99616242e+01]
  [ 5.21815787e-01  1.85845430e-01  1.58213607e-01  2.17572154e-01
    1.97199217e-01  9.70038964e-02  3.53914332e-01  2.34997917e-01
    1.58955342e-01  1.59202696e-01]
  [-4.63911959e-03 -2.14099404e-02 -4.34204763e-02  4.07576750e-01
   -4.69926044e-02 -9.54392356e-03  1.03048224e+00 -3.99814620e-02
   -2.75760358e-02 -1.37602256e-02]]

 [[ 1.79625570e+01  8.92981280e+00  9.51904462e+00  1.34028554e+01
    8.63001996e+00  2.32293723e+01  2.48218348e+01  1.43942235e+01
    8.91133212e+00  2.56145552e+01]
  [ 1.67301252e-01  1.08168362e-01  1.47829708e-01  7.29806834e-02
    2.16816155e-01  1.27851599e-01  7.92051011e-02  8.75003193e-02
    1.88754777e-01  1.78931076e-01]
  [-4.98048870e-02  1.05551951e+00 -4.78557340e-02  2.30864199e-01
    1.24175053e+00 -1.24554231e-02 -1.78041573e-02 -3.22378676e-02
   -1.03086277e-01 -5.57590111e-03]]

 [[ 2.61291584e+02  2.23293356e+02  9.36052364e+01  2.73168558e+02
    8.34002072e+01  1.18588684e+02  2.38121580e+02  2.18685310e+02
    1.16704296e+02  1.89372018e+02]
  [ 2.14755527e+00  1.31608999e+00  1.43582412e+00  3.07483151e+00
    2.10057080e+00  2.89887183e+00  1.28999132e+00  1.21775942e+00
    6.42054280e-01  1.92258201e+00]
  [-3.56569669e-02 -9.91841916e-02 -1.77486819e-02 -4.30337607e-02
   -1.68489808e-01 -1.12886910e-01 -5.54896520e-01 -3.43827851e-02
   -2.30566961e-02 -2.70288003e-01]]

 [[ 9.07907102e+01  5.68790631e+01  1.35364004e+02  1.14479771e+02
    7.17691749e+01  7.07359742e+01  3.88982546e+01  8.54695526e+01
    1.33806294e+02  1.42650057e+02]
  [ 1.31966242e+00  5.89235223e-01  5.45692177e-01  1.36440644e+00
    1.87987974e+00  3.44046104e-01  1.33327105e+00  1.85881116e+00
    7.36739614e-01  1.41595069e+00]
  [ 3.60299177e-01 -2.68343892e-02 -5.23381774e-02 -9.65870953e-02
   -3.99287248e-02 -8.88445093e-02 -7.71424895e-03 -2.95120830e-01
   -3.35341721e-03 -3.77989550e-02]]

 [[ 9.68856322e+01  9.56050915e+01  6.74706160e+01  5.91235458e+01
    6.88793632e+01  7.96787265e+01  3.92475802e+01  4.14687181e+01
    6.48975718e+01  7.47611867e+01]
  [ 5.77862637e-01  5.97442093e-01  5.09049753e-01  6.58218561e-01
    2.46562279e-01  6.28232154e-01  7.42771199e-01  6.03347147e-01
    7.42249384e-01  6.10148735e-01]
  [-3.17166541e-03 -9.07884463e-02 -1.08061549e-01 -9.70418102e-03
   -1.01332031e-02 -5.53637951e-03 -6.04038952e-02 -1.65487028e-02
   -6.85283751e-02 -4.67316885e-02]]

 [[ 6.51375013e+02  2.07881701e+03  1.82779044e+03  1.51782448e+03
    1.20750576e+03  7.97155271e+02  8.76530396e+02  1.00074841e+03
    1.46832581e+03  5.68749232e+02]
  [ 1.95610760e+01  7.36930423e+00  2.17027717e+01  7.80572993e+00
    9.09249392e+00  2.08564308e+01  1.05566692e+01  1.61740789e+01
    1.15686365e+01  6.97440035e+00]
  [-9.08821507e-02 -5.38760886e-04 -7.88502331e-02 -1.07441098e-01
   -2.07521048e-01 -6.56204151e-03  3.23792739e-01 -7.89839165e-04
    1.65694100e-01  2.94768040e-01]]

 [[ 4.26659667e+02  3.12472581e+02  4.85260485e+02  3.08040384e+02
    2.38947954e+02  7.21334522e+02  4.85459164e+02  7.49373241e+02
    5.00816588e+02  4.06375396e+02]
  [ 3.96712513e+00  6.73980188e+00  7.09657250e+00  4.22042307e+00
    7.40971124e+00  9.37116724e+00  6.49227778e+00  7.75177179e+00
    9.39203111e+00  9.56652267e+00]
  [-1.92137650e-02 -5.35198507e-02 -2.40556635e-01 -1.76462814e-02
   -1.34448899e-01 -6.45833874e-02 -4.15891958e-03 -9.46196620e-02
   -2.41033540e-01 -4.67802066e-03]]

 [[ 7.11652677e+02  6.46899014e+02  3.57934363e+02  6.51702749e+02
    9.93774898e+02  4.52707164e+02  5.40227110e+02  6.43982004e+02
    4.08115696e+02  4.04775144e+02]
  [ 4.71845440e+00  4.54504397e+00  3.39017019e+00  2.15014734e+00
    5.13391721e+00  3.72699509e+00  1.63898315e+00  2.74272338e+00
    4.80908571e+00  3.04661797e+00]
  [-1.27060885e-01 -1.00531632e-01 -1.44330893e-02 -2.48091265e-01
   -5.89805725e-02 -2.54497705e-01 -2.06298481e-02 -4.53385045e-02
   -6.06444673e-03 -2.13722829e-01]]

 [[ 9.07360207e-03  7.39204113e-03  3.06293063e-03  5.99406271e-03
    7.96892697e-03  9.26210557e-03  9.43300568e-03  1.20267690e-02
    7.29050888e-03  5.06467528e-03]
  [ 4.59215257e-04  8.44304813e-05  5.41450798e-05  9.29548873e-05
    1.18732877e-04  1.00184225e-04  1.22244156e-04  1.25086956e-04
    1.17810420e-04  8.18991670e-05]
  [ 2.01089563e+00  3.37016951e+00 -1.36602371e-03  4.29001121e+00
   -3.37250842e-04  8.21817665e-01  1.11981526e-02  2.90492078e+00
    3.77333783e+00  5.15396591e+00]]

 [[ 5.75017144e-03  7.48332070e-03  2.95377806e-03  4.36067237e-03
    9.69844357e-03  4.28588742e-03  6.75144727e-03  7.85658473e-03
    6.72589091e-03  1.09639311e-02]
  [ 4.46656792e-05  7.91060114e-05  3.99286522e-05  4.09935837e-05
    6.50870482e-05  1.31874213e-04  9.37696386e-05  5.21821757e-05
    8.75488974e-05  1.20197005e-04]
  [ 6.54761822e+00  6.20282594e+00 -4.56900285e-05  2.37153372e+00
   -6.88617256e-05  5.40869736e+00 -4.17584777e-04  3.24094439e-01
   -2.66403615e-04  2.68243877e+00]]

 [[ 4.72287962e-03  1.76993682e-03  2.06295107e-03  1.73364043e-03
    3.18060009e-03  4.29185394e-03  3.70911572e-03  3.33886712e-03
    3.92054402e-03  3.19638923e-03]
  [ 3.45990911e-05  6.83486465e-05  1.83570576e-05  4.88304765e-05
    3.98523783e-05  4.13586739e-05  4.54057809e-05  5.52684525e-05
    3.63071531e-05  4.83581633e-05]
  [-1.16878160e-04  2.85516881e+00  5.95773164e+00  8.20520306e-01
    1.72911863e+01  3.58025695e+00  5.65568387e+00  5.36238569e+00
    1.92933217e+00 -5.57139297e-06]]

 [[ 4.30634230e+00  9.82770866e+00  4.11150359e+00  1.75067068e+00
    7.92218312e+00  4.64546041e+00  4.96572962e+00  3.46168326e+00
    4.15436455e+00  6.75332326e+00]
  [ 7.37117473e-02  8.06550340e-02  6.36493503e-02  5.68253899e-02
    4.74064021e-02  1.24406546e-01  1.34377182e-01  5.45065110e-02
    5.44995468e-02  5.34134842e-02]
  [ 8.91149325e-01 -1.57278669e-03 -4.74373091e-02  1.93354094e-01
    1.42806259e+00 -3.92865179e-02  3.93022864e+00 -8.15445707e-03
    9.73007441e-01  2.54693030e+00]]

 [[ 5.42063072e+00  1.89738563e+00  5.20268438e+00  4.55970392e+00
    1.94489250e+00  4.88882464e+00  2.13905902e+00  1.77306655e+00
    3.58394629e+00  3.79016157e+00]
  [ 3.02557806e-02  4.82151201e-02  3.61370943e-02  4.54778902e-02
    4.58142427e-02  6.58762895e-02  4.45006020e-02  3.47019934e-02
    3.98012242e-02  6.32760486e-02]
  [ 3.48095234e-01  3.25656369e-01 -2.94987643e-02  2.57230214e+00
   -4.79607512e-03 -6.51463410e-02  5.92305942e-01  4.02026501e-01
    4.14698503e-01 -1.09225307e-03]]

 [[ 1.68432522e+00  2.63399626e+00  2.38816382e+00  2.22349780e+00
    2.87840385e+00  2.39127954e+00  2.02740102e+00  2.11720832e+00
    4.38897557e+00  7.65252407e-01]
  [ 2.48948590e-02  4.61138480e-02  3.18694428e-02  2.65930275e-02
    9.58623329e-03  2.84876787e-02  4.18602872e-02  2.16409964e-02
    1.06964981e-02  4.03590787e-02]
  [ 2.51760422e+00 -1.44104190e-02  4.83584956e-01 -2.83563130e-02
   -2.52722905e-02  7.00428163e-01 -3.89530320e-02  1.67203398e+00
    2.58724607e+00 -2.87956883e-02]]

 [[ 2.54920102e+01  6.31064626e+01  2.17632895e+01  2.11830329e+01
    1.82336212e+01  2.29919263e+01  2.36746797e+01  1.08773954e+01
    7.65882681e+00  1.63342055e+01]
  [ 2.05912665e-01  4.87579777e-01  2.49161927e-01  5.42572280e-01
    6.62750243e-01  2.59491037e-01  5.20615432e-01  2.52524230e-01
    7.35540491e-01  1.82408456e-01]
  [-1.60010738e-02  6.42486948e-01 -2.49068813e-02 -1.11088380e-02
   -9.11410086e-03 -3.19559137e-02 -4.01559751e-02 -5.34879985e-03
   -6.63031652e-02 -2.16139569e-03]]

 [[ 2.00837079e+01  1.33450239e+01  1.69629550e+01  1.27742161e+01
    7.38651958e+00  1.30434035e+01  1.62318986e+01  9.05563743e+00
    2.04612597e+01  2.27563856e+01]
  [ 1.85651334e-01  2.67034272e-01  1.79878059e-01  1.68837357e-01
    2.31509053e-01  1.43868481e-01  5.62198819e-02  1.41131285e-01
    1.47177179e-01  2.47675771e-01]
  [-8.57514231e-04  1.64082832e+00 -4.72118488e-02  6.38748442e-01
   -1.30943856e-01  5.36635275e-01 -2.76748337e-02  1.60789527e+00
   -1.68788179e-01  8.74178850e-01]]

 [[ 6.01922579e+00  8.32085119e+00  1.49571031e+01  1.01568712e+01
    1.13849415e+01  1.81025386e+01  9.98809016e+00  1.40562811e+01
    9.97140140e+00  1.06714130e+01]
  [ 1.50371668e-01  1.13541154e-01  1.24184760e-01  1.53877678e-01
    5.43927098e-02  1.22531044e-01  1.15714367e-01  1.80165161e-01
    1.31645671e-01  1.08286530e-01]
  [-6.62391883e-02 -1.85542150e-02  3.65837540e-01  9.51405691e-01
   -8.95713422e-02  1.55094400e+00  4.83092047e-01 -1.03995326e-02
    3.82042460e-01  1.40832402e+00]]

 [[ 2.98650930e+01  1.34532724e+01  6.65343818e+01  6.68027591e+01
    7.33107635e+01  1.14855647e+02  7.13168538e+01  5.95883184e+01
    6.02357888e+01  1.21361001e+02]
  [ 3.48372484e-01  8.24813801e-01  7.55665374e-01  7.23501526e-01
    2.76271581e-01  4.69228647e-01  5.71177659e-01  8.73980732e-01
    6.50591733e-01  8.37300833e-01]
  [-2.56841575e-02 -1.02071766e-01  1.02613165e-01 -1.57487746e-02
    9.92038505e-02 -8.59098337e-02  2.10325003e+00  2.83725561e-01
   -1.25295476e-01 -3.82950325e-02]]

 [[ 4.33570208e+01  2.71603262e+01  2.64557271e+01  4.42102227e+01
    1.43656695e+01  3.76477818e+01  1.84379497e+01  4.71647479e+01
    2.67337119e+01  2.48947935e+01]
  [ 9.34522747e-01  8.14017838e-01  3.92256401e-01  5.36381631e-01
    5.26592970e-01  3.72666461e-01  5.20660398e-01  5.21037374e-01
    7.14774278e-01  2.38196927e-01]
  [-6.35294739e-02 -1.57744803e-02 -4.47011533e-02 -4.07717570e-03
   -8.55815515e-02 -1.16900985e-01 -2.18643392e-02 -9.96518380e-02
   -1.06294715e-03 -5.98034191e-03]]

 [[ 4.97277829e+01  2.04879547e+01  3.74883181e+01  5.09210068e+01
    5.06627306e+01  4.07973336e+01  4.28324771e+01  2.39190208e+01
    1.97636458e+01  2.60780127e+01]
  [ 5.61293202e-01  2.56742600e-01  7.24099081e-02  2.34596992e-01
    3.11491811e-01  5.58012893e-01  3.33492283e-01  4.09097513e-01
    1.91497373e-01  2.21806337e-01]
  [-5.73718588e-02 -7.54053681e-03  2.97949248e-01 -5.12067837e-03
   -1.81479413e-02  1.02257795e+00 -2.11763091e-02 -1.00218698e-01
    1.56063361e+00 -7.44775936e-03]]

 [[ 2.35589118e+02  2.94347843e+02  3.22130883e+02  5.56302959e+02
    2.78876258e+02  3.55515873e+02  2.58093199e+02  2.98492317e+02
    1.68046574e+02  3.44119665e+02]
  [ 1.33922873e+00  3.65093502e+00  5.84590638e-01  5.44784425e+00
    3.49496860e+00  2.78891614e+00  7.00097191e+00  7.18458975e-01
    1.51958271e+00  1.99980916e+00]
  [-2.69087550e-01 -1.42662985e-01  5.98995465e-02 -1.43977687e-01
    4.17834176e-01  4.61433112e-02 -9.83219550e-03 -1.15681782e-01
   -1.29121129e-01 -1.79924243e-01]]

 [[ 1.56893998e+02  1.21596121e+02  1.43862431e+02  2.57064258e+02
    4.38661392e+02  3.85924275e+02  1.31514286e+02  6.48609478e+02
    1.68136298e+02  2.35714509e+02]
  [ 1.94321579e+00  3.84363660e+00  1.32834083e+00  3.39691296e+00
    9.62170408e-01  2.32623660e+00  4.19662908e+00  4.68191274e+00
    3.73408316e+00  3.52611523e+00]
  [-7.57777084e-02 -8.79150780e-03 -1.03479338e-01 -9.92198150e-03
   -3.63598780e-03 -2.03559915e-01  1.82560139e-01 -3.12760868e-02
   -1.39806704e-01 -6.36374135e-02]]

 [[ 8.05154413e+01  2.57713447e+02  2.73077440e+02  8.89444005e+01
    1.34615597e+02  2.35880002e+02  1.53009995e+02  1.06191200e+02
    1.80405448e+02  3.43299109e+02]
  [ 2.11883918e+00  1.61739429e+00  8.45922441e-01  3.00615623e+00
    2.77244927e+00  5.01862546e+00  8.79256038e-01  1.46799526e+00
    2.90900406e+00  1.83773602e+00]
  [-1.48719173e-02 -1.73694962e-02 -5.65575444e-02 -8.99537316e-02
   -1.96754381e-01 -4.88637061e-02 -1.10533436e-01 -8.94422483e-02
   -8.18978086e-03 -2.26552085e-02]]

 [[ 2.52552259e+03  1.40811267e+03  9.19189401e+02  3.19523238e+03
    1.25051775e+03  3.16978470e+03  1.78433154e+03  2.04026434e+03
    3.38249124e+02  1.73794960e+03]
  [ 3.40494634e+01  2.35372436e+01  3.14961901e+01  1.96243969e+01
    4.23783885e+01  1.79427224e+01  1.37276896e+01  2.71427778e+01
    1.34949985e+01  2.86339876e+01]
  [-5.67730557e-02  1.25110578e-01  5.52774902e-01  3.43963407e-01
    6.06385690e+00  2.60311131e-01  1.27221223e+00  2.69400876e-01
    8.65086946e-01  7.63818224e-01]]

 [[ 1.89851684e+03  1.26698772e+03  6.77460597e+02  1.74884544e+03
    1.58435854e+03  2.82410180e+03  1.66399706e+03  1.09587649e+03
    1.31317120e+03  5.78591712e+02]
  [ 1.10083600e+01  8.18560048e+00  7.57651837e+00  1.01903716e+01
    1.34047182e+01  6.67651318e+00  2.13751970e+01  1.43056271e+01
    1.19534795e+01  7.38972167e+00]
  [ 1.12253501e-01  2.18146044e-01 -1.74215535e-03  1.32235405e-01
   -2.04287593e-01  4.78180476e-01  4.18167760e-01  1.47338814e-01
    1.95859449e-01  3.61554939e-01]]

 [[ 1.26459864e+03  8.62380957e+02  7.76151395e+02  1.54526670e+03
    2.06155149e+03  4.97614641e+02  1.20559455e+03  1.06116926e+03
    1.37119584e+03  1.79770587e+03]
  [ 8.57934537e+00  1.58541875e+01  1.31577385e+01  1.09752620e+01
    1.13466528e+01  9.23740898e+00  1.35272294e+01  8.62055801e+00
    9.88708108e+00  1.17336957e+01]
  [-2.48665506e-02 -3.35794033e-02 -1.01852959e-01  8.60145648e-02
   -8.54668975e-03 -3.90833925e-02  4.86905347e-02  3.63849355e-01
   -2.37827715e-02 -7.92092605e-02]]

 [[ 7.79584763e-03  2.98719380e-03  9.31826710e-03  7.71630111e-04
    6.41289688e-03  5.10486966e-03  1.52324171e-02  1.20316296e-02
    9.84684804e-03  5.71118752e-03]
  [ 8.01383172e-05  6.19433557e-05  7.67273601e-05  9.94607948e-05
    4.94510279e-05  6.87096778e-05  1.34981126e-04  8.61069369e-05
    1.34434333e-04  5.98340924e-05]
  [ 4.99851991e+00  1.99513326e+00  2.56641626e-01  4.90116151e+00
    1.75300838e+00 -2.10009053e-04  1.23385762e+00 -5.26624635e-04
    3.91640915e+00  4.37313103e+00]]

 [[ 3.03469254e-03  6.89026831e-03  3.94757082e-03  7.14388709e-03
    1.02477191e-02  5.99592733e-03  7.25312294e-03  4.09510418e-03
    9.18447457e-03  7.03451474e-03]
  [ 6.88247893e-05  9.29151574e-05  6.11662823e-05  3.17182455e-05
    3.61470930e-05  4.72193462e-05  3.74843821e-05  3.36118104e-05
    5.62273139e-05  4.51524876e-05]
  [ 2.17835565e+00  7.18687421e-02  2.18247582e+00  4.63353299e+00
    1.11041247e-02 -5.00797160e-04 -1.24376671e-03  2.40754226e+00
    2.73669589e+00  2.44745847e+00]]]