[[[ 1.48870408e+05  3.44066246e+04  6.82287393e+04  1.56634742e+05
    3.80300826e+04  1.76443559e+03  1.61716205e+05  2.24701624e+04
    5.48257316e+03  1.95397764e+05]
  [ 2.87044435e+03  9.83748726e+02  7.23138308e+02  2.28778925e+03
    1.95172857e+03  5.65060083e+02  2.81229166e+02  1.31048630e+03
    5.08638671e+01  6.93443690e+02]
  [ 6.19096582e+00  6.56832238e+00 -2.13018048e-04  3.30084041e+00
    1.20101865e+01  3.59793557e+00  5.71774924e+00  3.19278923e+00
    5.94018091e+00  2.79772624e+00]]

 [[ 1.26773162e+05  7.16429567e+04  1.84559677e+04  1.41632568e+05
    1.39974417e+05  1.09564970e+05  8.93957082e+04  7.52637840e+04
    7.95854952e+04  1.78196062e+05]
  [ 2.84233951e+03  1.25355889e+03  1.11936865e+03  1.25937127e+03
    2.45264912e+02  1.73070586e+03  1.95192956e+03  3.95613338e+02
    2.15540637e+03  1.22902208e+03]
  [ 9.79829749e-01  3.71972343e+00  4.28566779e+00  2.24223518e+00
    1.13973798e+00  3.13327845e+00  1.56809920e+03  2.87807221e+00
    2.55376496e-01  1.56520527e-01]]

 [[ 1.12510616e+05  9.47500401e+04  8.19294288e+04  6.38201114e+04
    1.49880524e+04  8.17973233e+04  8.03735160e+04  5.14949194e+04
    1.47751662e+05  9.81117195e+04]
  [ 3.57542616e+02  4.93680633e+02  5.36915292e+01  1.02278297e+03
    4.82348209e+03  1.14464071e+03  1.83875040e+03  1.28124930e+02
    1.47310981e+03  4.89860167e+02]
  [ 3.49386939e+00  2.19714710e+00  4.08640996e+00 -3.55527396e-04
    3.56529482e+00  1.83124706e+04  1.23817885e-01  1.30929916e+00
    1.72934078e-01  3.01221325e-01]]

 [[ 4.42024057e-02  2.74087156e-01  7.02803723e-02  2.82994949e-02
    9.14729501e-02  1.40290765e-01  1.82790721e-02  1.63035601e-02
    2.43581779e-01  6.25457713e-02]
  [ 4.77596462e-04  4.64964153e-04  4.36646703e-04  4.40490359e-04
    8.68401989e-04  8.12976675e-04  2.56810296e-03  5.78501889e-03
    4.23774359e-04  4.29034495e-03]
  [-1.74048912e-03 -6.35551241e-03 -3.63855596e-04  1.11843317e-02
   -4.11064110e-03 -1.17167697e-02 -1.13723857e-02  1.74837587e+00
   -2.05083351e-02  3.86211551e+00]]

 [[ 6.71094524e-02  1.55341901e-01  1.84657808e-02  1.14487034e-01
    9.78877512e-02  3.34930844e-02  1.10912347e-01  1.54187737e-01
    3.42537899e-02  4.63709508e-02]
  [ 5.16482988e-05  4.76387283e-04  3.76295939e-04  3.32103526e-04
    3.50001827e-04  1.58559053e-03  3.08671304e-04  1.55525304e-03
    8.83371260e-04  1.52478085e-04]
  [-3.16634384e-02  4.28968247e+00 -1.64621262e-03 -7.93055584e-03
   -4.74201849e-03 -5.52588770e-03 -1.76905035e-03  5.75466136e-01
   -5.42192551e-04 -2.52682848e-02]]

 [[ 7.87356772e-02  6.64258969e-02  2.92397277e-02  6.07316083e-02
    3.80638807e-02  4.25568753e-03  4.16271669e-02  4.46611082e-02
    1.93045236e-02  3.87929707e-03]
  [ 7.47498923e-05  1.67794264e-04  2.17493022e-04  9.54608704e-04
    6.61397250e-04  5.72193595e-04  3.70489796e-04  3.06864222e-04
    8.25887040e-04  9.77562657e-05]
  [-1.69268993e-02  2.87807149e+00  6.39145289e+00  3.20906608e-01
    4.58765739e+00  1.74057451e+00  1.99908294e+00 -6.06251813e-03
   -5.36057680e-03 -1.80116838e-02]]

 [[ 2.06624019e-01  2.33793807e-01  2.20024017e-01  6.65930290e-02
    1.34987450e+00  2.92304315e-01  1.01803979e+00  1.03651655e+00
    2.49217934e-01  1.63998956e-01]
  [ 7.83593336e-03  2.28351211e-02  1.59607236e-03  2.08211571e-03
    7.37855766e-03  4.74784764e-04  1.41275697e-03  1.14392468e-02
    6.42620237e-03  1.41923751e-02]
  [-7.41598121e-03  1.29546224e-01  2.64287580e+00 -1.36451890e-03
   -2.87976870e-02 -3.76678702e-02 -1.57548639e-02  1.33454085e+00
   -1.80886464e-02  1.38926013e+00]]

 [[ 1.36405381e-01  3.96493064e-01  3.27304786e-02  8.88879948e-02
    5.18942004e-01  9.06175679e-01  2.34918647e-01  5.19688804e-02
    4.07230391e-01  9.38132601e-02]
  [ 2.04022022e-03  5.96453048e-03  2.10083702e-03  1.30469000e-03
    2.93516572e-03  1.79278908e-03  6.98457186e-04  1.63751898e-03
    8.41648736e-03  9.16878484e-04]
  [ 2.58470100e+00 -6.54847846e-02 -1.85093170e-04  2.24513901e+00
   -1.16039202e-02 -5.93378844e-03 -1.35425845e-02 -1.04424258e-02
   -7.84408815e-03  4.42504022e-01]]

 [[ 2.08458242e-01  6.35130088e-02  8.12039057e-02  4.47606370e-02
    7.23986672e-02  8.76655208e-02  1.96444459e-01  1.60297701e-01
    9.30237449e-02  2.41402250e-01]
  [ 3.85984350e-04  5.03450805e-04  1.01547969e-03  2.35504876e-03
    1.15836774e-03  6.27955422e-04  8.11197453e-04  1.20087255e-04
    1.20290257e-03  1.08495079e-03]
  [-1.10638140e-02 -2.64100861e-03 -5.59277737e-02 -1.44393144e-03
   -9.03503196e-03 -2.55242307e-02 -1.06963983e-02  1.83181576e+00
    7.55164788e-01 -4.54138259e-03]]

 [[ 7.07873579e-01  2.17901591e+00  1.40974159e+00  1.47787175e+00
    6.56981415e+00  3.26537973e+00  3.46403652e+00  3.96233095e+00
    3.07311009e+00  2.09849722e+00]
  [ 4.75324829e-03  4.78607950e-02  8.86824064e-03  3.75262590e-03
    1.42746112e-01  8.96315544e-02  3.59342000e-02  4.67697467e-02
    4.54360882e-03  4.49249077e-03]
  [-9.58401558e-02 -4.77240326e-04  2.36579881e+00 -3.92883754e-02
   -8.93510894e-03  4.64286618e-01 -5.21284613e-02 -1.41745143e-03
   -3.74555760e-03  2.68051644e+00]]

 [[ 5.47070332e-01  8.29710252e-01  2.77435281e-01  1.29944965e-01
    1.14560347e+00  3.97041123e-01  2.32284463e-01  6.42121197e-01
    2.62728796e+00  3.88517908e+00]
  [ 5.17631474e-03  4.73088014e-03  7.30048361e-03  4.54700400e-03
    1.09156802e-02  1.90917479e-03  5.75742369e-03  4.37545853e-02
    1.72740066e-02  1.87261289e-03]
  [-6.45811898e-02 -2.08964472e-02 -6.06410762e-03 -4.28274180e-02
   -8.11880360e-03 -2.28174106e-03  1.52548955e+00 -6.25991988e-02
   -5.68791508e-03 -4.41244657e-02]]

 [[ 1.78472319e-01  1.32138717e-01  1.23554444e-01  1.12603854e-01
    1.13137703e+00  7.45288581e-01  2.09378475e-01  2.51754713e-01
    5.29122013e-01  1.82404046e-01]
  [ 7.41391604e-03  6.76319639e-04  1.86458100e-03  1.26463813e-03
    4.36166140e-03  9.10104507e-03  1.00912198e-03  6.06708441e-03
    1.45076424e-02  9.40406883e-04]
  [ 5.10511031e-01 -2.14758427e-02 -2.76570396e-04 -3.30032206e-02
   -4.91202734e-02 -1.35751534e-02  1.20943618e+00 -4.27584685e-04
   -3.42755335e-03 -1.34094033e-01]]

 [[ 7.01385783e+00  7.41563515e+00  1.20149301e+01  2.14001642e+00
    8.11678086e+00  3.11887172e+00  1.88761549e+01  4.31661653e+00
    5.95422435e+00  1.11027663e+01]
  [ 6.28026314e-02  5.17890575e-02  1.65151147e-01  5.35484393e-02
    2.71934480e-01  1.76793484e-01  5.15817381e-02  2.78884755e-02
    9.87598129e-02  1.39192479e-02]
  [-2.06862946e-01 -1.76338381e-02  8.41098463e-01  7.68098254e-01
   -5.95685610e-05  6.68653257e-01  6.69365938e-01 -7.49478269e-02
    1.61700718e-01 -6.31217654e-02]]

 [[ 1.89303037e+00  2.92211009e+00  4.85466865e+00  1.86791285e+01
    7.30268921e-01  7.53294225e+00  1.74485754e+00  2.19042674e+00
    3.29750276e+00  5.49792581e+00]
  [ 4.35934451e-01  1.58308549e-02  5.84940689e-02  6.33363784e-03
    3.22682141e-02  8.78291069e-03  3.65463385e-02  2.42456457e-02
    1.06488216e-01  7.68491661e-02]
  [-8.61845511e-02  1.47971929e+00  1.23715393e+00 -1.33504277e-02
   -3.10520447e-02 -1.99111246e-02  2.42029118e+00  1.29718033e+00
   -4.20141172e-03 -4.63069409e-04]]

 [[ 5.08460978e-01  2.09034650e-01  1.68515470e+00  3.86685480e+00
    7.08619121e-01  1.69250444e+00  1.32840509e+00  3.50695706e-01
    2.97182158e+00  3.41937790e-01]
  [ 1.01714857e-01  6.15786045e-03  1.07466399e-02  1.79122632e-02
    7.65065295e-03  1.17596148e-02  3.82918512e-02  1.10090570e-02
    1.26148916e-02  1.06654758e-02]
  [ 6.35952430e-01 -8.41828067e-02 -2.34173889e-02 -5.37188232e-02
   -1.34198815e-02 -2.49275396e-01 -8.10335169e-03  1.93626825e+00
    8.93380609e-02 -7.97571055e-03]]

 [[ 4.19382487e+01  3.13183917e+01  1.59722103e+01  1.26054315e+02
    3.30868310e+01  9.67990690e+01  1.09853439e+02  1.21419767e+02
    2.99221791e+01  5.99730337e+01]
  [ 5.54567737e-01  1.42862281e+00  3.30241107e-01  2.49679570e-01
    1.26808452e-01  3.98093203e-01  1.32604060e+00  6.78296565e-01
    7.68388632e-02  4.19491213e-01]
  [-3.18285536e-02 -2.37713212e-02  2.30221471e-01 -5.99774281e-02
   -6.77702921e-02 -1.88391452e-01 -2.21317189e-01 -6.71638105e-02
   -1.96067514e-02 -7.92191317e-02]]

 [[ 2.19481715e+01  1.16984219e+01  1.19258559e+01  2.42763346e+01
    1.73929543e+01  4.06864413e+01  3.78117471e+01  1.43518773e+01
    5.54247088e+00  3.23340505e+01]
  [ 2.01086197e+00  9.76966214e-01  3.33416384e-01  3.13284157e-01
    4.25264465e-01  8.25175349e-02  2.22225346e-01  2.24267052e-01
    3.06918940e-01  2.61385670e-01]
  [-5.93516562e-02 -6.84468119e-02 -4.06482044e-02 -2.84692387e-01
   -4.46793194e-02 -1.66358570e-01 -1.45789899e-02 -1.30317662e-02
   -1.21218319e-01 -1.41205540e-01]]

 [[ 1.26592664e+01  9.97619723e+00  7.27059618e+00  5.28211898e+00
    4.69384810e+00  9.71561073e+00  2.10153049e+00  1.31631680e+01
    1.03553523e+01  1.17530528e+01]
  [ 4.72968696e-02  1.47047128e-01  9.23187731e-02  8.15452652e-02
    6.04886336e-02  2.73827585e-01  7.23630213e-02  4.70863685e-02
    2.34010537e-01  6.67728799e-02]
  [-1.71567237e-02 -8.52123199e-02 -3.41615018e-02 -6.56844661e-02
   -1.52631369e-01 -8.64908701e-02 -3.23608063e-02 -3.38979761e-01
   -2.53344997e-02 -1.67847792e-01]]

 [[ 5.28535943e+04  1.22674472e+05  5.98672759e+04  4.15668740e+04
    1.00279683e+04  5.93292039e+04  3.47155275e+04  5.44262835e+04
    6.74051947e+03  7.90207899e+04]
  [ 8.38299211e+02  2.00296954e+02  2.03280783e+03  6.80890889e+02
    8.09421471e+02  1.93289016e+03  7.00389475e+02  8.99646840e+02
    7.87934126e+02  6.82041199e+02]
  [ 3.42513573e+00  3.35293374e+00  6.01751308e+00  1.59995069e+00
    8.24311592e-01  4.58614178e+00  7.55699469e+00  3.84714068e+00
    9.44487838e-01  2.39948753e+00]]

 [[ 1.82535333e+04  1.00723631e+05  1.05599689e+04  1.26414164e+05
    4.44118919e+04  7.39314584e+04  9.68912999e+04  2.51243924e+04
    1.80730611e+04  7.95715451e+04]
  [ 1.39729801e+03  1.08600127e+02  6.32638756e+02  5.56379392e+02
    3.93954318e+03  3.41137636e+02  1.33422731e+03  7.98700452e+02
    9.17861269e+02  7.23269833e+02]
  [ 3.49309197e+00  1.56349126e+01  4.40581940e-01  2.99074578e+00
    1.87937206e+00  4.52593562e+00 -3.07532193e-04  5.85105264e+00
    1.39812118e+00  4.54417266e+00]]

 [[ 5.60048236e+04  4.37656206e+04  1.02422897e+04  6.76477176e+04
    2.98733938e+04  3.09160024e+04  8.22010017e+04  7.52632771e+04
    1.85364389e+04  5.54047704e+04]
  [ 3.68195453e+02  4.83851106e+02  4.89477066e+02  4.89136764e+02
    2.33786325e+02  4.59883941e+01  6.69670689e+02  5.66001614e+02
    2.65043725e+02  1.31242944e+03]
  [ 2.15610016e+00 -1.84663406e-04  4.14967317e+00  3.34778418e+00
    4.58885829e+00  5.18998735e+00  1.82401534e+00  3.32811523e+00
    4.10459054e+00  1.29820635e+00]]

 [[ 6.77391551e-02  1.95952269e-01  7.77242279e-02  2.61414147e-01
    4.75432672e-02  1.67841013e-01  3.46359012e-02  1.29590891e-01
    1.23568087e-01  1.62897072e-01]
  [ 6.03798222e-04  1.40859741e-04  3.82763054e-05  4.19017864e-04
    6.17803264e-04  2.58995654e-04  1.37668176e-04  1.10114405e-03
    3.23389999e-04  3.04544928e-04]
  [ 1.39625316e+00 -3.33236288e-05  5.71862443e-01  4.90764945e+00
    6.27062797e-01  2.58659800e+00  1.99949212e+00  1.30996850e+00
   -6.49591215e-03  2.84152430e+00]]

 [[ 9.42737420e-03  2.49878777e-02  2.75304841e-02  1.77963344e-02
    1.24622503e-02  9.70231496e-02  5.07764818e-03  8.87621943e-02
    3.25730705e-02  8.72944695e-03]
  [ 4.78400640e-05  4.81772920e-04  4.16299074e-04  8.06389427e-05
    3.06674757e-04  2.33861842e-03  7.29452667e-04  4.95976827e-05
    2.93107616e-03  3.07127944e-04]
  [-4.53907879e-03  7.47205529e-03 -7.32517077e-04  9.46338518e-01
   -2.40410607e-03 -3.96932049e-03 -4.85333046e-03 -1.19523662e-02
    8.67651606e-03  8.19080236e-01]]

 [[ 6.89836251e-03  1.45116207e-02  1.89714613e-02  1.74710488e-02
    2.44713700e-02  8.96026669e-03  4.30154445e-03  1.63041559e-02
    4.40088820e-02  8.60016973e-03]
  [ 2.84446792e-05  5.07523349e-05  2.94118104e-05  5.33991216e-04
    4.52653966e-04  8.96915673e-05  5.05999846e-05  8.53754911e-05
    3.02619061e-05  1.64768445e-04]
  [-1.40598658e-03  5.08214932e-01 -5.47709373e-03  6.43340229e+00
   -2.87660746e-02 -8.68990021e-03  5.94904688e+00  9.43913165e-01
   -6.92844814e-04  5.75159779e-01]]

 [[ 4.33710163e-01  4.02779594e-01  4.30770252e-02  1.37917333e+00
    5.71106068e-01  7.85032761e-01  8.66427141e-01  3.69574376e-01
    1.53208120e+00  5.88358560e-01]
  [ 4.40684943e-03  1.48549102e-03  1.72697253e-03  8.22006158e-04
    7.40855094e-04  6.88104457e-03  6.88264071e-04  2.67469703e-03
    8.25091458e-04  3.23241561e-03]
  [-1.25919005e-03 -1.69045349e-03 -4.31502353e-03 -2.38013553e-03
    1.05583770e+00  4.48639570e-01 -1.41116447e-02  2.31146274e+00
   -1.79961361e-02 -1.11141728e-04]]

 [[ 2.29399222e-01  1.58184813e-01  1.63775898e-01  8.17350323e-02
    9.78256444e-01  5.83610969e-01  5.39189656e-01  8.84788760e-02
    1.11631273e-01  1.55484570e-01]
  [ 6.88985226e-04  2.68342048e-03  2.91263772e-04  3.37547658e-03
    3.20052307e-03  1.26487520e-04  1.10095937e-03  1.85098516e-03
    8.83135689e-04  7.30362975e-04]
  [-1.31571948e-02  8.85914051e-01 -4.81398044e-03 -1.01161206e-03
   -2.90347293e-02  4.47464329e-01 -9.13427841e-04 -4.41630228e-02
    4.48405380e+00 -8.32578206e-03]]

 [[ 4.12244760e-02  8.34877844e-02  1.57814727e-01  1.50336766e-01
    9.15023814e-02  1.06515081e-01  6.69870670e-02  5.75531751e-02
    9.30108419e-02  5.00061959e-02]
  [ 2.72007942e-04  1.13255575e-04  2.36749989e-04  7.52673351e-04
    7.01095706e-04  1.25171690e-04  3.88076012e-03  2.99036509e-04
    3.74621056e-04  1.46713866e-03]
  [-2.21891776e-03 -4.67315776e-03  3.21938787e-01  8.25862841e-01
   -1.08946661e-03  9.50521944e-01 -9.63694442e-02 -2.54532710e-03
    6.33914348e-01 -1.41037147e-03]]

 [[ 6.31267286e-01  3.11678059e+00  7.03047251e-01  7.82474074e+00
    7.03442364e-01  8.05850131e-01  2.31397841e+00  9.37425731e-01
    1.01623190e+00  1.03230299e+01]
  [ 1.43769304e-02  8.86001197e-03  2.53516638e-02  3.55039426e-03
    8.80692068e-03  3.31545159e-03  1.09695118e-02  8.17329662e-03
    1.13345242e-02  8.76764283e-03]
  [-2.51073049e-02 -1.52629918e-03 -4.56716714e-02 -5.01958684e-03
   -1.64978982e-02 -9.86509331e-03  6.54498510e-01  1.44764154e+00
    7.70640216e-01 -2.04531482e-01]]

 [[ 1.91532521e+00  8.40760034e-01  2.28745017e-01  3.13670896e-01
    5.60193525e-01  1.79468469e-01  7.42078463e-01  1.29135172e+00
    4.24355537e-01  1.31292277e+00]
  [ 1.00646400e-03  3.00303454e-03  2.35910590e-03  5.65021983e-03
    4.91435230e-03  2.34150943e-03  1.19692226e-02  2.54333221e-03
    1.19829321e-03  1.01315046e-02]
  [-4.15765899e-03 -1.34698722e-03 -3.90473704e-02 -3.82194930e-02
    1.83515222e+00 -9.35363054e-02 -1.63390785e-02 -5.16208947e-04
    5.73978325e-01 -2.36442045e-02]]

 [[ 3.18925508e-02  9.99551862e-01  1.94197148e-01  1.07820037e+00
    1.68555849e-01  1.02404475e-01  7.39427990e-01  5.93268623e-01
    1.26209489e+00  3.73764630e-01]
  [ 8.61465637e-04  1.76702419e-03  2.26919538e-03  3.38055672e-04
    3.14819511e-03  1.51319969e-03  1.03079131e-03  1.35402836e-03
    5.11133658e-04  3.44472289e-04]
  [ 1.14268101e+00 -1.71589306e-02 -2.19249209e-02 -3.71987199e-04
   -1.23972767e-02 -8.16534188e-03 -4.53435091e-03  1.32954315e+00
   -3.96145643e-03 -4.60962388e-03]]

 [[ 3.79188096e+00  4.16134451e+00  4.69041081e+00  5.52436014e+00
    1.50121412e+00  6.17522092e+00  2.88339001e+00  3.93848867e+00
    3.68213648e+00  2.75399704e+00]
  [ 1.96061721e-02  2.05501650e-01  1.36074657e-02  3.47030341e-02
    1.58526471e-02  2.35738860e-02  1.34590990e-02  5.39706422e-02
    4.42333022e-02  5.49149752e-02]
  [-6.73863358e-03 -7.13715374e-03 -5.61027846e-03 -1.26203684e-02
    9.14743616e-01 -8.39544936e-02  4.89037627e-01  1.15291415e+00
   -2.77809029e-02 -5.74738563e-03]]

 [[ 2.43994895e+00  2.04965985e+00  3.67656231e+00  4.65554528e+00
    5.55642795e+00  9.81898927e-01  8.65783610e-01  1.23365417e+00
    3.91756057e+00  4.88577073e-01]
  [ 2.43516997e-03  1.86693403e-02  7.97821495e-03  5.97732246e-02
    8.18566514e-03  2.64394293e-02  3.37052228e-02  1.81679494e-02
    1.54132737e-02  6.12149122e-03]
  [-8.97224841e-03 -2.04518341e-03 -7.93451969e-03 -2.24328706e-02
   -1.72454928e-02 -1.98773303e-02 -1.68888739e-03 -5.45353660e-02
    1.64959879e+00 -3.93874083e-04]]

 [[ 2.55617271e-01  1.27760882e+00  1.15440279e+00  1.31639273e+00
    1.50304816e+00  4.13994759e-01  1.47653419e+00  2.07460768e-01
    3.14742981e-01  7.37133355e-01]
  [ 1.68665066e-03  5.38164995e-03  4.08119565e-03  1.21271106e-03
    9.55231474e-04  5.06301065e-03  6.85438760e-03  1.17962209e-03
    2.19815434e-03  2.41688578e-02]
  [-6.84062156e-02 -2.99545210e-02 -5.45429540e-03 -1.95739750e-02
   -2.48633363e-02 -1.68765913e-02 -2.15854205e-03 -1.04090281e-02
   -1.31402307e-03 -4.99589883e-03]]

 [[ 4.91660370e+01  4.18249176e+01  3.86239016e+01  8.12246070e+00
    5.90547005e+00  9.21712117e+01  1.21128964e+02  1.58968714e+01
    1.85887728e+02  2.78040011e+01]
  [ 3.43442537e-02  2.73185106e-01  1.50007460e+00  1.40071547e-01
    5.18271603e-02  1.50274562e-01  6.78192067e-02  2.27453354e-01
    2.45718174e-01  1.91434843e-01]
  [-5.60584810e-02 -9.68582251e-02 -1.51973631e-03 -1.01580423e-01
   -7.77069889e-03 -2.03607113e-02 -5.32737329e-02 -1.23259708e-01
   -1.12996149e-01 -1.08475444e-03]]

 [[ 2.80890608e+01  1.72392437e+01  4.97187959e+00  3.64771455e+01
    9.45271387e+00  8.53514921e+00  8.05885698e+00  5.43298384e+01
    4.67628896e+00  1.84227314e+01]
  [ 3.13479020e-01  2.61175849e-01  4.39675263e-01  2.33137579e-01
    1.76788931e-01  3.01169048e-01  1.70542290e-01  9.82873181e-02
    6.64202313e-02  2.05515926e-01]
  [-3.46027964e-02 -1.25525976e-01 -2.50360239e-01 -2.87391689e-01
   -2.97212626e-02 -2.74230008e-02 -2.29990569e-02 -1.43859278e-02
   -1.95219797e-01 -4.28586414e-02]]

 [[ 3.70165998e+00  2.41024259e+00  1.15435753e+01  8.14170562e+00
    1.30375288e+01  7.58990882e+00  4.63402376e+00  1.02958736e+01
    4.70876554e+00  7.50634142e+00]
  [ 1.79760109e-02  2.35618097e-02  8.40037443e-02  1.83422560e-02
    1.61351676e-02  1.53980118e-02  1.63781072e-01  1.72149277e-02
    1.21372921e-02  2.92805152e-02]
  [-2.04407583e-01 -5.38175154e-03 -9.58166068e-02 -4.81836708e-02
   -9.22238470e-02 -2.05580299e-02 -5.03953384e-04 -8.45824386e-03
   -7.50966769e-02 -9.60659135e-02]]

 [[ 1.02981905e+04  6.80879087e+04  8.66663496e+03  3.34503529e+04
    2.75423208e+04  3.85475737e+04  2.82770615e+04  3.79609962e+04
    8.88744093e+03  3.82067801e+04]
  [ 1.93313012e-06  1.31917941e+03  4.68830931e+02  1.34066451e+02
    5.18221427e-06  3.53869984e+02  9.05784177e-06  1.58273184e+01
    7.65837673e+02  1.14999352e+03]
  [ 2.53891591e+00  8.09011279e+00 -5.52815686e-05  1.04509872e+01
   -1.10078245e-05  2.79602562e+00  6.81403135e+00  7.53040775e+00
    3.03066209e+00  4.51790659e+00]]

 [[ 1.66208334e+02  5.06504861e+04  3.63024353e+02  6.26627040e+03
    6.44820016e+04  2.29837924e+04  7.45967674e+04  1.22229781e+05
    1.17993080e+02  4.76975769e+03]
  [ 6.25098303e-07  5.94177209e+02  1.90967647e+02  6.59538314e+02
    2.11185323e+01  3.36042598e+00  9.53758627e+02  7.86920030e+02
    2.25142906e+02  7.66314021e-07]
  [ 3.39735580e+00  7.18592602e-02  1.51249899e+00  9.73379112e-02
    2.93662975e+00  4.15050733e+00  1.00420956e+00 -2.69273666e-04
    8.97441522e+00  6.37365093e+00]]

 [[ 2.05912984e+02  4.57212634e+03  1.26372718e+02  1.71040133e+04
    1.68096969e+02  2.67567009e-04  7.24759276e+03  8.62324301e+04
    1.71743994e+02  1.60719593e+04]
  [ 3.94130985e+02  4.08633065e+02  1.44860473e+02  2.57571341e+02
    8.48250767e+02  5.86492394e+02  8.99808568e+00  1.17834565e-07
    1.38540628e-06  1.39991426e+03]
  [ 5.25802433e-01  6.31582431e+00  1.11805313e+00  6.90522537e+00
   -1.37473860e-03  7.97787587e+00  6.08533476e+00  1.63359441e+00
    1.61545894e+00  3.69499960e+00]]

 [[ 7.46034463e-02  7.25375471e-01  6.23875470e-02  2.98466789e-01
    1.72932771e-01  5.71966844e-01  5.15481936e-01  1.98432096e-01
    5.73535311e-02  3.47489884e-01]
  [ 4.54026970e-03  7.82667434e-04  1.46918672e-03  8.75346931e-03
    5.95624375e-04  2.78540103e-03  6.87717480e-04  3.06724745e-03
    2.47255801e-03  2.11901460e-03]
  [-7.01573038e-03 -1.93200274e-02 -8.99628484e-03 -1.60240479e-02
   -3.60651632e-03  1.15133303e-02  5.74314301e-01  2.52105384e+00
   -5.06145337e-03  2.38080263e+00]]

 [[ 5.65712470e-02  5.87894217e-02  7.76071641e-02  3.04877650e-01
    1.02538187e-01  1.68593359e-02  1.27718483e-01  2.03937403e-01
    6.10884165e-02  9.68311056e-02]
  [ 6.07477466e-04  5.38971217e-04  3.77285714e-03  9.81710126e-04
    1.22244802e-04  5.77326114e-04  1.00317530e-03  3.19372838e-04
    1.08174273e-03  2.48052976e-03]
  [-2.30663300e-03  6.32411061e-01  2.81031531e+00  3.89476734e-01
    5.73658347e-01 -7.20055230e-05 -1.75628455e-02 -1.32961288e-02
   -4.31873464e-04 -1.84729054e-02]]

 [[ 1.24684668e-01  6.62094838e-02  2.84128006e-02  4.64242306e-02
    8.75038073e-02  5.17896710e-02  1.01350364e-02  1.13123276e-01
    9.32853450e-03  3.18834313e-02]
  [ 1.27035643e-04  1.36151541e-04  2.13059715e-04  8.69013014e-04
    3.87056784e-04  3.61903843e-04  6.08418675e-05  3.11802229e-04
    8.62572838e-05  2.76978699e-04]
  [ 4.45423150e-01  3.11232822e+00 -4.07994803e-01 -2.36150264e-03
   -1.86803989e-03 -7.85088695e-04 -2.68956028e-03  4.84200111e+00
   -2.61593560e-03 -9.00605473e-04]]

 [[ 4.71232871e+00  9.76192854e-01  3.90416631e+00  3.68105615e+00
    1.58916652e+00  8.65925249e-01  5.78946282e-01  1.39530792e+00
    3.86577203e+00  7.25746491e+00]
  [ 5.25727477e-02  5.08058856e-03  1.55382488e-02  1.75105250e-02
    3.00889978e-03  2.56500612e-02  4.79860340e-02  1.23487126e-02
    2.03035443e-03  5.51889419e-03]
  [ 2.03751841e+00  6.60358090e+00  4.56857708e-01 -1.29551829e-02
   -7.53211289e-03 -2.52615517e-03 -3.63379341e-04 -7.13372995e-03
   -1.54416567e-03 -3.13021883e-02]]

 [[ 5.78439314e-01  4.01475741e-01  7.87267587e-01  6.83588616e-01
    3.23559294e-01  6.62706065e-01  2.03707444e-01  2.38536663e-01
    1.83842008e-01  6.91815933e-01]
  [ 5.23690836e-03  3.34584349e-03  5.37152165e-03  1.85385029e-02
    4.18609449e-03  4.19929953e-03  1.44740482e-02  1.08763558e-02
    1.31365480e-02  7.10402027e-03]
  [ 3.12929479e+00 -8.09306276e-03  1.32734457e+00  8.87997765e-01
   -4.62783284e-02  1.26726465e+00  7.83117701e-01 -1.03781780e-02
   -1.77753808e-05 -8.11848500e-03]]

 [[ 1.17838806e-01  1.09879764e-02  1.58804417e+00  2.33526310e-01
    2.68193812e-01  6.83427013e-01  6.94307476e-02  4.08905208e-01
    2.89815647e-01  6.16796516e-01]
  [ 1.01593468e-03  5.00335608e-04  4.82846776e-03  1.04758095e-03
    2.71620836e-03  2.05157511e-03  1.51232508e-03  5.98104436e-04
    1.76194630e-03  1.12337257e-03]
  [-9.51656956e-04 -1.82880694e-03 -3.11498721e-03 -1.02197599e-02
   -6.37729451e-03 -1.28413095e-01 -9.41050143e-03  7.64478661e-01
   -8.48939568e-03  8.25038622e-01]]

 [[ 2.26095644e+00  1.20487041e+01  1.38873766e+00  2.38848082e+00
    1.86629787e+00  3.69000409e+00  2.09121126e+00  3.03580632e+00
    6.86408474e-01  4.11138471e+00]
  [ 4.88733044e-02  3.72398260e-02  9.21625140e-02  5.20775654e-02
    7.39044310e-03  3.64653890e-02  1.08072014e-01  9.96840923e-03
    1.20585193e-02  2.03532588e-02]
  [ 3.35362925e+00 -7.90400359e-03 -2.22082854e-02  6.67771812e-01
   -2.98373874e-01 -5.68411902e-03 -1.23386662e-02 -7.23370924e-04
    6.78265753e-01 -5.13277981e-02]]

 [[ 1.88495179e+00  2.49142890e-01  5.18380840e-01  2.98483981e+00
    6.20798079e-01  7.33421512e-01  5.96426032e-01  1.78006815e-01
    1.52072976e-01  7.57743957e-01]
  [ 6.99209454e-03  4.75037532e-03  2.08086059e-02  6.61513841e-03
    1.76122590e-02  1.50244837e-03  1.27200463e-02  3.39669164e-02
    1.44139836e-02  2.68638560e-03]
  [ 7.55213553e-01 -2.46640109e-03 -1.12239220e-01  7.81891531e-03
    1.26943761e+00 -2.30200081e-02 -1.97454880e-02 -1.25844715e-02
    6.43442735e-01 -2.76416081e-03]]

 [[ 2.98167444e-01  7.82585299e-01  6.82434497e-01  5.54115731e-01
    9.02727764e-01  7.43097364e-01  8.44259957e-01  5.87236985e-01
    4.74219259e-01  3.42161191e+00]
  [ 9.91843125e-04  2.38612706e-03  2.88343020e-03  1.90137110e-02
    2.23034577e-03  5.76645393e-04  2.85511397e-03  1.26926127e-02
    9.54493197e-03  2.59615574e-03]
  [ 2.55090574e+00  1.97477993e-01 -8.68006283e-03 -7.71654847e-03
   -1.22490244e-03  6.92892025e-01 -1.41929853e-03  1.15175803e+00
   -5.17142693e-03 -1.95120947e-02]]

 [[ 1.47041299e+01  3.94386189e+01  3.71750817e+01  2.90757448e+01
    3.24693761e+01  8.49944345e+00  1.31220979e+01  1.02334124e+01
    1.64756028e+01  4.14705606e+01]
  [ 7.90058947e-02  3.20385840e-01  1.55318500e-01  9.80450940e-01
    1.27048524e-01  1.86765842e-01  3.83739119e-01  5.65650626e-01
    8.01781782e-02  5.91840356e-02]
  [ 1.18732984e+00 -1.22160596e-01  5.80807936e-01 -5.69982913e-02
   -3.52142109e-02  7.39147837e-01 -2.13816701e-02  1.69758464e+00
   -1.01122547e-02 -1.31632702e-02]]

 [[ 1.87808964e+00  4.33982672e+00  1.17710247e+01  3.33051615e+00
    1.27268977e+01  1.38681771e+01  2.70793010e+01  5.10788515e+00
    2.02368724e+00  3.45668325e+00]
  [ 1.55807821e-01  2.37313933e-02  4.73465163e-02  8.56629373e-02
    5.57708907e-01  8.98698398e-02  1.56993461e-02  1.06019277e-01
    6.56365453e-02  2.29124597e-01]
  [-4.79933692e-02 -1.25916394e-02 -1.93355568e-02 -1.11424601e-02
   -3.04731280e-02  6.74611068e-01 -3.01736280e-02 -2.29904129e-01
    9.25326104e-01 -5.21485706e-02]]

 [[ 2.02109451e+00  1.29499241e+00  2.80123736e+00  1.88687575e+00
    1.13799408e+00  2.37422787e+00  1.48725705e+00  1.37377888e+00
    2.05624227e+00  1.43144167e+01]
  [ 1.68867827e-02  4.45906698e-02  4.06512719e-02  2.00829965e-02
    3.29292119e-03  2.39157820e-02  1.59632005e-02  2.57769693e-02
    1.02046455e-01  1.59450060e-02]
  [-5.17623271e-02  7.81861298e-01 -2.11714144e-02  8.61853751e-01
   -3.72457247e-02 -2.06847063e-01 -4.30001446e-03 -1.44256776e-02
   -4.07373763e-02 -1.15242472e-03]]

 [[ 1.28819921e+02  1.22699213e+02  1.47646561e+02  2.87647479e+02
    1.03589708e+02  1.56714561e+02  1.19608832e+02  1.16237113e+02
    2.12459984e+01  6.50661383e+01]
  [ 2.95148530e-01  3.01414578e-01  4.90481413e+00  2.24685357e+00
    2.52929308e-01  9.40907401e-01  4.91422385e-01  1.47029391e+00
    1.26055904e+00  8.30719983e-01]
  [ 7.80741771e-02 -1.88977777e-01 -4.23287548e-02 -7.16747769e-02
   -2.44359412e-01 -1.57319483e-01 -3.02468603e-01 -3.63990007e-02
   -8.57520075e-02 -5.62091768e-02]]

 [[ 2.71591956e+01  1.18444922e+01  2.40231070e+01  1.76750665e+01
    7.88843267e+01  6.18563091e+01  4.88139872e+01  6.22056079e+01
    5.13295911e+01  1.85633533e+01]
  [ 6.57097155e-01  1.13939871e-01  5.35636738e-01  2.46013770e-01
    4.38835866e-01  1.62789464e+00  2.24059983e-01  1.98529130e-01
    3.99296543e-01  4.02443295e-02]
  [-1.42244463e-01 -1.44495038e-01 -1.02367279e-01 -3.46898356e-03
   -1.48839179e-01 -1.02908417e-01 -1.40448527e-01 -1.97393388e-01
   -6.75924354e-02 -1.28050764e-01]]

 [[ 9.11965823e+00  3.03243204e+01  6.61399846e+01  4.46947791e+01
    3.56109327e+01  9.07078201e+00  1.08606477e+02  2.89419242e+01
    2.89853144e+01  6.40427104e+00]
  [ 1.83333971e-01  1.50029435e-01  1.17907517e-01  1.75838445e-01
    5.24067477e-02  1.03721802e-01  4.03043466e-01  8.26712738e-02
    4.98616695e-01  8.54581788e-02]
  [-2.90660130e-02 -7.29855969e-02 -1.77495477e-02 -5.14098226e-02
   -1.62717818e-02 -8.99402633e-02 -1.31538622e-01 -1.50259954e-01
   -3.03093518e-02 -1.54328647e-01]]

 [[ 4.10057267e+04  1.51214876e+04  4.93094922e+04  7.58106829e+04
    1.16510102e+04  7.96205786e+04  2.70768220e+04  3.19740290e+04
    2.58162536e+04  4.68253432e+04]
  [ 4.98423659e+02  9.68434297e+02  3.81211922e+02  1.00407637e+03
    6.11402538e+02  3.57092225e+02  2.25188271e+02  1.81176637e+02
    8.43027914e+02  5.03089851e-06]
  [ 3.98456528e+00  7.75913438e-01  3.55528987e+00  2.11842732e-01
    2.55078139e-01  8.41949817e-01  2.18242819e+00  5.91087705e+00
    3.01406871e+00  7.52098824e-01]]

 [[ 1.50354781e+04  5.09812313e+04  2.32969078e+04  2.13263934e+04
    4.07482689e+04  1.87634703e+03  2.33955473e+04  1.65787829e+04
    8.02601889e+03  3.44312868e+03]
  [ 1.51870215e+00  9.56160456e+02  1.80012817e-06  9.59544909e-08
    1.06287294e+03  6.23336233e+02  2.21234390e+02  3.96286195e+02
    5.82392412e+02  2.08825299e+02]
  [ 4.25394506e+00 -3.11550769e-05  4.89894807e+00  2.23832094e+00
    2.89296408e+00  6.97062038e-01 -9.66455707e-05 -9.79205338e-04
    7.43552654e-01  1.46729630e+00]]

 [[ 4.32361907e+03  1.47488137e-04  5.01277706e+04  4.49668693e-05
    4.87696427e+03  6.26660350e+03  5.56235354e+03  3.97418276e+03
    8.84367310e+03  6.70830051e+03]
  [ 1.13291134e-07  2.97171070e+02  4.42115384e+02  1.91822869e+02
    1.27440175e+03  1.65761069e+02  3.53617650e-07  2.76243457e+02
    3.50436506e+00  3.40293056e+01]
  [ 1.49577294e+00  5.05659187e+00  4.26515161e+00  2.33371758e+00
    6.92144522e-01  8.14636713e+00  1.58384491e+00  5.03194451e+00
    1.54307454e-01  4.61027471e+00]]

 [[ 6.14813746e-01  3.80654500e-01  1.29610274e-01  2.53018529e-01
    4.47550246e-01  6.21967784e-01  8.17008093e-02  3.40851344e-01
    1.00054524e-01  4.00200444e-01]
  [ 1.20273480e-03  4.16163351e-03  2.85191930e-03  5.06005972e-04
    4.19042820e-04  2.50184767e-03  2.22795528e-03  9.91890178e-04
    5.16131821e-03  1.48476727e-03]
  [ 8.43609777e+00  2.58253851e+00 -9.72296767e-03  6.98136372e-01
   -4.94643595e-03 -4.47076579e-03 -5.75341107e-02  8.18312989e-01
    1.13288243e+00 -1.46172099e-04]]

 [[ 4.15761493e-02  1.08343959e-01  7.69113206e-02  5.90332919e-02
    3.87571120e-02  4.43799958e-02  1.70799962e-01  2.62935411e-02
    7.33869856e-02  8.79510759e-02]
  [ 5.24667414e-04  7.46828238e-04  8.01362749e-05  3.25977781e-04
    9.68528816e-04  6.25944310e-05  7.56921804e-04  3.80699592e-04
    5.24851273e-04  5.47008041e-04]
  [ 5.65678773e-01  1.14105400e+00  4.17021315e+00 -9.45186431e-03
    6.34142951e-01  9.43746193e-01 -2.47409392e-03  3.10929557e+00
   -5.98534186e-02 -1.00152136e-03]]

 [[ 3.15111863e-02  1.49320527e-02  3.55300295e-02  5.16741075e-03
    2.50917149e-02  3.62924922e-02  3.25948067e-02  3.24347370e-02
    3.54341082e-02  1.44551312e-02]
  [ 8.02305099e-05  1.19086245e-04  4.52910781e-04  1.69165419e-04
    7.71233930e-04  1.22516460e-04  1.83377256e-04  1.34549839e-04
    1.53318673e-04  1.04238324e-04]
  [ 5.63512447e+00 -5.72591370e-03 -4.38420117e-03  2.61894809e+00
    2.88023915e+00  2.56019692e+00  6.95502743e-01  1.73568332e+00
    5.09020759e-01 -6.89848757e-03]]

 [[ 3.52257608e+00  1.04883581e+00  1.96263084e+00  1.64873690e+00
    9.99035553e-01  2.79803822e-01  3.85969735e-01  1.63229161e+00
    1.21615324e+00  7.27867168e-01]
  [ 2.76262752e-03  5.07101813e-03  1.47395253e-03  6.26289887e-03
    5.12611193e-03  1.24524813e-02  6.32350231e-03  1.04795746e-02
    3.53596418e-03  6.45145297e-03]
  [-4.72938535e-03  1.15295709e+00 -4.88139475e-02  7.49506787e-01
   -4.95285529e-03 -2.80671692e-02  1.02129823e+00  3.26299680e-01
    9.93053507e-01 -1.14372622e-02]]

 [[ 2.12179164e-01  4.25905415e-01  5.11224259e-01  1.59303245e-01
    6.88328335e-01  6.39299305e-01  4.53904575e-01  4.21348555e-01
    3.58243191e-01  1.37218934e-01]
  [ 4.15982502e-04  7.58426308e-03  9.14896470e-04  6.75026033e-03
    1.92435052e-03  1.86900268e-03  3.07480119e-03  1.91774125e-03
    2.59879926e-03  8.89896630e-05]
  [-1.80102133e-03 -4.59697884e-03  2.76158924e+00 -9.32007047e-05
   -2.54390667e-02 -2.01163672e-02 -1.62800944e-02 -1.14349309e-03
   -2.71037256e-04 -2.67661874e-02]]

 [[ 6.56951429e-02  8.14770492e-02  5.14280605e-02  3.12377176e-01
    5.68676183e-02  4.39117773e-01  6.41137928e-02  6.34526184e-01
    1.08798587e-01  1.35204362e-01]
  [ 2.44580768e-03  1.86143192e-03  1.31878124e-03  1.07799018e-03
    1.56516529e-03  6.58281156e-04  1.14189820e-04  3.54015181e-04
    3.83462915e-04  5.88084419e-04]
  [-1.45580078e-02 -1.70572589e-02  1.90209820e-01 -1.35154686e-03
   -5.52272703e-03 -6.87009051e-03 -7.66912200e-03 -5.89556993e-03
   -9.25663660e-03  2.14271525e+00]]

 [[ 1.02382203e+00  1.27271230e+00  4.66018656e+00  3.31819324e+00
    3.03571953e+00  5.87167311e+00  4.42278410e+00  1.06166835e+01
    8.88801528e+00  4.88763824e+00]
  [ 8.95243448e-03  1.28272745e-02  2.93231781e-02  3.74703347e-02
    1.83980152e-02  8.32693382e-03  5.43512747e-03  4.22250643e-02
    3.98867319e-03  5.15453632e-03]
  [-1.27587894e-02 -1.50231927e-02  1.19407853e+00 -2.16559548e-03
   -4.38360992e-02  1.41575444e+00  7.29345831e-02 -1.11441798e-02
    8.48688564e-01 -2.29928057e-03]]

 [[ 6.90030993e-01  7.36086293e-01  1.08081359e+00  1.27924154e+00
    9.62242133e-01  1.44053258e+00  6.05299606e-01  5.36815552e-01
    5.91598067e-01  8.40482935e-01]
  [ 4.37852479e-03  6.40179601e-03  6.27779424e-03  6.78771912e-03
    3.89857070e-03  3.42068911e-03  4.39564619e-03  1.25605793e-02
    6.73757000e-03  4.27742386e-03]
  [-4.04148365e-03 -1.96365636e-02 -9.96056515e-03 -1.25920182e-03
   -5.96357398e-03 -4.19383866e-03  1.08215023e+00 -1.15418716e-02
    2.43916018e+00 -3.58792889e-02]]

 [[ 3.07147979e-01  8.32186774e-01  1.14900047e-01  3.11722599e-01
    1.83029989e-01  3.83659731e-01  4.20190004e-01  1.12870753e-01
    1.23567454e+00  8.42679223e-02]
  [ 5.73067208e-04  1.22125141e-03  2.29421117e-03  9.14858407e-04
    2.64244409e-03  2.89766257e-03  1.18438319e-03  1.94461592e-03
    2.33191445e-03  1.53209725e-03]
  [-6.70838705e-03 -2.61451548e-02 -1.27849726e-02 -7.98079097e-03
   -4.96033000e-03 -1.04554614e-02 -3.48020337e-02  3.00816903e+00
   -2.12233906e-03 -4.12083568e-03]]

 [[ 2.06810387e+01  1.94246741e+01  1.31892918e+01  1.76188062e+01
    1.09902877e+01  8.39972436e+00  1.07861922e+01  4.09402078e+01
    1.78347326e+01  2.44204050e+01]
  [ 5.10608198e-02  2.94841899e-01  4.31386509e-02  4.91589816e-02
    9.46723582e-02  3.31844884e-01  1.76406459e-01  1.08226251e-01
    1.77726538e-02  1.54710791e-01]
  [-4.41673382e-02 -3.06099050e-02 -1.05661439e-02 -4.24809310e-02
   -1.81319931e-02 -5.49718674e-02 -7.06892214e-03  1.68799657e-01
   -6.33955009e-03 -5.90900706e-02]]

 [[ 8.35857497e+00  2.05111911e+00  1.22646533e+01  3.76400542e+01
    6.37338163e+00  1.44468974e+01  6.27158204e+00  1.95390291e+01
    6.05083138e+00  7.30943925e+00]
  [ 1.45160641e-02  1.65275862e-02  6.51995171e-02  5.66436272e-03
    8.15184617e-03  5.62291923e-02  4.90265242e-03  4.20306495e-02
    4.16938773e-03  2.41418570e-02]
  [-6.14527457e-04  1.41287958e-01 -7.33402292e-03 -1.25437083e-02
   -1.66982047e-02  4.04606889e-01 -2.89319166e-02 -1.12247889e-02
   -4.65494066e-02 -9.02009686e-02]]

 [[ 2.16820965e+00  3.96259312e-01  6.96365180e-01  1.48422098e+00
    2.31091747e+00  1.08218143e+01  2.49906388e+00  2.78762837e+00
    5.25399668e-01  8.62243205e-01]
  [ 1.74757103e-02  2.41750214e-03  3.97261398e-02  5.62617646e-03
    1.03309305e-02  3.32689707e-03  2.37136450e-02  3.27508981e-02
    7.26738409e-03  3.56493364e-03]
  [-3.18091641e-02 -8.18661600e-02 -3.57115917e-02 -1.53291727e-03
   -1.97582945e-02 -6.95709828e-02 -8.73330189e-03 -2.29834468e-02
   -8.46389736e-03 -4.59751391e-04]]

 [[ 4.99126806e+01  1.62218173e+02  6.82861378e+01  3.55900606e+01
    1.95349381e+02  2.15304469e+02  9.65185237e+01  1.54233889e+02
    1.32570466e+02  4.56639668e+02]
  [ 5.31747202e-01  7.02424206e-02  4.94064866e-01  9.24440863e-01
    1.97251764e+00  7.43592248e-01  5.80297984e-01  1.43707445e+00
    3.71846751e-02  3.91959661e-01]
  [-6.36656134e-02 -1.33625227e-01 -4.42224865e-02 -1.57410633e-01
   -8.50875002e-02 -5.04435678e-04 -5.04687029e-02 -1.55303584e-01
   -3.69060443e-02 -2.56356565e-01]]

 [[ 1.61243354e+02  9.43244828e+01  9.42114684e+01  2.75282648e+01
    5.84498407e+01  1.69364270e+01  1.43951153e+01  9.78457979e+00
    1.58276002e+01  2.74035792e+01]
  [ 2.51374972e-01  2.29214592e-01  8.16528284e-01  3.64056420e-01
    7.19978446e-01  7.31491769e-02  1.09257763e-01  1.86055804e-01
    2.12070549e-01  2.07218157e-01]
  [-5.04232455e-02 -1.26054338e-01 -6.47080389e-02 -1.50915890e-01
   -7.82810645e-02 -1.63010729e-02 -2.44476168e-02 -1.26510045e-01
   -1.21836128e-03 -7.48744794e-02]]

 [[ 2.69149710e+01  3.23608692e+00  2.72326442e+01  2.30691353e+00
    1.12234883e+01  1.18647043e+01  2.33328118e+01  6.00828026e+00
    4.50972602e+00  7.10638028e-01]
  [ 1.48595705e-01  6.26235232e-02  7.09760048e-02  2.12134769e-02
    8.82475298e-02  4.83324341e-02  3.69968529e-02  1.72967847e-01
    2.97512106e-02  1.92044100e-02]
  [-7.17953084e-03 -1.32318839e-01 -2.32363781e-01 -3.35849102e-02
   -2.56443164e-01 -5.54817711e-03 -7.54379062e-02 -4.77129552e-02
   -2.05770209e-03 -1.17662723e-01]]

 [[ 7.44624262e+04  1.01798733e+04  6.64463794e+04  1.27583125e-03
    2.86533101e+04  3.02142838e+03  1.10715801e+04  2.44724382e+04
    5.03413658e+04  9.11874948e+04]
  [ 3.11446860e+02  4.24662552e+02  1.85908663e+02  1.82581490e+01
    5.32013823e-06  4.47539948e+02  2.20496024e+02  1.23573497e+03
    8.92188427e+01  2.77228519e+02]
  [ 5.35051930e+00 -6.43628748e-04  7.47005539e-03  3.08803484e+00
    2.18623182e+00 -4.78390103e-04  1.37564243e+01  4.55217376e+00
    3.70760849e+00 -8.46088668e-05]]

 [[ 2.33454304e+04  1.34078603e+04  2.82773350e+03  9.02857625e+02
    2.20887365e+03  1.48830724e+04  7.87477974e+03  2.76897423e+04
    2.17524205e+03  8.61357158e+01]
  [ 5.25578397e+01  9.84544505e+01  6.03342006e+02  6.07637597e+01
    1.15179797e+03  1.73648280e+02  5.97187293e-06  6.19279958e-07
    2.73387870e+02  1.79671624e+02]
  [-6.69566393e-06 -4.47376904e-04  4.40354037e-01 -1.58211546e-04
    2.13922507e+00 -2.54622810e-04  2.32473766e+00  3.52182760e+00
    1.00574259e+00  1.15183919e+00]]

 [[ 3.41906576e+03  1.28727270e-04  3.55915437e+04  5.87697616e-05
    7.28448003e-05  7.09727291e+03  2.29739525e+04  4.44492704e+03
    2.58667519e+04  2.96207430e-05]
  [ 1.16894379e+02  2.04978066e+02  5.64470282e+02  1.11331928e-06
    1.00126131e-01  2.27088965e+02  9.02372497e+01  2.38903958e+01
    6.25340672e-06  1.88831775e+02]
  [ 5.21153941e-01  3.49690598e+00  4.14701433e+00  1.28557400e-02
   -1.71490168e-04  5.52208777e+00  2.62172262e+00  8.88801466e-01
    1.00278183e+00  1.82984190e+00]]

 [[ 1.27426281e+00  4.22160272e-01  8.24332822e-01  1.12297622e-01
    3.06057425e-01  3.45299971e-01  2.81034089e-01  1.65843413e+00
    8.64507453e-02  1.56344439e-01]
  [ 1.83908284e-03  1.07002931e-03  2.15882740e-03  1.76604361e-03
    2.39976875e-03  9.39289779e-03  4.94835241e-04  2.84942267e-03
    1.25127230e-02  3.74182981e-03]
  [-6.40435422e-04  1.38684321e+00  1.44449799e+00  1.32443337e+00
   -5.58281809e-03  9.51110530e-01 -8.20777364e-05  5.85546012e+00
    1.95541444e+00  8.97647278e-01]]

 [[ 8.08582180e-02  9.66788826e-02  9.89869421e-02  1.06158356e-01
    2.58851053e-01  1.06089912e-02  3.31341852e-01  1.66655538e-01
    1.97802754e-01  6.42687286e-02]
  [ 1.44958033e-03  1.28055652e-03  1.56870129e-03  1.45482141e-03
    5.20244651e-04  2.68283562e-04  2.13896416e-04  2.00294707e-03
    1.43188456e-03  1.89526873e-03]
  [ 6.34254279e-01 -5.69498204e-03 -1.76481642e-02  9.51987624e-01
   -3.24523893e-03 -3.99719707e-04 -5.23516569e-03 -3.24921899e-03
    1.20212422e+00  1.19432603e+00]]

 [[ 8.35553708e-02  8.65370039e-02  5.54088920e-02  1.00674861e-01
    8.44523586e-02  2.85742142e-02  1.72026463e-02  3.56257017e-01
    1.79272241e-01  2.14157444e-02]
  [ 1.16664128e-03  4.44087587e-04  3.32640135e-04  2.35356148e-04
    6.56030023e-04  8.83148054e-04  7.82464786e-04  5.45136810e-04
    6.10710022e-04  4.29390458e-04]
  [ 9.48646531e-01 -9.90313463e-03 -1.29382230e-03  7.40241628e-02
   -3.03327727e-02  1.57570896e+00  1.32809941e+00 -2.66450784e-03
   -3.05303009e-04  3.98615708e+00]]

 [[ 1.25455425e+00  2.10479565e+00  6.78647775e-01  2.08558065e+00
    8.95722933e-01  2.54497699e-01  1.65543187e+00  7.54766290e-01
    1.01231706e+00  1.91653277e+00]
  [ 1.44518070e-02  7.42473486e-03  5.77575741e-03  1.07737234e-02
    2.58882290e-03  1.57773631e-02  4.79345469e-03  2.03087081e-03
    3.45610706e-02  1.47520896e-02]
  [-7.43418731e-02 -8.45621811e-03  8.38247210e-01 -5.69975848e-03
   -2.90457591e-03  1.51693090e+00 -5.62558012e-03  6.28680515e-01
   -1.81992733e-03  2.05791995e+00]]

 [[ 1.12992536e+00  1.06035911e+00  5.83881154e-01  4.71301869e-01
    3.83007508e-01  2.60874795e-01  2.88462739e-01  3.71874155e-01
    1.14657343e+00  8.20517964e-01]
  [ 3.68074722e-03  1.45984083e-02  6.57114040e-03  3.75279065e-03
    5.21599005e-03  8.10628680e-03  8.96461278e-03  1.52057808e-02
    1.13925274e-02  2.28428092e-02]
  [ 1.77142135e+00  6.13871498e+00 -1.56108095e-02  1.96288847e-01
    2.37746367e+00  3.17499527e-01 -5.76397005e-03 -1.25559315e-02
    1.99341249e-01  9.53451591e-01]]

 [[ 3.10232408e-01  1.06304532e-01  4.31668201e-01  3.89761358e-01
    6.32784878e-01  7.99119508e-02  3.12485432e-01  8.51824046e-01
    5.00798198e-01  3.93814340e-01]
  [ 2.09037927e-03  1.25095307e-03  8.19529846e-04  8.30174072e-03
    7.08311185e-04  2.45184314e-04  7.28173701e-03  2.42839729e-03
    2.21981652e-03  2.66309457e-03]
  [-7.91610405e-03  2.43195536e-03 -1.46139322e-04 -3.49479824e-02
    5.71897532e-01 -1.95823958e-03 -2.65659190e-03  2.58383610e-01
   -2.42792776e-04 -3.90662831e-03]]

 [[ 1.19307934e+01  1.88516847e+00  2.53974621e+00  4.67915149e+00
    4.13789102e+00  3.35220039e+00  3.87111244e+00  2.77031506e+00
    1.12546903e+01  1.67406688e+00]
  [ 4.81564247e-02  3.64183814e-02  3.01685101e-02  1.50649925e-02
    2.90636776e-02  5.17915878e-02  2.85700618e-02  1.59462729e-01
    8.91142539e-02  1.63506119e-02]
  [ 1.40525920e+00 -1.95468966e-02 -3.00684273e-02 -1.13285515e-02
    5.50464509e-01  3.47584777e-01 -2.76122391e-02  1.42050445e+00
    1.25250857e+00  2.56170260e+00]]

 [[ 1.07761833e+00  4.78343018e-01  3.55757732e+00  2.13573522e+00
    7.40372878e-01  6.55585843e-01  2.87533202e+00  8.44350304e-01
    1.80393511e+00  2.47557055e+00]
  [ 1.01503267e-02  4.90822924e-03  2.89008709e-02  1.77466751e-02
    2.49650986e-02  6.82593492e-03  3.92035944e-02  1.64886995e-02
    5.51251894e-03  2.14392851e-02]
  [ 2.89604529e+00  1.35563415e+00 -6.66349281e-02 -3.28982842e-03
   -1.73030811e-03 -1.62857351e-02 -5.07021353e-03 -5.85776040e-02
   -6.28219639e-03  1.03995638e+00]]

 [[ 5.94394096e-01  2.22065906e-01  2.80480196e+00  2.18217663e-01
    3.12296176e-01  9.67341398e-01  3.62748172e-01  5.09213111e-01
    9.31689208e-01  9.14371799e-01]
  [ 1.36442247e-03  5.41202712e-03  1.35519694e-02  5.23070638e-03
    7.40050065e-03  3.22971725e-03  2.60254155e-03  5.34979403e-03
    5.90053101e-03  1.07430448e-03]
  [-8.65939230e-03 -1.94229094e-02 -6.78222603e-04 -9.67855524e-02
   -1.76673339e-02  3.86372282e-01  2.64050015e+00 -4.54937287e-03
   -5.34531400e-03 -3.84984311e-02]]

 [[ 2.54606420e+01  1.39848337e+01  4.34704083e+00  4.42745690e+01
    9.66667230e+00  1.99571913e+01  6.75473741e+01  6.72966483e+01
    6.27969535e+01  2.10331590e+01]
  [ 4.85196671e-01  1.53733104e-01  1.67528865e-01  2.19666065e-02
    1.83666348e-01  2.23056935e-01  1.83063779e-01  2.52770751e-01
    1.98524773e-01  4.09230387e-01]
  [ 2.34008716e-01 -1.01190447e-01 -1.42623818e-01 -1.93128296e-01
   -1.73629243e-02 -1.21313096e-01 -4.33047991e-02  6.00001983e-01
    5.18115330e-01 -5.73287101e-02]]

 [[ 1.42124456e+01  3.35582146e+01  2.27559354e+00  4.23781135e+00
    5.70277310e+00  6.92443938e+00  7.82642721e+00  1.93128966e+01
    1.20069249e+01  1.71845469e+01]
  [ 4.14901626e-02  7.11868552e-02  4.62460199e-02  3.52851847e-02
    1.70067894e-03  1.20875072e-01  1.64226684e-02  8.59441790e-02
    7.33846115e-02  1.82704407e-02]
  [-5.64576688e-03 -2.08164387e-02 -4.72650751e-02 -3.81373107e-04
   -2.10046880e-02 -1.47541140e-01 -1.31566320e-02 -8.39284005e-03
   -3.86446808e-02 -1.18931829e-03]]

 [[ 2.76539497e+00  1.56297065e+00  1.07656560e+01  6.25906438e+00
    2.01064905e+00  4.82089767e+00  5.28914699e+00  1.36291878e+00
    2.97352574e+00  1.14098895e+00]
  [ 3.39876276e-03  2.16154796e-02  4.91626635e-03  2.29252643e-02
    3.11378269e-02  6.32752148e-02  8.89552547e-03  3.03694170e-02
    1.89783090e-02  6.29414875e-02]
  [-5.50979386e-03 -1.77633623e-02 -2.50311831e-02 -6.20354386e-02
   -3.00097377e-02  5.18376201e-01 -5.68028477e-03 -3.61977547e-05
   -1.02006606e-02 -1.44904735e-03]]

 [[ 9.24612286e+01  2.67674344e+02  1.70679556e+02  2.06117759e+02
    7.68014599e+01  9.31035171e+01  9.58620081e+01  1.81797501e+02
    1.72089663e+02  1.54706010e+02]
  [ 2.15424193e+00  8.74414336e-01  9.52972378e-02  3.78221453e+00
    6.32739511e-01  4.79215688e-01  3.18119140e+00  3.10754922e-01
    6.53640770e-01  7.32899227e-01]
  [-1.88147950e-02 -3.28247376e-02 -4.49419301e-02 -1.87608713e-02
   -3.15307206e-01 -8.85822187e-02 -1.01231004e-03 -1.78584397e-02
   -1.02906587e-03 -8.53635324e-03]]

 [[ 1.05583418e+02  1.02412591e+02  2.21408056e+02  4.75428302e+01
    1.67609084e+02  3.50203422e+01  1.72225320e+01  3.44703286e+01
    5.48146215e+01  1.28398137e+02]
  [ 8.63121725e-02  1.66812410e-01  4.56024520e-01  2.33191246e+00
    9.71073402e-01  1.89748325e-01  6.40434824e-02  2.48241410e-01
    1.52069171e-01  6.82243632e-01]
  [-1.32134578e-01 -5.39556631e-02 -1.90536692e-01 -1.77316542e-01
   -5.21364802e-02 -2.67646369e-01 -1.38377626e-02 -1.45450584e-01
   -3.36469158e-02 -1.24694733e-02]]

 [[ 4.98615947e+01  9.95127524e+00  5.47574637e+01  4.59605264e+01
    2.75245614e+01  9.39570270e+00  1.23677010e+01  1.61990945e+01
    1.11522340e+01  2.04971309e+01]
  [ 7.23224159e-01  6.46719164e-02  8.65965999e-02  1.73543711e-01
    3.23745043e-01  2.46221685e-02  7.80091492e-02  4.82627242e-02
    1.32740385e-01  2.90230202e-01]
  [-1.84139956e-02 -3.46445038e-01 -1.92330454e-04 -5.18514454e-02
   -2.06239405e-01 -9.70995406e-02 -1.91902661e-01 -7.52603587e-03
   -2.66711581e-02 -4.70661157e-04]]

 [[ 4.69228414e+04  1.36080488e+04  9.44940893e+04  3.02653425e+03
    4.13021800e+04  4.21949972e+02  3.08839937e+02  4.34920290e+04
    1.21040932e+04  2.52811238e+04]
  [ 1.73352615e+01  4.10561418e+01  2.30335396e+02  4.04596303e+02
    1.48148063e+03  5.26875313e+01  9.42974259e+02  5.18442134e+02
    5.43727880e+01  1.39364298e+02]
  [ 1.96253806e+00  2.38661015e+00  2.12650490e+00  2.21974724e-02
    1.32720684e+00  2.15535667e-01 -2.48072085e-05  2.84167087e+00
   -1.47986654e-03  1.22628328e-02]]

 [[ 1.15629274e+03  4.91835466e+03  5.72515085e+03  1.44782451e-04
    2.72008445e+03  1.78777683e+04  3.09128297e-04  1.33481005e+04
    3.93449805e+03  3.57085475e+04]
  [ 2.61893091e+02  3.63926053e-07  4.27898099e+02  5.31871220e+02
    3.17196973e+02  1.34799949e-06  3.52732186e+02  3.15889449e+02
    1.44550663e+02  7.96743722e+01]
  [ 7.45558996e+00 -7.99596981e-05  1.83141067e+00  2.24423477e+00
    3.79891877e+00  2.25786289e+00 -5.53509950e-05  4.14806916e+00
    2.52566708e+00 -2.23059085e-05]]

 [[ 6.04712727e+02  1.21066094e+04  2.08403763e+03  3.40419711e+03
    3.66182845e-05  9.19020990e-05  1.27173153e+04  1.29429818e+03
    5.90099807e+02  2.37691973e+04]
  [ 2.92464990e+02  8.25712921e+02  4.75091802e+02  8.78812374e-08
    1.10811622e+02  4.89556535e+01  7.23156505e-08  3.81456935e+02
    2.86612019e-07  3.16473232e-07]
  [ 2.42858795e+00 -4.90352670e-04  3.13576325e+00  2.93302872e+00
    2.28182353e+00  2.02309643e-01  2.17049888e+00  1.34962887e+00
    1.32290062e+00 -1.66110003e-04]]

 [[ 2.45204812e-01  3.95880466e-01  3.03739324e-01  5.33475720e-01
    1.32186556e-01  7.18943562e-01  3.04863487e-01  1.43530889e+00
    3.38436545e-01  4.12692754e-01]
  [ 2.02541007e-03  1.81200325e-03  5.69493058e-04  2.45947345e-03
    7.67356313e-04  6.85992554e-04  3.27655535e-03  1.96130631e-03
    1.25766979e-03  5.59133076e-04]
  [ 1.01597636e+00 -1.67066456e-03  6.35374655e-01 -1.09572832e-02
    1.14177099e+00  4.06912069e+00  1.63442282e+00  7.26021910e-02
   -9.59495510e-03 -6.58280622e-03]]

 [[ 2.49873941e-01  7.69940382e-02  5.64296897e-02  1.19326249e-01
    3.95638289e-02  3.70639040e-01  1.21182550e-01  1.55682198e-01
    1.37863397e-01  2.12906740e-02]
  [ 2.30605811e-03  4.85518890e-04  4.11036003e-04  7.11759773e-04
    1.20225953e-03  1.66300362e-03  4.89462953e-04  1.96680777e-03
    4.84224492e-04  1.20106470e-03]
  [-1.24242816e-03 -2.00333463e-03  4.43370901e-01 -2.00953887e-02
   -1.36729231e-02  2.80723265e+00  3.40453328e+00 -1.96265036e-03
   -2.47371958e-03  7.19809817e-02]]

 [[ 4.71086101e-02  1.14553054e-02  1.89411136e-01  6.57897449e-02
    1.66207674e-02  1.65040947e-02  1.82391297e-02  3.45196327e-02
    1.01246858e-01  2.37486929e-02]
  [ 3.47493258e-04  3.98507922e-04  3.41745196e-04  1.20706410e-04
    1.40380551e-04  7.82287747e-04  2.08895475e-03  9.65604779e-05
    1.93573809e-04  6.20668031e-05]
  [-6.77553247e-03  5.75819089e-01 -6.52082003e-04  8.76794488e-01
   -5.88818921e-03 -6.99886374e-03 -9.61001202e-04  5.12499053e-01
    9.52011492e-01 -2.20077455e-03]]

 [[ 1.82611416e+00  4.93787637e-01  5.26488543e+00  7.56399648e-01
    7.79312617e-01  5.09280961e-01  1.94623083e+00  1.34710669e+00
    9.02088027e-01  6.52232801e-01]
  [ 8.49301206e-04  6.08833291e-03  6.66272726e-03  6.17496435e-03
    1.66348956e-02  3.55717091e-03  3.89786914e-02  3.35651948e-03
    9.96866930e-03  9.02194774e-03]
  [-2.22845734e-03  1.65162229e+00 -1.75269663e-02 -1.25012520e-02
   -9.88584514e-03  1.75412198e-02 -1.06919828e-03 -2.44842073e-03
   -2.42325425e-03 -7.77176621e-03]]

 [[ 5.10667024e-01  9.43515961e-01  3.62557969e-01  3.27695722e-01
    1.69584956e-01  3.08487309e-01  2.37879024e+00  3.00973371e-01
    1.25525630e+00  1.16897013e+00]
  [ 1.19026163e-02  3.72630003e-03  8.00974859e-04  4.57459991e-03
    2.40223470e-03  1.75818259e-03  3.57784050e-03  2.45676738e-03
    4.12831197e-03  1.82920969e-03]
  [-7.12449030e-03 -7.87094034e-04 -4.50973350e-02 -1.60999113e-03
   -4.91731903e-02 -8.43502846e-04 -2.47689563e-02 -4.67552116e-03
   -3.76236297e-03  1.14212416e+00]]

 [[ 2.66696331e-01  6.31879380e-01  3.07213404e-01  5.10589154e-01
    2.23847620e-02  1.27162929e-01  2.30728429e-01  3.81100852e-01
    6.06628080e-02  9.34654899e-01]
  [ 1.49178895e-03  1.70885644e-04  1.31337016e-03  9.89118428e-03
    1.19030258e-03  1.73642080e-03  1.26958805e-03  2.84095716e-04
    1.25377514e-03  4.67951919e-03]
  [-1.27565958e-02 -4.07449298e-03 -2.74402423e-03 -2.05222483e-03
   -9.12242524e-04  1.25172157e-02 -7.68798457e-03 -1.25475980e-03
    7.65756998e-01 -3.53482311e-03]]

 [[ 4.66962141e+00  3.06122405e+00  5.01549378e+00  3.49195627e+00
    8.99301200e-01  2.53037335e+00  9.71257262e+00  4.65112444e+00
    3.50108608e+00  2.75721664e+00]
  [ 3.86096293e-02  9.81063494e-03  7.43711851e-03  9.28661840e-03
    9.04780188e-03  4.25333472e-02  5.41228280e-02  1.75628793e-02
    6.34407606e-03  2.73566198e-02]
  [-2.30391559e-03 -2.94107191e-03 -4.36134803e-02 -5.20089539e-03
   -1.71820390e-03 -2.08574446e-03  1.41170265e+00  1.01462980e+00
    6.97993395e-01 -4.29632662e-03]]]