[[[ 1.54498644e-11  9.94428232e-12  9.85377934e-12  1.67819287e-11
    1.65387041e-11  4.40153570e-11  1.89068764e-11  3.50689664e-11
    1.01381287e-11  1.45348109e-11]
  [ 3.00000022e+00  3.00000004e+00  3.00000044e+00  3.00000002e+00
    3.00000048e+00  3.00000026e+00  3.00000067e+00  3.00000012e+00
    3.00000007e+00  3.00000017e+00]
  [-1.83759297e+00 -5.12882280e+00 -3.72430035e+00 -2.76589733e+00
   -3.72430035e+00 -3.72430035e+00 -1.04028017e+01 -3.72430035e+00
   -3.72430035e+00 -1.04028457e+01]]

 [[ 1.99464527e-09  2.06055728e-08  1.21213774e-08  2.39194441e-08
    3.50991359e-08  3.08757231e-08  2.03213494e-08  9.04498412e-09
    7.22642532e-09  9.66292558e-09]
  [ 3.00040814e+00  3.00005187e+00  3.00059676e+00  3.00016556e+00
    3.00007754e+00  3.00019455e+00  3.00012015e+00  3.00015681e+00
    3.00033833e+00  3.00018980e+00]
  [-1.04029391e+01 -2.76589733e+00 -1.04029366e+01 -1.83759296e+00
   -1.04028475e+01 -5.12882275e+00 -2.75193356e+00 -1.04029182e+01
   -2.75193356e+00 -1.83759296e+00]]

 [[ 1.70327635e-08  9.80105624e-09  9.41469525e-09  2.43650572e-08
    1.75819871e-08  3.16460921e-08  1.18316301e-08  1.68506628e-08
    1.94453249e-08  6.53334081e-09]
  [ 3.00003976e+00  3.00030476e+00  3.00015773e+00  3.00012560e+00
    3.00013493e+00  3.00023801e+00  3.00016714e+00  3.00000477e+00
    3.00009647e+00  3.00051881e+00]
  [-1.04028350e+01 -1.04028186e+01 -5.12882279e+00 -2.75193356e+00
   -2.75193355e+00 -1.04028263e+01 -2.76589732e+00 -2.75193355e+00
   -5.12882277e+00 -1.04028832e+01]]

 [[ 1.03851580e-08  1.14360099e-08  1.56718498e-08  1.55168915e-08
    1.38493752e-08  1.61299460e-08  1.42085051e-08  1.62399931e-08
    1.84444483e-08  2.34477747e-08]
  [ 3.00010970e+00  3.00029269e+00  3.00022623e+00  3.00055044e+00
    3.00060023e+00  3.00040998e+00  3.00010817e+00  3.00018456e+00
    3.00026814e+00  3.00018350e+00]
  [-1.04028465e+01 -2.76589733e+00 -1.04028281e+01 -1.83759297e+00
   -1.04028577e+01 -2.76589733e+00 -1.04028536e+01 -1.04028325e+01
   -1.04028362e+01 -2.76589733e+00]]

 [[ 2.98206186e-08  5.56907503e-08  4.36232701e-08  3.32228536e-08
    1.69316934e-07  3.38407911e-08  6.71216897e-08  6.89736072e-08
    5.95116089e-08  4.24309358e-08]
  [ 3.00033301e+00  3.00031981e+00  3.00071554e+00  3.00025485e+00
    3.00130388e+00  3.00018764e+00  3.00079394e+00  3.00001654e+00
    3.00023806e+00  3.00076551e+00]
  [-1.04028190e+01 -1.04028622e+01 -5.08767163e+00 -1.04028153e+01
   -1.04028718e+01 -2.76589732e+00 -1.04028405e+01 -2.76589724e+00
   -1.04028045e+01 -1.04028020e+01]]

 [[ 5.10692404e-08  8.51735607e-08  4.44206270e-08  2.76217779e-08
    4.91945460e-08  5.08748703e-08  4.20839519e-08  4.88128441e-08
    1.73964289e-07  2.66621606e-08]
  [ 3.00032338e+00  3.00075442e+00  3.00020290e+00  3.00035760e+00
    3.00016586e+00  3.00032402e+00  3.00044164e+00  3.00021882e+00
    3.00089782e+00  3.00054268e+00]
  [-1.04028752e+01 -1.04028185e+01 -1.04028444e+01 -1.04028157e+01
   -1.04028725e+01 -1.04028030e+01 -1.04028944e+01 -5.08767178e+00
   -1.04028834e+01 -1.04028256e+01]]

 [[ 2.41578886e-08  6.82689402e-08  1.91306159e-08  9.83905347e-08
    5.67939541e-08  1.09694949e-07  1.08920652e-07  8.64010356e-08
    1.49227260e-07  8.73930957e-08]
  [ 3.00132505e+00  3.00027410e+00  3.00029048e+00  3.00012886e+00
    3.00483922e+00  3.00044033e+00  3.00054629e+00  3.00212000e+00
    3.00337748e+00  3.00015773e+00]
  [-1.04028093e+01 -1.04029313e+01 -1.04028792e+01 -1.04028382e+01
   -1.04028656e+01 -2.76589730e+00 -1.04028938e+01 -1.04028975e+01
   -1.04028881e+01 -1.04028212e+01]]

 [[ 3.14682974e-07  5.46633540e-07  1.08718116e-07  7.95193547e-08
    1.58665379e-07  1.61628424e-07  4.02615564e-08  3.15103874e-07
    1.01704133e-07  1.27994214e-07]
  [ 3.00124908e+00  3.00101038e+00  3.00058444e+00  3.00075036e+00
    3.00163114e+00  3.00697786e+00  3.00172742e+00  3.00260010e+00
    3.00065411e+00  3.00252522e+00]
  [-1.04028408e+01 -1.04028028e+01 -5.12882248e+00 -1.04028091e+01
   -1.04029066e+01 -1.04028623e+01 -1.04028145e+01 -1.04029379e+01
   -1.04028354e+01 -1.04029321e+01]]

 [[ 1.00297801e-07  1.31348067e-07  2.70538020e-07  2.30945458e-07
    2.18861067e-07  1.66849794e-07  2.53424440e-08  6.05881785e-08
    2.02943176e-07  1.27353433e-07]
  [ 3.00044297e+00  3.00979629e+00  3.00174106e+00  3.00262255e+00
    3.00066716e+00  3.00185907e+00  3.00161631e+00  3.00174064e+00
    3.00716013e+00  3.00323853e+00]
  [-1.04028224e+01 -1.04028133e+01 -5.08767161e+00 -1.04028044e+01
   -1.04029227e+01 -1.04028110e+01 -1.04029077e+01 -1.04028641e+01
   -1.04028877e+01 -1.04028615e+01]]

 [[ 1.80714976e-07  1.45738631e-07  3.03981137e-07  6.15002722e-08
    3.13347225e-07  1.36086259e-07  6.77747981e-08  2.47488607e-07
    2.37404374e-07  1.85407265e-07]
  [ 3.00291610e+00  3.00295452e+00  3.00777824e+00  3.00146344e+00
    3.00021609e+00  3.00066520e+00  3.00043593e+00  3.00234663e+00
    3.00361798e+00  3.00276861e+00]
  [-1.04028918e+01 -1.04028112e+01 -1.04028593e+01 -1.04028636e+01
   -1.04028067e+01 -1.04028396e+01 -1.04029138e+01 -5.08767162e+00
   -1.04028107e+01 -1.04028785e+01]]

 [[ 5.68968782e-07  7.36207361e-07  1.41645807e-06  7.19448896e-07
    5.00124701e-07  5.69374276e-07  4.45682695e-07  1.71455520e-06
    6.84533222e-07  9.51962797e-07]
  [ 3.00522082e+00  3.00886587e+00  3.00914209e+00  3.01165838e+00
    3.01461879e+00  3.01397721e+00  3.00028915e+00  3.02316881e+00
    3.01226267e+00  3.01559014e+00]
  [-1.04028042e+01 -1.04029094e+01 -1.04028016e+01 -1.04028210e+01
   -1.04028390e+01 -3.72429973e+00 -1.04029125e+01 -1.04028574e+01
   -5.08767030e+00 -1.04028642e+01]]

 [[ 6.21375698e-07  5.06847182e-07  1.49989110e-06  1.06319614e-06
    1.52664585e-07  3.95677227e-07  2.84078615e-07  1.46982939e-06
    5.07204741e-07  1.02757667e-06]
  [ 3.00608175e+00  3.00966873e+00  3.01221484e+00  3.02915479e+00
    3.02004455e+00  3.02875730e+00  3.03185901e+00  3.00009455e+00
    3.04006372e+00  3.02989810e+00]
  [-5.08767112e+00 -3.72429832e+00 -5.12882252e+00 -1.04028410e+01
   -1.04028120e+01 -1.04028893e+01 -1.04027313e+01 -1.04028337e+01
   -3.72430017e+00 -5.12882274e+00]]

 [[ 3.25157991e-07  1.42799274e-06  7.24850363e-07  2.31473971e-06
    9.91156684e-07  3.41577515e-07  9.47285070e-07  1.76599078e-06
    3.23920932e-07  2.64284428e-06]
  [ 3.01149023e+00  3.00598026e+00  3.00763689e+00  3.00027411e+00
    3.00076371e+00  3.00257226e+00  3.00960712e+00  3.04853187e+00
    3.00282643e+00  3.00770383e+00]
  [-5.08767060e+00 -3.72430004e+00 -1.04028277e+01 -3.72430032e+00
   -3.72429978e+00 -3.72429942e+00 -3.72429960e+00 -1.04028890e+01
   -1.04028583e+01 -3.72430025e+00]]

 [[ 3.50351370e-06  9.02703238e-06  1.60310936e-06  1.52786681e-06
    4.86450145e-06  1.15556872e-05  7.60698125e-07  6.20844042e-06
    1.96069600e-06  7.68153983e-06]
  [ 3.24573484e+00  3.11619370e+00  3.02543207e+00  3.02019464e+00
    3.06666322e+00  3.21877119e+00  3.04092423e+00  3.01043955e+00
    3.23583702e+00  3.29675662e+00]
  [-1.04028946e+01 -1.04029133e+01 -3.72429152e+00 -5.12881695e+00
   -1.04028711e+01 -5.12879819e+00 -1.04028060e+01 -3.72429140e+00
   -2.75193233e+00 -5.12881945e+00]]

 [[ 3.81155950e-06  2.17105432e-06  5.19709168e-06  2.59497616e-06
    3.57545615e-06  4.87282798e-06  3.65823543e-06  1.19985143e-05
    3.06129263e-06  7.92053074e-06]
  [ 3.01879981e+00  3.02231999e+00  3.09513353e+00  3.04091822e+00
    3.01407356e+00  3.00971001e+00  3.02154701e+00  3.23255373e+00
    3.05205577e+00  3.00924286e+00]
  [-2.75192996e+00 -3.72429854e+00 -1.04029090e+01 -3.72428376e+00
   -1.04028223e+01 -5.12880669e+00 -2.75192979e+00 -5.12879870e+00
   -2.76589533e+00 -3.72429838e+00]]

 [[ 2.71020338e-06  5.04098582e-06  6.87868816e-06  1.04342779e-05
    5.44948436e-06  1.04486074e-05  3.42849623e-06  2.95143447e-06
    7.86713480e-06  6.56560793e-06]
  [ 3.11283240e+00  3.21669165e+00  3.08020818e+00  3.02417364e+00
    3.02105733e+00  3.10560383e+00  3.04331984e+00  3.04318723e+00
    3.07235625e+00  3.08952719e+00]
  [-5.12882116e+00 -5.12882081e+00 -3.72429091e+00 -3.72429390e+00
   -3.72429756e+00 -1.04028739e+01 -2.75192993e+00 -5.12878490e+00
   -5.08766287e+00 -3.72429696e+00]]

 [[ 5.51440651e-08  2.32946758e-08  3.74247600e-08  4.63544092e-08
    3.89264172e-08  1.11844081e-08  4.00935053e-08  2.21617634e-08
    3.98233941e-08  4.09129101e-08]
  [ 3.00000041e+00  3.00000029e+00  3.00000019e+00  3.00000050e+00
    3.00000009e+00  3.00000045e+00  3.00000014e+00  3.00000074e+00
    3.00000039e+00  3.00000000e+00]
  [-5.12878299e+00 -3.72427696e+00 -1.83758862e+00 -3.72429461e+00
   -5.12879228e+00 -5.12879503e+00 -2.76589057e+00 -2.76588135e+00
   -2.75193084e+00 -3.72427441e+00]]

 [[ 1.77094743e-08  1.00704722e-08  2.67133586e-08  8.02552840e-09
    3.75035405e-08  5.15056223e-08  4.58758730e-08  6.42816665e-08
    2.76031538e-08  8.93288622e-09]
  [ 3.00000034e+00  3.00000003e+00  3.00000006e+00  3.00000008e+00
    3.00000014e+00  3.00000022e+00  3.00000006e+00  3.00000017e+00
    3.00000048e+00  3.00000006e+01]
  [-1.04027814e+01 -5.12878712e+00 -1.83758936e+00 -1.83759152e+00
   -1.04028960e+01 -1.83758970e+00 -2.75192838e+00 -2.76588403e+00
   -1.04028397e+01 -5.08765083e+00]]

 [[ 2.58937290e-08  1.56017267e-08  2.36503393e-08  1.98065929e-08
    1.76785772e-08  2.11171448e-08  2.59202485e-08  1.73089992e-08
    7.31198717e-09  3.55083189e-08]
  [ 3.00000010e+00  3.00000043e+00  3.00000004e+00  3.00000041e+00
    3.00000036e+00  3.00000017e+00  3.00000008e+01  3.00000095e+00
    3.00000070e+00  3.00000014e+00]
  [-5.08760674e+00 -1.04028187e+01 -2.75191942e+00 -1.04028325e+01
   -2.76588826e+00 -1.04028190e+01 -2.76588719e+00 -3.72428132e+00
   -3.72428208e+00 -5.12877050e+00]]

 [[ 2.55485797e-05  2.50735963e-05  1.67505051e-05  2.49602750e-05
    1.47886408e-05  1.82267318e-05  3.81227849e-05  2.67305709e-05
    2.81400231e-05  2.83358282e-05]
  [ 3.00001942e+00  3.00013415e+00  3.00044349e+00  3.00007941e+00
    3.00007212e+00  3.00000286e+00  3.00024930e+00  3.00020022e+00
    3.00004609e+00  3.00018373e+00]
  [-1.03847963e+01 -1.03852110e+01 -1.03430137e+01 -5.09555374e+00
   -1.03399820e+01 -5.07118733e+00 -2.74902310e+00 -5.11132777e+00
   -5.04832621e+00 -1.02815379e+01]]

 [[ 3.24970817e-05  1.74038198e-05  1.52323228e-05  1.15594938e-05
    7.79098147e-06  1.76374267e-05  1.39453141e-05  1.70290252e-05
    1.39933848e-05  3.35871644e-05]
  [ 3.00002587e+00  3.00038681e+00  3.00019227e+00  3.00023172e+00
    3.00004147e+00  3.00001435e+00  3.00003972e+00  3.00050188e+00
    3.00032750e+00  3.00006065e+00]
  [-2.76232179e+00 -5.12155372e+00 -1.03393153e+01 -2.76221144e+00
   -1.03880962e+01 -1.02949922e+01 -1.03276021e+01 -5.09151990e+00
   -5.06540838e+00 -1.03006382e+01]]

 [[ 1.25767523e-05  1.72444339e-05  1.18995387e-05  1.93113413e-05
    6.46090152e-06  2.14948719e-05  8.06976708e-06  4.64880768e-06
    1.97450943e-05  1.75068053e-05]
  [ 3.00002645e+00  3.00006360e+00  3.00016748e+00  3.00039428e+00
    3.00019437e+00  3.00030243e+00  3.00016817e+00  3.00017470e+00
    3.00000080e+00  3.00117353e+00]
  [-1.03782147e+01 -1.02674065e+01 -1.02666380e+01 -1.83283898e+00
   -5.10407401e+00 -5.07995356e+00 -1.02998442e+01 -1.03773414e+01
   -1.83553437e+00 -1.03014320e+01]]

 [[ 3.85312639e-05  1.47596497e-04  7.82229396e-05  5.64531470e-05
    8.94640370e-05  1.10802283e-04  1.06819360e-05  9.70182033e-05
    6.87978331e-05  1.29222258e-04]
  [ 3.00057359e+00  3.00116224e+00  3.00168611e+00  3.00106513e+00
    3.00171020e+00  3.00190796e+00  3.00196307e+00  3.00110430e+00
    3.00047432e+00  3.00020230e+00]
  [-9.99945778e+00 -9.60826627e+00 -1.00662708e+01 -1.02925984e+01
   -9.86138778e+00 -1.00101670e+01 -5.06473436e+00 -1.01256929e+01
   -9.84267026e+00 -9.53202625e+00]]

 [[ 4.84541352e-05  7.59204619e-05  1.80188480e-05  4.11118434e-05
    9.81245897e-05  1.70306966e-04  7.84737453e-05  6.58690038e-05
    3.65861211e-05  4.97523089e-05]
  [ 3.00253533e+00  3.00165165e+00  3.00143650e+00  3.00011113e+00
    3.00141320e+00  3.00016252e+00  3.00000486e+00  3.00172027e+00
    3.00047805e+00  3.00055523e+00]
  [-5.06543930e+00 -1.01212746e+01 -1.01427601e+01 -1.02085944e+01
   -9.88110460e+00 -4.94703011e+00 -1.01520899e+01 -9.94800004e+00
   -9.91704854e+00 -5.04256779e+00]]

 [[ 1.91841433e-05  2.83071045e-05  7.29008304e-05  5.65250644e-05
    2.41328750e-05  1.98087447e-05  3.28756011e-05  2.67431298e-04
    1.85621282e-05  8.87746045e-05]
  [ 3.00048348e+00  3.00140685e+00  3.00059451e+00  3.00176514e+00
    3.00065918e+00  3.00046255e+00  3.00146456e+00  3.00009957e+00
    3.00096246e+00  3.00198613e+00]
  [-9.99163549e+00 -9.94896796e+00 -9.61696963e+00 -9.95659136e+00
   -1.02404799e+01 -1.01890791e+01 -1.00658598e+01 -1.01639141e+01
   -9.71902471e+00 -9.70889916e+00]]

 [[ 1.99071113e-04  1.26250962e-04  1.93409874e-04  1.34895635e-04
    9.64425667e-05  1.17650159e-04  1.10671349e-04  3.41457370e-04
    9.64502756e-05  1.63885779e-04]
  [ 3.00170971e+00  3.00034726e+00  3.00016924e+00  3.00288186e+00
    3.00084787e+00  3.00371020e+00  3.00312683e+00  3.00189196e+00
    3.00065167e+00  3.00216753e+00]
  [-9.52962829e+00 -4.95175102e+00 -9.73983051e+00 -9.53758835e+00
   -9.47388099e+00 -1.02761225e+01 -9.58588707e+00 -9.61559059e+00
   -8.74665591e+00 -8.68353111e+00]]

 [[ 1.58723780e-04  1.07447359e-04  9.41762055e-05  1.93607738e-04
    1.41702814e-04  1.58378492e-04  2.29290199e-04  5.96154048e-05
    1.71177732e-04  5.65020114e-04]
  [ 3.00031365e+00  3.00214603e+00  3.00067241e+00  3.00105900e+00
    3.00682205e+00  3.00004693e+00  3.00004263e+00  3.00328429e+00
    3.00949843e+00  3.00138196e+00]
  [-4.72657044e+00 -4.99608455e+00 -9.51528751e+00 -4.82006480e+00
   -1.02805181e+01 -4.91677459e+00 -9.34281083e+00 -9.36151807e+00
   -9.69970316e+00 -9.81009235e+00]]

 [[ 1.30312400e-04  6.07464218e-05  1.20854892e-04  1.36083848e-04
    3.30703700e-04  8.76590385e-05  1.54400466e-04  1.03120537e-04
    7.39635486e-05  6.01645312e-05]
  [ 3.00067428e+00  3.00050551e+00  3.00418824e+00  3.00158642e+00
    3.00447584e+00  3.00036209e+00  3.00506516e+00  3.00562821e+00
    3.00165059e+00  3.00111757e+00]
  [-9.83654924e+00 -1.00560185e+01 -9.99748455e+00 -8.89277378e+00
   -4.82709542e+00 -9.77701295e+00 -9.93278815e+00 -9.41135955e+00
   -9.44219245e+00 -4.72915621e+00]]

 [[ 6.63065046e-04  7.03474949e-04  7.59732336e-04  1.60726038e-03
    1.11529821e-03  2.70370290e-03  2.52405513e-04  1.19214335e-03
    1.09024834e-03  8.86354150e-04]
  [ 3.00862084e+00  3.00325629e+00  3.00553222e+00  3.01365046e+00
    3.01757821e+00  3.00313462e+00  3.00580370e+00  3.00142217e+00
    3.01589724e+00  3.01060736e+00]
  [-5.54276721e+00 -7.46931506e+00 -5.39445839e+00 -8.05189243e+00
   -4.48625713e+00 -6.95206949e+00 -6.16593444e+00 -5.11154201e+00
   -9.72101418e+00 -6.50244899e+00]]

 [[ 7.52018937e-04  1.65749332e-03  5.09463246e-04  1.65512583e-03
    4.54014936e-04  6.59053463e-04  6.54501107e-04  8.13737217e-04
    6.09581095e-04  1.22386601e-03]
  [ 3.00146667e+00  3.00522500e+00  3.03422932e+00  3.03899297e+00
    3.00134386e+00  3.01443231e+00  3.01466579e+00  3.00248641e+00
    3.02692742e+00  3.00668719e+00]
  [-7.17210027e+00 -6.58799794e+00 -7.06192989e+00 -4.52044447e+00
   -3.66720589e+00 -5.35280994e+00 -8.25931508e+00 -5.56717026e+00
   -4.62042208e+00 -5.89096213e+00]]

 [[ 3.38827235e-04  2.67565924e-04  5.98730014e-04  2.30177148e-04
    4.23427350e-04  1.15750149e-03  8.93651775e-04  2.24365329e-04
    9.40359284e-04  8.61582741e-04]
  [ 3.02792773e+00  3.00730264e+00  3.00792890e+00  3.01459397e+00
    3.03135997e+00  3.02201755e+00  3.02008947e+00  3.00884419e+00
    3.00364868e+00  3.01427862e+00]
  [-7.44337685e+00 -8.07236410e+00 -7.29671053e+00 -5.58946027e+00
   -5.30218674e+00 -9.11328501e+00 -6.52587708e+00 -6.26694687e+00
   -6.37726489e+00 -7.83017378e+00]]

 [[ 1.61004319e-02  5.42834174e-03  7.67285311e-03  1.74438440e-02
    8.80436409e-03  2.18552987e-02  1.92497009e-02  7.05187326e-03
    6.37765613e-03  9.26767311e-03]
  [ 3.02048194e+00  3.06111546e+00  3.12066173e+00  3.05727077e+00
    3.08062498e+00  3.00900086e+00  3.13940464e+00  3.08606261e+00
    3.14591368e+00  3.09898366e+00]
  [-4.78883443e+00 -6.14193217e+00 -2.28031716e+00 -3.69830230e+00
   -2.50640058e+00 -4.39328560e+00 -3.83822962e+00 -4.37986637e+00
   -3.46650764e+00 -2.33108935e+00]]

 [[ 6.40904931e-03  1.10907282e-03  7.08353447e-03  5.58002244e-03
    6.29364587e-03  5.57710191e-03  1.03694712e-02  1.30717837e-03
    7.50044283e-03  5.27730375e-03]
  [ 3.03789270e+00  3.00722376e+00  3.06446966e+00  3.01423821e+00
    3.00293677e+00  3.06558349e+00  3.17349395e+00  3.07230679e+00
    3.15908554e+00  3.07141455e+00]
  [-6.64933763e+00 -4.09487119e+00 -3.04645462e+00 -3.04756808e+00
   -2.84957000e+00 -2.84929334e+00 -2.97643386e+00 -2.51366246e+00
   -3.15465815e+00 -4.47759082e+00]]

 [[ 6.47857907e-03  3.98282194e-03  4.60869299e-03  1.42892185e-03
    3.47286367e-03  3.07410482e-03  7.83259570e-03  4.43504380e-03
    7.63332204e-03  2.42011643e-03]
  [ 3.00632184e+00  3.19187164e+00  3.03709927e+00  3.06923317e+00
    3.00989988e+00  3.01053168e+00  3.03000444e+00  3.11374921e+00
    3.13238065e+00  3.05600142e+00]
  [-2.86686021e+00 -2.39246461e+00 -2.81305733e+00 -4.03113976e+00
   -2.77864251e+00 -2.33720108e+00 -3.78460917e+00 -2.60184581e+00
   -2.72324860e+00 -4.00978331e+00]]

 [[ 1.43068308e-07  5.92873779e-08  6.59064642e-08  7.28854256e-08
    6.79142454e-08  5.69377444e-08  4.85461690e-08  4.16359452e-08
    7.73616129e-08  6.70790274e-08]
  [ 3.00000067e+00  3.00000006e+00  3.00000046e+00  3.00000027e+00
    3.00000049e+00  3.00000037e+00  3.00000032e+00  3.00000001e+00
    3.00000001e+00  3.00000078e+00]
  [-5.12880583e+00 -5.12880705e+00 -3.72429131e+00 -1.83758945e+00
   -3.72427288e+00 -1.04027827e+01 -1.04027761e+01 -3.72428018e+00
   -3.72427535e+00 -2.76588875e+00]]

 [[ 2.10489932e-08  1.63019405e-08  6.37836720e-09  6.51484705e-08
    3.39086749e-08  1.70260542e-08  1.79334035e-08  2.79604852e-08
    1.14046719e-07  3.49153154e-08]
  [ 3.00000021e+00  3.00000090e+00  3.00000027e+00  3.00000041e+00
    3.00000001e+00  3.00000012e+00  3.00000015e+00  3.00000018e+00
    3.00000013e+00  3.00000024e+00]
  [-3.72428153e+00 -5.08761367e+00 -1.04027253e+01 -3.72428328e+00
   -1.04027424e+01 -1.83758893e+00 -5.12875009e+00 -3.72428757e+00
   -3.72427145e+00 -3.72429271e+00]]

 [[ 2.72386343e-08  4.95493912e-09  2.24645066e-08  2.29589788e-08
    3.61489425e-08  7.86007426e-09  1.99773200e-08  1.10538694e-08
    2.98511250e-08  1.89279831e-08]
  [ 3.00000019e+00  3.00000035e+00  3.00000021e+00  3.00000032e+00
    3.00000026e+00  3.00000033e+00  3.00000008e+00  3.00000016e+00
    3.00000051e+00  3.00000046e+00]
  [-1.83758985e+00 -2.76589450e+00 -3.72429380e+00 -3.72429746e+00
   -1.04028564e+01 -1.04029012e+01 -3.72428415e+00 -3.72427311e+00
   -1.04028674e+01 -1.04028572e+01]]

 [[ 2.40001047e-05  8.41931916e-05  6.33113414e-05  2.50718936e-05
    6.34422279e-05  4.97461953e-05  4.05429681e-05  3.45227474e-05
    1.69020166e-05  1.14800303e-05]
  [ 3.00003161e+00  3.00005648e+00  3.00004726e+00  3.00021911e+00
    3.00035546e+00  3.00015863e+00  3.00004844e+00  3.00019642e+00
    3.00012250e+00  3.00028969e+00]
  [-1.03738053e+01 -1.02286675e+01 -2.74652880e+00 -1.03443095e+01
   -5.11255138e+00 -1.03225099e+01 -2.75545373e+00 -1.02863134e+01
   -1.03276602e+01 -2.76241508e+00]]

 [[ 1.10511562e-05  6.64782124e-06  2.02190551e-05  1.67047192e-05
    1.64453485e-05  2.46034609e-05  1.22487038e-05  9.35806107e-06
    1.69474860e-05  2.71731858e-05]
  [ 3.00022578e+00  3.00050862e+00  3.00002716e+00  3.00009261e+00
    3.00010471e+00  3.00029782e+00  3.00054803e+00  3.00038154e+00
    3.00007534e+00  3.00029014e+00]
  [-1.83623146e+00 -1.02876131e+01 -1.03427148e+01 -5.05342535e+00
   -1.03116126e+01 -5.10852667e+00 -1.02751592e+01 -1.03416363e+01
   -2.74696159e+00 -2.74762066e+00]]

 [[ 5.35752871e-06  3.61108624e-06  1.61216435e-05  2.45580114e-05
    2.80497228e-05  7.01586639e-06  2.44176165e-05  1.72571232e-05
    2.21298765e-05  1.77173209e-05]
  [ 3.00005847e+00  3.00025580e+00  3.00016435e+00  3.00004457e+00
    3.00003833e+00  3.00001526e+00  3.00005224e+00  3.00028840e+00
    3.00003361e+00  3.00022844e+00]
  [-1.03296844e+01 -2.76079808e+00 -1.02562609e+01 -5.12026221e+00
   -1.03829986e+01 -1.03066424e+01 -1.03141978e+01 -1.03807190e+01
   -2.74744672e+00 -1.03034467e+01]]

 [[ 3.03381005e-04  1.99484451e-04  2.77514447e-04  2.50672052e-04
    1.06051470e-04  8.01565100e-05  6.52593364e-05  1.90982625e-04
    1.79107925e-04  2.74337369e-04]
  [ 3.00053418e+00  3.00056098e+00  3.00008092e+00  3.00025774e+00
    3.00110023e+00  3.00242235e+00  3.00016546e+00  3.00374726e+00
    3.00032615e+00  3.00108941e+00]
  [-9.97570208e+00 -1.01543730e+01 -9.80593989e+00 -9.97236560e+00
   -9.82585034e+00 -1.02678441e+01 -9.93690392e+00 -5.05887174e+00
   -1.01831753e+01 -9.79039893e+00]]

 [[ 1.21871331e-04  8.55151235e-05  2.32281061e-04  1.28392645e-04
    3.84823541e-05  1.08436609e-04  5.06860002e-05  6.79080996e-05
    1.29639088e-04  1.86613821e-04]
  [ 3.00071645e+00  3.00031508e+00  3.00046091e+00  3.00272547e+00
    3.00189148e+00  3.00001143e+00  3.00106745e+00  3.00312212e+00
    3.00140220e+00  3.00149694e+00]
  [-9.86918679e+00 -1.00755561e+01 -9.76684464e+00 -9.78770499e+00
   -9.99491176e+00 -9.92069781e+00 -9.90415068e+00 -1.01636618e+01
   -1.00069098e+01 -1.01574875e+01]]

 [[ 7.29881100e-05  1.39947013e-04  2.24170464e-05  2.33438521e-04
    3.21588977e-05  7.29258975e-05  5.81236919e-05  4.19490582e-05
    7.14443586e-05  8.57272579e-05]
  [ 3.00041437e+00  3.00079052e+00  3.00065663e+00  3.00011556e+00
    3.00028852e+00  3.00039834e+00  3.00095983e+00  3.00017651e+00
    3.00256104e+00  3.00155878e+00]
  [-9.69800694e+00 -4.97983166e+00 -1.01164627e+01 -9.92356696e+00
   -1.01921201e+01 -5.11884687e+00 -9.74446881e+00 -5.02650700e+00
   -9.95685199e+00 -1.01972172e+01]]

 [[ 4.75264229e-04  2.83916675e-04  4.34003595e-04  2.59060046e-04
    5.43643138e-04  3.19360902e-04  5.97124910e-04  8.10997367e-04
    1.94256594e-04  2.18905575e-04]
  [ 3.00192983e+00  3.00101113e+00  3.00550369e+00  3.01175751e+00
    3.00243801e+00  3.00976733e+00  3.00426833e+00  3.01207673e+00
    3.00014011e+00  3.00391443e+00]
  [-9.46321579e+00 -9.51687567e+00 -9.46336795e+00 -1.00426899e+01
   -9.14500971e+00 -9.22334569e+00 -9.37849464e+00 -4.59536440e+00
   -8.19561670e+00 -1.01691073e+01]]

 [[ 2.57710178e-04  1.79669754e-04  2.82615780e-04  4.18119741e-04
    1.73702940e-04  1.99027090e-04  5.01581454e-04  2.62709921e-04
    1.26765681e-04  2.62288270e-04]
  [ 3.00384260e+00  3.00034323e+00  3.00036298e+00  3.00039710e+00
    3.00321561e+00  3.00200670e+00  3.00290093e+00  3.00375144e+00
    3.00318026e+00  3.00074732e+00]
  [-9.76587180e+00 -4.92898569e+00 -9.30353616e+00 -9.98458534e+00
   -9.29201650e+00 -8.97490753e+00 -1.01437222e+01 -1.01586439e+01
   -1.00003258e+01 -4.89175765e+00]]

 [[ 1.41962875e-04  3.24286319e-04  3.34512185e-04  3.93221057e-04
    2.39770813e-04  4.96931410e-05  3.06551863e-04  1.02715466e-04
    2.25677599e-04  4.30074761e-04]
  [ 3.00024814e+00  3.00262146e+00  3.00567685e+00  3.00231175e+00
    3.00071042e+00  3.00219197e+00  3.00098830e+00  3.00607068e+00
    3.00087237e+00  3.00114040e+00]
  [-4.54991313e+00 -9.17959527e+00 -4.94359265e+00 -9.97888202e+00
   -1.01487630e+01 -8.48740399e+00 -9.89422007e+00 -8.83808660e+00
   -9.88242538e+00 -9.51260712e+00]]

 [[ 3.05054592e-03  3.03241622e-03  2.60332477e-03  7.18139523e-04
    6.68734619e-04  1.64082510e-03  1.21837231e-03  1.85685487e-03
    4.60846237e-03  8.97169660e-04]
  [ 3.01251282e+00  3.00700629e+00  3.00432635e+00  3.00747051e+00
    3.01003788e+00  3.00254331e+00  3.01039716e+00  3.00096277e+00
    3.02043536e+00  3.00033279e+00]
  [-9.28467877e+00 -7.84346973e+00 -9.25759597e+00 -4.23877750e+00
   -6.14221426e+00 -5.10979755e+00 -6.72733578e+00 -9.34904614e+00
   -4.75303193e+00 -7.77311793e+00]]

 [[ 1.91813734e-03  5.56530212e-04  4.49838006e-04  1.28200966e-03
    3.10844518e-03  1.49675923e-03  1.49287217e-03  8.29160647e-04
    1.78593481e-03  2.51603395e-03]
  [ 3.00099126e+00  3.01424768e+00  3.00023133e+00  3.00190879e+00
    3.00651688e+00  3.00531134e+00  3.02579794e+00  3.00187570e+00
    3.01421483e+00  3.01964225e+00]
  [-7.03495530e+00 -7.94081417e+00 -6.87140498e+00 -5.92658417e+00
   -5.57370552e+00 -9.63650647e+00 -5.82895653e+00 -5.50119918e+00
   -3.91241538e+00 -6.06788037e+00]]

 [[ 1.92020930e-03  7.30428949e-04  5.11105908e-04  4.12686756e-04
    7.29931085e-04  7.69420318e-04  6.40226713e-04  7.23185230e-04
    3.48207181e-04  6.33718331e-04]
  [ 3.00708498e+00  3.01364941e+00  3.00068624e+00  3.00618709e+00
    3.00596635e+00  3.01195145e+00  3.01149366e+00  3.00210963e+00
    3.01541599e+00  3.02400568e+00]
  [-6.66796575e+00 -7.83752680e+00 -9.08248331e+00 -4.77489633e+00
   -4.60726096e+00 -5.90837706e+00 -7.84506515e+00 -7.81602742e+00
   -6.97084515e+00 -9.67345179e+00]]

 [[ 5.54402784e-03  9.27903534e-03  7.30530733e-03  2.13282731e-02
    8.75677180e-03  4.71714139e-03  7.65980173e-03  1.25258054e-02
    1.81939942e-02  1.96030960e-02]
  [ 3.10648806e+00  3.09284976e+00  3.00746036e+00  3.05464780e+00
    3.02772644e+00  3.01875727e+00  3.01859759e+00  3.04361196e+00
    3.20413463e+00  3.08883103e+00]
  [-6.08694635e+00 -4.94844812e+00 -3.68131186e+00 -2.11692319e+00
   -2.44708384e+00 -3.99972040e+00 -6.17223906e+00 -2.22237353e+00
   -6.77487601e+00 -4.65860340e+00]]

 [[ 1.04248477e-02  1.54006475e-02  5.25357302e-03  1.54210776e-02
    9.68631619e-03  7.80602644e-03  1.16168368e-02  5.55570289e-03
    1.23493111e-02  3.34958090e-03]
  [ 3.02834100e+00  3.01053730e+00  3.22167791e+00  3.00694455e+00
    3.06418440e+00  3.02404396e+00  3.09154196e+00  3.00022336e+00
    3.07057242e+00  3.03312678e+00]
  [-4.27514873e+00 -2.45880814e+00 -2.11677694e+00 -4.15748496e+00
   -4.97121273e+00 -3.06840354e+00 -2.85670223e+00 -3.01081246e+00
   -2.78941035e+00 -3.54381575e+00]]

 [[ 1.25790448e-02  1.63100253e-02  2.36102483e-03  4.94892326e-03
    1.84357164e-03  3.76110649e-03  1.36878616e-02  3.59770423e-03
    1.29548814e-02  4.61255355e-03]
  [ 3.03359548e+00  3.07138528e+00  3.06078984e+00  3.05278007e+00
    3.02084835e+00  3.05363026e+00  3.20506186e+00  3.01631868e+00
    3.08595759e+00  3.01162734e+00]
  [-4.03299761e+00 -2.24787345e+00 -2.75260459e+00 -5.49575581e+00
   -2.10991346e+00 -3.09718291e+00 -2.26188535e+00 -4.56320694e+00
   -3.98059786e+00 -2.86343866e+00]]

 [[ 1.97925815e-04  1.24382567e-04  2.62627268e-04  1.84321376e-04
    2.65832775e-04  2.26965900e-04  2.22165731e-04  2.45314322e-04
    2.11931850e-04  1.40861687e-04]
  [ 3.00000071e+00  3.00000011e+00  3.00000058e+00  3.00000001e+00
    3.00000012e+01  3.00000022e+00  3.00000006e+00  3.00000027e+00
    3.00000020e+00  3.00000002e+00]
  [-5.12880401e+00 -3.72427364e+00 -2.75192345e+00 -2.76588223e+00
   -1.04026801e+01 -5.12876916e+00 -5.12878949e+00 -5.12880349e+00
   -3.72428518e+00 -1.04028332e+01]]

 [[ 1.73267259e-04  2.75994943e-04  2.38612989e-04  1.86096185e-04
    2.23764662e-04  1.57048507e-04  2.01405549e-04  1.31149945e-04
    1.55891700e-04  1.88543801e-04]
  [ 3.00000034e+00  3.00000044e+00  3.00000008e+00  3.00000066e+00
    3.00000006e+00  3.00000027e+00  3.00000002e+00  3.00000016e+00
    3.00000067e+00  3.00000006e+01]
  [-1.04028650e+01 -1.04027898e+01 -2.75192972e+00 -1.04028138e+01
   -2.76589259e+00 -2.75192669e+00 -2.76589098e+00 -3.72426895e+00
   -2.76588854e+00 -3.72429669e+00]]

 [[ 1.23526752e-04  2.29581318e-04  2.13849839e-04  2.13924684e-04
    2.84322421e-04  1.56082888e-04  1.90541073e-04  1.97372358e-04
    1.90344966e-04  1.50749942e-04]
  [ 3.00000041e+01  3.00000059e+00  3.00000061e+00  3.00000023e+00
    3.00000046e+00  3.00000050e+00  3.00000010e+01  3.00000007e+00
    3.00000060e+00  3.00000003e+01]
  [-1.04028340e+01 -1.04027934e+01 -3.72429628e+00 -1.04028085e+01
   -2.76588594e+00 -1.04027656e+01 -2.76588889e+00 -2.75193350e+00
   -2.75192481e+00 -5.08762899e+00]]

 [[ 1.25663207e-01  1.12428909e-01  1.07616375e-01  9.79714282e-02
    1.17220518e-01  1.58732610e-01  1.43348220e-01  1.51776621e-01
    9.76845894e-02  1.13839149e-01]
  [ 3.00006139e+00  3.00011470e+00  3.00030274e+00  3.00004046e+00
    3.00015710e+00  3.00009466e+00  3.00002557e+00  3.00009280e+00
    3.00013443e+00  3.00048950e+00]
  [-5.10047471e+00 -2.76098277e+00 -1.03363526e+01 -1.03133627e+01
   -1.03734489e+01 -5.10249022e+00 -2.74220978e+00 -1.03254343e+01
   -2.75967464e+00 -2.76355917e+00]]

 [[ 1.49955493e-01  6.24346598e-02  1.09130060e-01  1.04805739e-01
    6.71637480e-02  1.28571330e-01  1.29713224e-01  1.16750730e-01
    1.74050221e-01  1.37196307e-01]
  [ 3.00000686e+00  3.00015255e+00  3.00004873e+00  3.00013021e+00
    3.00030058e+00  3.00019447e+00  3.00022991e+00  3.00010034e+00
    3.00031782e+00  3.00001755e+00]
  [-2.76226961e+00 -1.03594975e+01 -2.75617320e+00 -5.06633459e+00
   -1.03065869e+01 -2.74860410e+00 -2.76104605e+00 -1.02674095e+01
   -1.03764609e+01 -5.12280277e+00]]

 [[ 6.73823849e-02  1.16707268e-01  1.45509338e-01  1.05011872e-01
    1.26484497e-01  1.59141117e-01  8.10977922e-02  1.23038754e-01
    6.80016896e-02  1.08550169e-01]
  [ 3.00053517e+00  3.00004013e+00  3.00003214e+00  3.00010348e+00
    3.00015402e+00  3.00014238e+00  3.00003527e+00  3.00039858e+00
    3.00010434e+00  3.00011766e+00]
  [-2.76339926e+00 -5.12574760e+00 -1.02846815e+01 -1.02949590e+01
   -1.03671112e+01 -5.11410795e+00 -5.12174320e+00 -1.03459933e+01
   -5.11295095e+00 -5.08493403e+00]]

 [[ 6.10456113e-01  4.92511788e-01  7.28178195e-01  4.73353510e-01
    5.73642721e-01  5.40574488e-01  6.82161497e-01  4.54241863e-01
    7.60377362e-01  4.59048695e-01]
  [ 3.00031857e+00  3.00045333e+00  3.00107152e+00  3.00115349e+00
    3.00106408e+00  3.00332803e+00  3.00315360e+00  3.00060323e+00
    3.00061355e+00  3.00079307e+00]
  [-1.00523760e+01 -9.84479898e+00 -9.66537976e+00 -1.02309415e+01
   -1.00893730e+01 -1.00932762e+01 -1.00749482e+01 -9.96566307e+00
   -1.02706088e+01 -1.00020761e+01]]

 [[ 6.68184314e-01  5.83323321e-01  4.51071336e-01  6.44427923e-01
    6.11922071e-01  5.95218586e-01  5.14841000e-01  6.38167410e-01
    5.96538702e-01  6.62859360e-01]
  [ 3.00170630e+00  3.00104157e+00  3.00012462e+00  3.00332973e+00
    3.00098098e+00  3.00021146e+00  3.00009450e+00  3.00079128e+00
    3.00141524e+00  3.00130014e+00]
  [-5.03564888e+00 -9.92040652e+00 -1.02185420e+01 -9.70651525e+00
   -1.02558106e+01 -1.01559786e+01 -1.02183648e+01 -1.02032618e+01
   -1.03508302e+01 -9.58961731e+00]]

 [[ 5.69237309e-01  6.40620265e-01  2.97968220e-01  6.43153080e-01
    6.63289988e-01  4.77413158e-01  6.13390891e-01  7.37284100e-01
    5.55065194e-01  6.64960784e-01]
  [ 3.00013115e+00  3.00034672e+00  3.00019530e+00  3.00130342e+00
    3.00182481e+00  3.00042187e+00  3.00004519e+00  3.00028021e+00
    3.00083614e+00  3.00033005e+00]
  [-4.87764360e+00 -9.76625377e+00 -1.02329999e+01 -1.01134807e+01
   -9.92612822e+00 -1.00897229e+01 -9.97177514e+00 -9.74780339e+00
   -9.75519889e+00 -9.62290383e+00]]

 [[ 1.21382593e+00  1.33175196e+00  1.73711937e+00  1.39664457e+00
    1.14784452e+00  1.78975659e+00  1.71438144e+00  1.92568574e+00
    1.13547595e+00  1.72973296e+00]
  [ 3.00823590e+00  3.00968887e+00  3.00009768e+00  3.00036710e+00
    3.00940063e+00  3.00634796e+00  3.00082580e+00  3.00157418e+00
    3.00028426e+00  3.00059786e+00]
  [-9.62166332e+00 -9.00663067e+00 -1.00606383e+01 -9.15014776e+00
   -9.59097037e+00 -9.80290086e+00 -9.84800975e+00 -5.03037858e+00
   -4.93027074e+00 -9.12851842e+00]]

 [[ 1.09304172e+00  1.52489314e+00  2.05244718e+00  1.80768020e+00
    1.68778092e+00  2.00193881e+00  2.17030620e+00  9.27774618e-01
    1.90124179e+00  1.85556323e+00]
  [ 3.00006235e+00  3.00213564e+00  3.00503846e+00  3.00036850e+00
    3.00247844e+00  3.00007914e+00  3.00723912e+00  3.00557302e+00
    3.00422152e+00  3.00819921e+00]
  [-4.64770168e+00 -9.21524767e+00 -9.38016645e+00 -9.89280579e+00
   -5.04616445e+00 -9.90350128e+00 -9.06702623e+00 -1.00622708e+01
   -9.71607025e+00 -1.02701683e+01]]

 [[ 1.39954461e+00  6.87730905e-01  1.48650292e+00  1.45886793e+00
    1.55430897e+00  1.39314603e+00  1.75724077e+00  1.48849318e+00
    1.40710251e+00  1.33612934e+00]
  [ 3.00058576e+00  3.00208472e+00  3.00495648e+00  3.00254428e+00
    3.00014605e+00  3.00274498e+00  3.00133619e+00  3.00790910e+00
    3.00201184e+00  3.00105996e+00]
  [-9.53645518e+00 -9.60011342e+00 -9.91146843e+00 -8.76587848e+00
   -9.95616097e+00 -9.98339690e+00 -9.38322223e+00 -1.00103339e+01
   -4.72028580e+00 -9.17314760e+00]]

 [[ 7.72104677e+00  6.52823577e+00  9.21958670e+00  4.76267632e+00
    3.99331128e+00  7.72022669e+00  1.05131318e+01  4.22168462e+00
    5.87898377e+00  9.54989545e+00]
  [ 3.01215307e+00  3.00158107e+00  3.01321082e+00  3.00002267e+00
    3.00754011e+00  3.00461628e+00  3.00516481e+00  3.00560981e+00
    3.00068721e+00  3.00782427e+00]
  [-8.27038521e+00 -6.66752385e+00 -9.66913464e+00 -7.20812530e+00
   -5.10802104e+00 -5.47107987e+00 -6.13286384e+00 -5.50144037e+00
   -6.05373332e+00 -9.19526842e+00]]

 [[ 8.53423647e+00  7.68763040e+00  8.70850276e+00  9.38658326e+00
    8.95726690e+00  9.76124253e+00  1.90828203e+00  7.81637009e+00
    8.93105819e+00  8.84233364e+00]
  [ 3.03379595e+00  3.00495242e+00  3.05538963e+00  3.01935131e+00
    3.00322763e+00  3.00871496e+00  3.05580664e+00  3.02056521e+00
    3.00137912e+00  3.01222790e+00]
  [-4.63533454e+00 -7.61988749e+00 -4.75577351e+00 -7.57930392e+00
   -8.25474689e+00 -6.11587578e+00 -4.70928984e+00 -5.79574537e+00
   -6.94210858e+00 -5.28103287e+00]]

 [[ 9.50692851e+00  6.61390732e+00  7.05670476e+00  4.65203075e+00
    6.03082643e+00  6.29799960e+00  5.73555612e+00  9.35616747e+00
    9.41182536e+00  5.35435432e+00]
  [ 3.00844262e+00  3.00399875e+00  3.02022027e+00  3.00833596e+00
    3.01256213e+00  3.01476261e+00  3.01858857e+00  3.00088307e+00
    3.01156656e+00  3.02257193e+00]
  [-7.80113574e+00 -6.10057751e+00 -4.89671592e+00 -7.23786137e+00
   -6.98450670e+00 -7.45757902e+00 -7.50905029e+00 -7.13896324e+00
   -9.94052796e+00 -5.87921442e+00]]

 [[ 3.70126299e+01  4.96460120e+01  3.49618877e+01  4.39029988e+01
    3.07788101e+01  5.72089327e+01  4.07771517e+01  3.55633026e+01
    5.15634598e+01  3.23684765e+01]
  [ 3.00736222e+00  3.28070294e+00  3.09041617e+00  3.07482389e+00
    3.01540631e+00  3.00868683e+00  3.00831479e+00  3.04832144e+00
    3.07150518e+00  3.08658528e+00]
  [-4.42564556e+00 -2.25974387e+00 -2.83914164e+00 -3.38712046e+00
   -3.52237054e+00 -2.50869173e+00 -2.48548141e+00 -3.35196812e+00
   -3.12544987e+00 -2.56370166e+00]]

 [[ 3.57241213e+01  2.53028965e+01  3.57436894e+01  4.19340677e+01
    4.64757097e+01  5.01685064e+01  6.50375415e+01  5.55489981e+01
    4.55637103e+01  4.60634979e+01]
  [ 3.15373404e+00  3.15007901e+00  3.09675494e+00  3.02094659e+00
    3.02916932e+00  3.02647929e+00  3.01154376e+00  3.05106716e+00
    3.02648714e+00  3.18598701e+00]
  [-2.02259160e+00 -2.91168634e+00 -3.43711127e+00 -5.48434987e+00
   -3.35309658e+00 -3.33576086e+00 -2.61600487e+00 -3.91025057e+00
   -4.07317351e+00 -1.61459212e+00]]

 [[ 4.51166616e+01  5.56667099e+01  4.63452882e+01  5.58815808e+01
    5.51398087e+01  3.21341292e+01  3.56202853e+01  2.74063628e+01
    3.90474658e+01  6.81801210e+01]
  [ 3.04284116e+00  3.00687081e+00  3.00626360e+00  3.07683608e+00
    3.16905945e+00  3.06438013e+00  3.04857822e+00  3.03953592e+00
    3.06299948e+00  3.17313505e+00]
  [-2.92726042e+00 -2.90807810e+00 -2.09736805e+00 -5.40967455e+00
   -3.69599678e+00 -3.35352651e+00 -4.13265037e+00 -7.34138591e+00
   -3.76469716e+00 -3.19158517e+00]]

 [[ 2.28072336e-04  1.39708996e-04  1.82583353e-04  1.42951507e-04
    2.59961756e-04  2.38412863e-04  2.14556602e-04  1.93722746e-04
    1.93046521e-04  2.42496042e-04]
  [ 3.00000065e+00  3.00000016e+00  3.00000003e+00  3.00000004e+00
    3.00000018e+00  3.00000048e+00  3.00000007e+00  3.00000047e+00
    3.00000066e+00  3.00000040e+00]
  [-1.04028660e+01 -2.75192734e+00 -2.76589485e+00 -1.83759002e+00
   -5.08764740e+00 -1.04028020e+01 -3.72429156e+00 -5.08762037e+00
   -3.72428848e+00 -1.04028666e+01]]

 [[ 1.51248459e-04  1.73601922e-04  2.03375303e-04  2.09604232e-04
    1.41907923e-04  1.64362042e-04  1.89969508e-04  2.08308043e-04
    1.82167199e-04  1.84052354e-04]
  [ 3.00000085e+00  3.00000033e+00  3.00000030e+00  3.00000004e+00
    3.00000065e+00  3.00000000e+00  3.00000048e+00  3.00000047e+00
    3.00000004e+00  3.00000030e+00]
  [-2.75191697e+00 -2.75192556e+00 -2.75192516e+00 -1.04028082e+01
   -2.75192627e+00 -2.76589176e+00 -1.04027962e+01 -2.75192438e+00
   -5.12881362e+00 -3.72428909e+00]]

 [[ 2.16039693e-04  1.61460762e-04  1.86994659e-04  1.20373572e-04
    2.12260495e-04  1.84294208e-04  2.50031006e-04  1.86391168e-04
    2.50612241e-04  1.88511805e-04]
  [ 3.00000007e+00  3.00000057e+00  3.00000013e+00  3.00000052e+00
    3.00000045e+00  3.00000018e+00  3.00000090e+00  3.00000026e+00
    3.00000062e+00  3.00000003e+00]
  [-1.04028244e+01 -3.72428819e+00 -5.12880244e+00 -1.04028070e+01
   -3.72428510e+00 -5.12878417e+00 -1.04027849e+01 -5.12880598e+00
   -5.08765261e+00 -1.83758772e+00]]

 [[ 1.24412668e-01  9.21530185e-02  1.32610907e-01  1.16907703e-01
    1.32481978e-01  1.12808801e-01  1.18917251e-01  1.38024313e-01
    1.32401126e-01  1.26906412e-01]
  [ 3.00023340e+00  3.00022349e+00  3.00024123e+00  3.00014399e+00
    3.00001678e+00  3.00000643e+00  3.00000542e+00  3.00005261e+00
    3.00031488e+00  3.00001079e+00]
  [-1.03626079e+01 -5.10239648e+00 -5.01998344e+00 -2.75962299e+00
   -2.76210637e+00 -2.75814655e+00 -1.03187269e+01 -1.03029306e+01
   -1.03954598e+01 -1.03970268e+01]]

 [[ 1.09110517e-01  1.24814994e-01  1.18348700e-01  1.54252896e-01
    1.24121802e-01  1.15564060e-01  1.29721217e-01  9.37476941e-02
    9.54835405e-02  5.56706373e-02]
  [ 3.00016866e+00  3.00003416e+00  3.00004298e+00  3.00060841e+00
    3.00010130e+00  3.00053355e+00  3.00005929e+00  3.00018811e+00
    3.00006704e+00  3.00005497e+00]
  [-2.75071293e+00 -1.03388008e+01 -1.02699099e+01 -1.03601138e+01
   -5.07567963e+00 -5.10771053e+00 -2.75965430e+00 -1.03753386e+01
   -1.02994710e+01 -1.83528693e+00]]

 [[ 9.97698406e-02  1.17502695e-01  5.71124538e-02  1.19537613e-01
    1.25575029e-01  1.59248159e-01  1.41924231e-01  8.99054800e-02
    8.29985248e-02  1.20391371e-01]
  [ 3.00040749e+00  3.00011257e+00  3.00000221e+00  3.00012600e+00
    3.00001252e+00  3.00005876e+00  3.00018567e+00  3.00001240e+00
    3.00009962e+00  3.00006136e+00]
  [-1.02339342e+01 -1.02444482e+01 -1.03261093e+01 -1.83324855e+00
   -5.11666443e+00 -1.02925334e+01 -1.02946932e+01 -5.10266475e+00
   -1.02634745e+01 -1.02740341e+01]]

 [[ 4.47264627e-01  5.33759808e-01  5.53372904e-01  6.46050111e-01
    4.92150303e-01  5.04365875e-01  5.63161265e-01  6.42127018e-01
    3.82178102e-01  5.34098801e-01]
  [ 3.00120744e+00  3.00160354e+00  3.00423288e+00  3.00059929e+00
    3.00062029e+00  3.00003583e+00  3.00089161e+00  3.00527423e+00
    3.00014488e+00  3.00269140e+00]
  [-4.96337333e+00 -9.81269724e+00 -1.00756873e+01 -9.78819452e+00
   -9.69654717e+00 -4.99574075e+00 -9.97628978e+00 -9.88457892e+00
   -9.87224406e+00 -9.76226898e+00]]

 [[ 4.97800482e-01  4.55996982e-01  4.54811614e-01  7.43986089e-01
    4.19087533e-01  5.19154904e-01  6.22510171e-01  4.86161446e-01
    4.83958740e-01  5.25599724e-01]
  [ 3.00036668e+00  3.00251052e+00  3.00074254e+00  3.00234323e+00
    3.00004647e+00  3.00129327e+00  3.00016402e+00  3.00046179e+00
    3.00175167e+00  3.00097361e+00]
  [-9.97134124e+00 -5.08634500e+00 -1.02327031e+01 -9.79691574e+00
   -5.00511779e+00 -9.99044342e+00 -9.88651176e+00 -5.02309900e+00
   -1.02447912e+01 -9.94733260e+00]]

 [[ 7.26973243e-01  4.63540098e-01  5.97679674e-01  5.73401867e-01
    7.49464291e-01  6.18978099e-01  5.78930992e-01  6.33741874e-01
    3.51837263e-01  6.51808030e-01]
  [ 3.00042991e+00  3.00005725e+00  3.00091787e+00  3.00171902e+00
    3.00684155e+00  3.00232452e+00  3.00023116e+00  3.00123178e+00
    3.00047888e+00  3.00060251e+00]
  [-5.10489874e+00 -1.01422532e+01 -1.00218041e+01 -1.00307052e+01
   -4.99736703e+00 -5.04781068e+00 -1.02170962e+01 -1.01299496e+01
   -1.00257036e+01 -5.01389452e+00]]

 [[ 1.56250593e+00  1.39574804e+00  1.88862326e+00  2.08675441e+00
    1.42895340e+00  1.62421507e+00  1.43026532e+00  1.36621387e+00
    1.53463464e+00  2.00262298e+00]
  [ 3.00419751e+00  3.00367968e+00  3.00049225e+00  3.00064772e+00
    3.00012308e+00  3.00075969e+00  3.00367088e+00  3.00046898e+00
    3.00144328e+00  3.00604628e+00]
  [-1.02231313e+01 -8.54545904e+00 -8.82446299e+00 -8.63995963e+00
   -4.54668025e+00 -9.03996827e+00 -9.39427658e+00 -9.64452273e+00
   -9.33354245e+00 -9.16880955e+00]]

 [[ 1.25033531e+00  1.45730335e+00  9.10248018e-01  1.94416504e+00
    1.51521759e+00  1.89018799e+00  1.15835945e+00  1.22085931e+00
    1.59936107e+00  1.77401532e+00]
  [ 3.00770119e+00  3.00165789e+00  3.00038273e+00  3.00056842e+00
    3.00274175e+00  3.00036989e+00  3.00201224e+00  3.00058435e+00
    3.00659330e+00  3.00047804e+00]
  [-4.90505112e+00 -9.78121603e+00 -4.99367299e+00 -4.78261592e+00
   -1.00155878e+01 -1.03370766e+01 -8.91135651e+00 -9.44144068e+00
   -4.70312295e+00 -9.31071500e+00]]

 [[ 1.14787334e+00  1.19635254e+00  1.36081479e+00  1.77568130e+00
    7.91663942e-01  7.88853657e-01  1.73561990e+00  1.46150244e+00
    1.32230744e+00  1.16543721e+00]
  [ 3.00555705e+00  3.00187540e+00  3.00100222e+00  3.00078645e+00
    3.00190369e+00  3.00386806e+00  3.00068743e+00  3.00082929e+00
    3.00060225e+00  3.00392817e+00]
  [-8.75458816e+00 -9.93651896e+00 -9.55564352e+00 -1.01323789e+01
   -9.79592863e+00 -4.82026346e+00 -8.65682144e+00 -1.00265675e+01
   -9.31234949e+00 -8.85199294e+00]]

 [[ 5.87315584e+00  8.09823602e+00  6.53697384e+00  4.29526102e+00
    7.45817295e+00  5.66209179e+00  1.00079511e+01  7.45626381e+00
    7.96553288e+00  8.57002119e+00]
  [ 3.00697958e+00  3.02866569e+00  3.00407730e+00  3.00119246e+00
    3.02851101e+00  3.01271891e+00  3.00179133e+00  3.05279786e+00
    3.02017879e+00  3.01926838e+00]
  [-7.44337002e+00 -6.86342567e+00 -5.63051231e+00 -6.72843542e+00
   -6.06659808e+00 -7.79285036e+00 -6.21073491e+00 -8.03099643e+00
   -7.24831964e+00 -9.16906083e+00]]

 [[ 5.47605577e+00  5.80966457e+00  6.85384380e+00  7.42327891e+00
    6.09919596e+00  8.91883229e+00  5.82135044e+00  8.20994361e+00
    6.65470714e+00  5.79611853e+00]
  [ 3.00729182e+00  3.00606744e+00  3.02458779e+00  3.00099415e+00
    3.00938816e+00  3.00580133e+00  3.00666886e+00  3.01046971e+00
    3.01671596e+00  3.00629703e+00]
  [-4.21606426e+00 -8.21598505e+00 -5.40627247e+00 -5.47024401e+00
   -6.23808374e+00 -4.61373696e+00 -6.59680992e+00 -6.64319363e+00
   -7.09969303e+00 -6.59665694e+00]]

 [[ 3.07433712e+00  7.85396254e+00  5.98628381e+00  5.47319576e+00
    1.04805711e+01  6.99783864e+00  6.89555704e+00  5.81327265e+00
    5.04654703e+00  8.08323021e+00]
  [ 3.03241547e+00  3.04393611e+00  3.00724312e+00  3.01756277e+00
    3.00527513e+00  3.00111092e+00  3.00565254e+00  3.01319835e+00
    3.00844226e+00  3.02269068e+00]
  [-5.95686815e+00 -7.95390850e+00 -5.22364703e+00 -5.46734893e+00
   -9.42253641e+00 -4.42603786e+00 -8.00751791e+00 -4.86486638e+00
   -7.42232759e+00 -6.09970672e+00]]

 [[ 3.92291964e+01  2.08759503e+01  4.62560203e+01  4.94755673e+01
    3.92043657e+01  5.79754926e+01  3.81898738e+01  6.16164270e+01
    3.47011139e+01  4.08533347e+01]
  [ 3.04985411e+00  3.07920041e+00  3.18406532e+00  3.10673327e+00
    3.08060647e+00  3.06197907e+00  3.00153234e+00  3.02188530e+00
    3.02898041e+00  3.00806342e+00]
  [-3.86668374e+00 -2.81405596e+00 -6.79966242e+00 -4.16293019e+00
   -2.83746939e+00 -4.03937605e+00 -2.80414921e+00 -4.34476226e+00
   -2.11801944e+00 -2.23036306e+00]]

 [[ 4.74806442e+01  5.23868579e+01  5.64654585e+01  4.85394041e+01
    3.22537042e+01  4.67666403e+01  5.05386501e+01  4.92287537e+01
    4.26690108e+01  4.56848282e+01]
  [ 3.05104596e+00  3.04243630e+00  3.06741013e+00  3.03597711e+00
    3.21751257e+00  3.00821450e+00  3.05257531e+00  3.01250837e+00
    3.05179282e+00  3.08622802e+00]
  [-2.92306974e+00 -2.91823704e+00 -3.09277039e+00 -2.56411450e+00
   -5.23019090e+00 -2.90098330e+00 -5.68628176e+00 -2.68883238e+00
   -3.18019973e+00 -3.88863504e+00]]

 [[ 3.93744380e+01  4.06848228e+01  3.57882470e+01  5.44496801e+01
    4.15246593e+01  5.79545581e+01  3.76028183e+01  5.17689154e+01
    4.87984008e+01  4.13245568e+01]
  [ 3.06897807e+00  3.05483478e+00  3.06959648e+00  3.05028996e+00
    3.13164295e+00  3.18665789e+00  3.17531145e+00  3.14079080e+00
    3.02106438e+00  3.14053699e+00]
  [-4.50153268e+00 -2.29540915e+00 -3.29667588e+00 -8.08442967e+00
   -4.26720361e+00 -3.37439144e+00 -3.05745977e+00 -3.80303105e+00
   -8.16496073e+00 -2.53382227e+00]]]