[[[ 8.08334284e-07  1.90398798e-07  5.34675967e-07  5.13996343e-07
    6.83424719e-07  2.71306690e-07  9.78674613e-08  6.26962463e-07
    2.97870898e-07  2.15489463e-07]
  [ 3.00000204e+00  3.00000005e+00  3.00000002e+00  3.00000293e+00
    3.00000898e+00  3.00000013e+00  3.00000707e+00  3.00000060e+00
    3.00000094e+00  3.00000969e+00]
  [-1.04028362e+01 -1.04028490e+01 -5.12882174e+00 -1.04028347e+01
   -1.04028981e+01 -1.04028410e+01 -2.76589722e+00 -3.72430005e+00
   -1.83759294e+00 -2.75193321e+00]]

 [[ 5.36700855e-07  3.96822714e-08  1.13300839e-07  4.68164000e-07
    1.38246887e-07  3.96613048e-07  1.45415870e-06  5.78909571e-07
    3.68618727e-07  3.89162638e-07]
  [ 3.00000113e+00  3.00000679e+00  3.00000006e+00  3.00000000e+00
    3.00000163e+00  3.00000313e+00  3.00000413e+00  3.00000081e+00
    3.00000000e+00  3.00000071e+00]
  [-3.72429911e+00 -5.08767123e+00 -5.08767072e+00 -2.76589730e+00
   -1.04028451e+01 -1.04028484e+01 -1.04028143e+01 -2.75193317e+00
   -1.04028615e+01 -1.04028211e+01]]

 [[ 1.20681348e-06  2.56312018e-06  1.70069533e-06  1.99231377e-06
    1.74622225e-06  9.91761671e-07  3.38618240e-06  2.99167785e-06
    8.22130920e-07  1.05917631e-06]
  [ 3.00000131e+00  3.00001982e+00  3.00000540e+00  3.00006652e+00
    3.00000181e+00  3.00000076e+00  3.00001375e+00  3.00000059e+00
    3.00003122e+00  3.00000062e+00]
  [-2.76589662e+00 -1.04028156e+01 -1.04028292e+01 -3.72429560e+00
   -2.75193315e+00 -3.72429344e+00 -2.76589680e+00 -2.75193298e+00
   -1.83759244e+00 -2.76589692e+00]]

 [[ 8.14568893e-07  8.90277613e-07  1.20119759e-06  9.52165838e-07
    1.47674007e-06  1.31266718e-06  2.78479726e-06  3.21891287e-06
    2.42563615e-06  3.61916269e-06]
  [ 3.00001069e+00  3.00000394e+00  3.00000336e+00  3.00000018e+00
    3.00000954e+00  3.00000104e+00  3.00000639e+00  3.00000171e+00
    3.00000534e+00  3.00000184e+00]
  [-2.75193270e+00 -3.72430021e+00 -3.72430000e+00 -5.12881791e+00
   -1.04028948e+01 -2.76589697e+00 -2.76589694e+00 -2.76589666e+00
   -2.75193305e+00 -1.83759273e+00]]

 [[ 5.76247340e-06  5.88439329e-06  3.94611534e-06  2.26777802e-06
    2.12699809e-06  1.06580269e-06  3.10280547e-06  1.47913979e-06
    1.03075582e-06  5.04382982e-06]
  [ 3.00000022e+00  3.00000110e+00  3.00000245e+00  3.00000162e+00
    3.00000736e+00  3.00002903e+00  3.00000142e+00  3.00000045e+00
    3.00000443e+00  3.00000013e+00]
  [-5.08767134e+00 -2.75193029e+00 -2.76589682e+00 -1.04029119e+01
   -5.08767153e+00 -1.04028560e+01 -1.04028314e+01 -2.75192976e+00
   -1.04028313e+01 -1.04028026e+01]]

 [[ 7.87506986e-06  1.14131114e-05  6.51968472e-06  1.41166205e-05
    3.58196085e-06  1.25311835e-05  9.20029642e-06  1.96544370e-05
    2.07289612e-05  1.22377385e-05]
  [ 3.00001450e+00  3.00003257e+00  3.00000350e+00  3.00000698e+00
    3.00000438e+00  3.00001687e+00  3.00006710e+00  3.00000179e+00
    3.00002070e+00  3.00001078e+00]
  [-2.76589553e+00 -2.76589514e+00 -1.04029132e+01 -1.04028639e+01
   -5.08766113e+00 -1.04027705e+01 -1.04028928e+01 -5.08767038e+00
   -3.72429341e+00 -1.04028074e+01]]

 [[ 9.75450412e-06  1.27279368e-05  3.93702317e-05  1.70966047e-05
    2.23870385e-05  1.84600220e-05  1.49650275e-06  1.12094549e-05
    6.56904502e-06  6.83463288e-06]
  [ 3.00000058e+00  3.00001205e+00  3.00033666e+00  3.00005488e+00
    3.00000141e+00  3.00016181e+00  3.00001989e+00  3.00002325e+00
    3.00003025e+00  3.00000435e+00]
  [-2.75192884e+00 -3.72427377e+00 -1.04028580e+01 -2.75192033e+00
   -5.12879112e+00 -1.04028359e+01 -3.72429823e+00 -5.08763380e+00
   -1.04028284e+01 -2.76589125e+00]]

 [[ 5.47890276e-06  1.13113988e-05  8.92577351e-06  9.85500350e-06
    8.73247456e-06  2.21643882e-05  7.94935210e-06  2.94488584e-05
    8.17515498e-06  7.06701449e-06]
  [ 3.00000837e+00  3.00004199e+00  3.00001555e+00  3.00002526e+00
    3.00020883e+00  3.00004338e+00  3.00000446e+00  3.00004895e+00
    3.00011960e+00  3.00000132e+00]
  [-1.04028092e+01 -5.08766110e+00 -5.08763025e+00 -1.04028263e+01
   -5.08766144e+00 -5.08766311e+00 -2.76589458e+00 -1.04028051e+01
   -3.72429515e+00 -3.72429130e+00]]

 [[ 1.90308474e-11  1.15379407e-11  1.00095894e-11  1.11012614e-11
    5.73241890e-12  3.81060889e-11  1.02062702e-11  8.81866591e-12
    2.25725589e-11  2.36415823e-11]
  [ 3.00000000e+00  3.00000000e+00  3.00000000e+00  3.00000000e+00
    3.00000000e+00  3.00000000e+00  3.00000000e+00  3.00000000e+00
    3.00000000e+00  3.00000000e+00]
  [-2.76589733e+00 -1.83759297e+00 -2.76589733e+00 -2.76589733e+00
   -1.04028268e+01 -2.76589733e+00 -2.75193356e+00 -2.76589733e+00
   -3.72430035e+00 -1.04028750e+01]]

 [[ 4.96065051e-11  1.18818711e-11  1.17994003e-11  5.94251971e-12
    3.02008937e-11  1.57858674e-11  5.32578181e-11  1.68137262e-11
    1.28685436e-11  3.65842099e-11]
  [ 3.00000000e+00  3.00000000e+00  3.00000000e+00  3.00000000e+00
    3.00000000e+01  3.00000000e+00  3.00000000e+00  3.00000000e+00
    3.00000000e+00  3.00000000e+01]
  [-2.75193356e+00 -1.04028305e+01 -3.72430035e+00 -1.04028056e+01
   -5.08767183e+00 -1.04028969e+01 -1.04028455e+01 -1.04028036e+01
   -1.04028541e+01 -5.08767183e+00]]

 [[ 2.22791930e-11  4.64984638e-12  1.44487960e-11  4.52715226e-12
    4.75763740e-11  2.06417092e-11  2.56291832e-11  1.15578201e-11
    1.27961325e-11  1.23608507e-11]
  [ 3.00000000e+00  3.00000000e+00  3.00000000e+00  3.00000000e+00
    3.00000000e+00  3.00000000e+00  3.00000000e+00  3.00000000e+00
    3.00000000e+00  3.00000000e+00]
  [-2.75193356e+00 -1.04028425e+01 -1.04029254e+01 -1.04028093e+01
   -2.75193356e+00 -1.04028287e+01 -5.12882280e+00 -2.75193356e+00
   -1.83759297e+00 -1.04029215e+01]]

 [[ 7.59313150e-09  9.47527646e-09  5.99830020e-09  5.88505289e-09
    5.34842548e-09  9.12766249e-09  1.88922091e-08  5.87899768e-09
    1.34187949e-08  2.09513031e-09]
  [ 3.00000001e+00  3.00000005e+00  3.00000002e+00  3.00000000e+00
    3.00000001e+00  3.00000000e+00  3.00000001e+00  3.00000003e+00
    3.00000007e+00  3.00000001e+00]
  [-5.08767182e+00 -3.72430034e+00 -1.83759297e+00 -5.08767182e+00
   -2.76589733e+00 -5.12882279e+00 -2.75193356e+00 -2.75193355e+00
   -5.08767179e+00 -2.76589733e+00]]

 [[ 1.55307462e-08  2.86517903e-09  3.79725223e-09  5.15742319e-09
    1.48816149e-08  3.79086064e-09  9.63416748e-09  1.16078471e-08
    8.56649052e-09  5.77634739e-09]
  [ 3.00000002e+00  3.00000002e+00  3.00000002e+00  3.00000001e+00
    3.00000005e+00  3.00000001e+00  3.00000002e+00  3.00000001e+00
    3.00000002e+00  3.00000001e+00]
  [-5.08767182e+00 -2.75193355e+00 -3.72430034e+00 -1.04028250e+01
   -1.04029037e+01 -5.08767182e+00 -2.76589733e+00 -3.72430035e+00
   -2.75193356e+00 -1.04028939e+01]]

 [[ 2.45718094e-08  1.01819510e-08  1.75180305e-08  4.92328027e-09
    9.65016480e-09  1.01199401e-08  7.15256269e-09  1.95034162e-08
    1.77130010e-08  7.88140621e-09]
  [ 3.00000001e+00  3.00000001e+00  3.00000003e+00  3.00000007e+00
    3.00000000e+00  3.00000001e+00  3.00000001e+00  3.00000005e+00
    3.00000007e+00  3.00000017e+00]
  [-1.04028182e+01 -2.75193356e+00 -1.83759297e+00 -1.04028326e+01
   -2.76589732e+00 -1.04028363e+01 -2.76589733e+00 -1.04028721e+01
   -1.83759297e+00 -2.75193356e+00]]

 [[ 9.33266748e-08  7.30376578e-08  6.08475139e-08  8.79782485e-08
    4.49246120e-08  1.05482432e-08  1.89702722e-08  7.53302303e-08
    1.20903407e-07  6.38015241e-08]
  [ 3.00000010e+00  3.00000014e+00  3.00000002e+00  3.00000008e+00
    3.00000010e+00  3.00000007e+00  3.00000014e+00  3.00000001e+00
    3.00000025e+00  3.00000002e+00]
  [-1.04028704e+01 -2.76589733e+00 -1.04028325e+01 -2.76589732e+00
   -2.76589732e+00 -1.04028323e+01 -1.04029099e+01 -2.76589732e+00
   -5.12882279e+00 -2.76589726e+00]]

 [[ 2.98508205e-08  4.52508063e-08  3.96667260e-08  1.18463673e-07
    1.61279525e-08  2.32695732e-08  4.54203992e-08  5.57075616e-08
    8.38231218e-09  7.16953990e-08]
  [ 3.00000011e+00  3.00000003e+00  3.00000002e+00  3.00000002e+00
    3.00000059e+00  3.00000001e+00  3.00000008e+00  3.00000079e+00
    3.00000031e+00  3.00000024e+00]
  [-1.04028695e+01 -5.12882267e+00 -1.04028784e+01 -2.76589732e+00
   -3.72430032e+00 -3.72430033e+00 -1.04028348e+01 -2.75193356e+00
   -2.76589732e+00 -1.04028316e+01]]

 [[ 1.29914225e-07  5.71546397e-08  3.93959980e-08  7.23330446e-08
    6.04511689e-08  1.29354084e-07  1.01973642e-07  4.12188281e-08
    5.76211976e-08  1.49689320e-07]
  [ 3.00000006e+00  3.00000018e+00  3.00000002e+00  3.00000012e+00
    3.00000001e+00  3.00000017e+00  3.00000005e+00  3.00000005e+00
    3.00000004e+00  3.00000001e+00]
  [-1.83759297e+00 -1.83759297e+00 -2.75193356e+00 -2.76589732e+00
   -1.04028966e+01 -2.76589731e+00 -1.04028055e+01 -2.75193355e+00
   -3.72430033e+00 -2.76589731e+00]]

 [[ 4.93422677e-08  2.52613848e-07  2.31771986e-07  6.24550537e-08
    1.05955098e-08  1.65375963e-08  6.57145786e-08  6.91184708e-08
    7.02081204e-08  4.34590505e-07]
  [ 3.00000020e+00  3.00000013e+00  3.00000007e+00  3.00000005e+00
    3.00000035e+00  3.00000021e+00  3.00000020e+00  3.00000003e+00
    3.00000041e+00  3.00000073e+00]
  [-2.76589728e+00 -2.76589732e+00 -1.04028348e+01 -3.72430031e+00
   -3.72430024e+00 -2.76589728e+00 -2.75193350e+00 -3.72430024e+00
   -5.08767146e+00 -2.75193352e+00]]

 [[ 9.44263407e-08  4.88552763e-08  2.83665356e-07  7.04413503e-08
    6.31573585e-08  4.77303690e-08  7.33362028e-08  1.37840030e-07
    5.03782212e-08  6.96250713e-07]
  [ 3.00000002e+00  3.00000075e+00  3.00000005e+00  3.00000007e+00
    3.00000033e+00  3.00000006e+00  3.00000013e+00  3.00000010e+00
    3.00000002e+00  3.00000017e+00]
  [-1.04028765e+01 -2.75193353e+00 -1.04028135e+01 -2.76589726e+00
   -2.75193348e+00 -1.04029047e+01 -1.04029105e+01 -1.04028399e+01
   -3.72430016e+00 -2.76589681e+00]]

 [[ 2.06302091e-07  9.17160050e-08  1.19800259e-07  5.59680476e-08
    6.02827800e-08  1.77912640e-07  2.04516123e-07  2.94815567e-07
    6.77260266e-08  1.63398253e-07]
  [ 3.00000022e+00  3.00000064e+00  3.00000005e+00  3.00000000e+00
    3.00000041e+00  3.00000000e+00  3.00000008e+00  3.00000058e+00
    3.00000004e+00  3.00000001e+00]
  [-3.72430028e+00 -5.08767167e+00 -1.04028724e+01 -1.04028409e+01
   -2.75193353e+00 -1.04028477e+01 -2.76589731e+00 -1.04028451e+01
   -1.04028322e+01 -2.76589731e+00]]

 [[ 1.88752617e-07  3.72917356e-07  1.22520373e-06  1.32884434e-06
    4.72646477e-07  3.10383352e-07  7.93663143e-07  5.73731427e-07
    9.74889676e-07  1.96012639e-07]
  [ 3.00000001e+00  3.00000009e+00  3.00000178e+00  3.00000061e+00
    3.00001599e+00  3.00000121e+00  3.00000034e+00  3.00000120e+00
    3.00000015e+00  3.00000444e+00]
  [-2.75193346e+00 -1.04029227e+01 -2.75193342e+00 -3.72429992e+00
   -3.72430021e+00 -5.08767012e+00 -1.83759282e+00 -5.12882258e+00
   -3.72430014e+00 -1.04028298e+01]]

 [[ 2.09772278e-07  2.66437777e-06  1.82824270e-06  3.78858798e-07
    3.50686351e-07  3.28855734e-07  1.30490530e-06  5.38584231e-07
    6.17018179e-07  7.65419872e-07]
  [ 3.00000023e+00  3.00000042e+00  3.00000958e+00  3.00000059e+00
    3.00000034e+00  3.00000040e+00  3.00000085e+00  3.00000003e+00
    3.00000571e+00  3.00000206e+00]
  [-1.04028201e+01 -1.83759283e+00 -5.12882256e+00 -1.04028042e+01
   -3.72429924e+00 -1.04028051e+01 -5.12882059e+00 -1.83759271e+00
   -3.72430019e+00 -1.04028575e+01]]

 [[ 8.42543760e-07  4.99107741e-07  4.84076069e-07  2.48341894e-07
    2.57654674e-07  5.95272274e-07  9.24942443e-08  6.61746317e-07
    3.93326034e-07  1.48230156e-06]
  [ 3.00000135e+00  3.00000003e+00  3.00000405e+00  3.00000004e+00
    3.00000084e+00  3.00000228e+00  3.00000075e+00  3.00000146e+00
    3.00000001e+00  3.00000251e+00]
  [-2.75193354e+00 -1.04028072e+01 -3.72430025e+00 -3.72429930e+00
   -3.72430005e+00 -1.04028729e+01 -3.72430032e+00 -3.72429996e+00
   -3.72429964e+00 -3.72430019e+00]]

 [[ 6.79795768e-06  4.56646860e-06  8.78724141e-06  3.54234347e-06
    2.49191442e-06  8.82680285e-06  6.24493536e-06  7.09255762e-06
    3.40001296e-06  1.78085724e-06]
  [ 3.00000028e+00  3.00003644e+00  3.00001676e+00  3.00000798e+00
    3.00000060e+00  3.00000018e+00  3.00000138e+00  3.00000266e+00
    3.00001173e+00  3.00000659e+00]
  [-2.75193322e+00 -3.72429252e+00 -2.75193342e+00 -2.75193220e+00
   -3.72429986e+00 -5.12881520e+00 -1.04028026e+01 -1.04028358e+01
   -1.04028992e+01 -2.76589670e+00]]

 [[ 5.35915532e-06  9.00537598e-07  5.24912607e-06  4.21277651e-06
    7.90812886e-07  1.37688312e-06  1.21675239e-06  8.13796985e-06
    2.48815183e-06  4.16610345e-06]
  [ 3.00000285e+00  3.00000057e+00  3.00000038e+00  3.00000373e+00
    3.00003077e+00  3.00000233e+00  3.00000022e+00  3.00005008e+00
    3.00000038e+00  3.00001526e+00]
  [-1.04028321e+01 -2.75193283e+00 -1.04028751e+01 -1.04028253e+01
   -2.76589585e+00 -5.12882203e+00 -2.76589685e+00 -5.12879095e+00
   -3.72429418e+00 -2.75193332e+00]]

 [[ 2.39019594e-06  5.55998149e-06  4.69592011e-06  1.74512335e-06
    6.11093844e-06  3.80000211e-06  1.11634590e-06  5.11198464e-06
    3.93381668e-06  2.33147283e-06]
  [ 3.00000013e+00  3.00001323e+00  3.00000675e+00  3.00002082e+00
    3.00000084e+00  3.00000870e+00  3.00000043e+00  3.00000261e+00
    3.00002926e+00  3.00003968e+00]
  [-2.75193330e+00 -1.04028031e+01 -1.04028659e+01 -5.12880897e+00
   -5.12881368e+00 -1.04029321e+01 -2.76589365e+00 -1.04028962e+01
   -1.83759230e+00 -1.04028887e+01]]

 [[ 2.09124843e-11  4.59570048e-11  1.85622011e-11  1.67079622e-11
    2.67008807e-11  1.45309332e-11  6.50043745e-12  1.69322647e-11
    1.72197353e-11  3.36054982e-11]
  [ 3.00000000e+00  3.00000000e+00  3.00000000e+00  3.00000000e+00
    3.00000000e+00  3.00000000e+00  3.00000000e+00  3.00000000e+00
    3.00000000e+00  3.00000000e+00]
  [-5.12882280e+00 -2.75193356e+00 -2.76589733e+00 -3.72430035e+00
   -5.12882280e+00 -2.76589733e+00 -5.12882280e+00 -1.04028734e+01
   -2.76589733e+00 -1.04028371e+01]]

 [[ 3.36910916e-11  9.06549561e-12  2.28234409e-11  2.70505650e-11
    1.42188405e-11  4.55961770e-11  5.13234747e-11  1.63461031e-11
    8.33857823e-11  8.48359627e-12]
  [ 3.00000000e+00  3.00000000e+00  3.00000000e+00  3.00000000e+00
    3.00000000e+00  3.00000000e+00  3.00000000e+00  3.00000000e+00
    3.00000000e+00  3.00000000e+00]
  [-3.72430035e+00 -5.12882280e+00 -5.08767183e+00 -3.72430035e+00
   -5.12882280e+00 -1.04028071e+01 -1.04028719e+01 -3.72430035e+00
   -5.08767183e+00 -5.12882280e+00]]

 [[ 1.52467016e-11  4.25887470e-11  2.96931429e-11  3.87324962e-11
    2.60787747e-11  9.99039247e-12  5.32423360e-11  5.83693694e-12
    1.43135988e-11  3.07688642e-11]
  [ 3.00000000e+00  3.00000000e+00  3.00000000e+00  3.00000000e+01
    3.00000000e+00  3.00000000e+00  3.00000000e+01  3.00000000e+00
    3.00000000e+00  3.00000000e+00]
  [-5.12882280e+00 -2.75193356e+00 -5.12882280e+00 -5.08767183e+00
   -3.72430035e+00 -2.76589733e+00 -1.04028507e+01 -5.12882280e+00
   -2.75193356e+00 -2.75193356e+00]]

 [[ 6.56176554e-09  5.08180108e-09  1.08672443e-09  1.01323074e-08
    6.80289280e-09  2.87958696e-09  6.16695068e-09  1.19684281e-08
    1.95173293e-09  1.10503735e-08]
  [ 3.00000007e+00  3.00000003e+00  3.00000005e+00  3.00000002e+00
    3.00000001e+00  3.00000000e+00  3.00000007e+00  3.00000000e+00
    3.00000002e+00  3.00000001e+00]
  [-1.04028389e+01 -3.72430033e+00 -1.04028900e+01 -1.04028126e+01
   -1.04028104e+01 -2.76589733e+00 -1.04028091e+01 -5.08767182e+00
   -1.04028678e+01 -2.75193356e+00]]

 [[ 1.13884445e-08  5.44538765e-09  6.60382518e-09  2.00316164e-08
    6.98582228e-09  3.86096502e-09  9.26226727e-09  2.80150620e-08
    1.31623669e-08  1.24578074e-08]
  [ 3.00000003e+00  3.00000000e+00  3.00000000e+00  3.00000002e+00
    3.00000006e+00  3.00000001e+00  3.00000000e+00  3.00000002e+00
    3.00000003e+00  3.00000001e+00]
  [-2.76589732e+00 -1.04028130e+01 -1.04028738e+01 -1.04028249e+01
   -5.12882278e+00 -3.72430034e+00 -2.76589732e+00 -1.04028836e+01
   -3.72430034e+00 -2.76589732e+00]]

 [[ 4.80456978e-09  2.12656263e-08  6.84908620e-09  2.04276299e-08
    1.48749588e-08  1.58514358e-08  3.10107939e-09  1.18981660e-08
    8.10863075e-09  1.30848769e-08]
  [ 3.00000001e+00  3.00000011e+00  3.00000000e+00  3.00000007e+00
    3.00000003e+00  3.00000000e+00  3.00000005e+00  3.00000003e+00
    3.00000001e+00  3.00000000e+00]
  [-2.75193356e+00 -3.72430034e+00 -3.72430035e+00 -3.72430035e+00
   -1.04028685e+01 -3.72430034e+00 -1.04029288e+01 -3.72430034e+00
   -1.04028910e+01 -1.04028139e+01]]

 [[ 1.26492817e-08  3.36199452e-08  1.76761359e-07  1.97202677e-08
    1.30113039e-07  2.64450674e-08  8.71065566e-08  1.31629765e-08
    2.86228170e-08  2.18043852e-08]
  [ 3.00000003e+00  3.00000015e+00  3.00000012e+00  3.00000016e+00
    3.00000007e+00  3.00000087e+00  3.00000001e+00  3.00000005e+00
    3.00000004e+00  3.00000002e+00]
  [-1.04028103e+01 -1.04028663e+01 -1.04028052e+01 -1.83759296e+00
   -2.76589731e+00 -1.04028167e+01 -1.04028732e+01 -5.12882271e+00
   -3.72430034e+00 -2.75193355e+00]]

 [[ 1.17697836e-07  7.01130129e-08  4.95980769e-08  2.82474629e-08
    5.16413594e-08  3.72262070e-08  2.73912819e-08  9.49077673e-08
    6.02450007e-08  6.70014246e-09]
  [ 3.00000000e+00  3.00000013e+00  3.00000005e+00  3.00000041e+00
    3.00000001e+00  3.00000015e+00  3.00000020e+00  3.00000002e+00
    3.00000026e+00  3.00000000e+00]
  [-1.04028566e+01 -5.12882279e+00 -1.04028613e+01 -1.04028253e+01
   -3.72430027e+00 -3.72430029e+00 -5.12882277e+00 -1.04028054e+01
   -2.76589732e+00 -2.76589732e+00]]

 [[ 2.10337417e-08  1.60098799e-08  3.65036555e-08  6.13809581e-08
    2.90248601e-08  1.49702868e-08  5.88020828e-08  1.79700226e-07
    3.50173409e-08  1.10870824e-07]
  [ 3.00000009e+00  3.00000006e+00  3.00000013e+00  3.00000002e+00
    3.00000006e+00  3.00000000e+00  3.00000008e+00  3.00000000e+00
    3.00000042e+00  3.00000032e+00]
  [-5.08767182e+00 -1.04028115e+01 -5.08767163e+00 -5.12882276e+00
   -2.75193356e+00 -5.12882277e+00 -1.04028718e+01 -5.08767176e+00
   -5.12882268e+00 -1.04028853e+01]]

 [[ 1.15642178e-07  8.58767990e-08  3.23966421e-08  5.71083473e-08
    2.34791461e-07  1.39960773e-07  3.97597189e-07  1.33220830e-07
    1.25720736e-07  1.01668412e-07]
  [ 3.00000001e+00  3.00000002e+00  3.00000005e+00  3.00000006e+00
    3.00000012e+00  3.00000027e+00  3.00000002e+00  3.00000028e+00
    3.00000000e+00  3.00000025e+00]
  [-1.04028120e+01 -1.04028096e+01 -3.72430031e+00 -3.72430029e+00
   -5.12882276e+00 -3.72430031e+00 -1.04028525e+01 -2.75193341e+00
   -1.04028589e+01 -5.12882251e+00]]

 [[ 1.32994222e-07  2.47794008e-07  8.40303188e-08  1.52929073e-07
    4.28672160e-08  6.10918536e-08  1.55621938e-07  3.58758535e-07
    4.55492723e-07  1.44955999e-07]
  [ 3.00000035e+00  3.00000004e+00  3.00000018e+00  3.00000166e+00
    3.00000053e+00  3.00000002e+00  3.00000027e+00  3.00000094e+00
    3.00000015e+00  3.00000075e+00]
  [-5.12882215e+00 -3.72430021e+00 -5.12882268e+00 -3.72430030e+00
   -1.04028477e+01 -5.12882267e+00 -1.04028947e+01 -3.72430025e+00
   -3.72430022e+00 -2.76589730e+00]]

 [[ 1.62657307e-07  4.24669431e-07  5.79123716e-08  7.72950235e-08
    2.64546186e-08  1.06226864e-07  4.47578481e-08  8.33918762e-08
    9.13757480e-08  1.87049295e-07]
  [ 3.00000001e+00  3.00000005e+00  3.00000019e+00  3.00000008e+00
    3.00000132e+00  3.00000026e+00  3.00000004e+00  3.00000002e+00
    3.00000019e+00  3.00000005e+00]
  [-5.08767165e+00 -1.04028945e+01 -3.72430031e+00 -2.75193353e+00
   -2.75193352e+00 -1.04028128e+01 -1.83759295e+00 -1.04028562e+01
   -5.08767182e+00 -3.72430032e+00]]

 [[ 1.58002974e-07  2.78835968e-07  6.77462323e-07  4.37240130e-07
    1.48117393e-07  2.69946132e-07  7.57583223e-07  1.21999120e-06
    9.93371020e-07  4.36891617e-07]
  [ 3.00000003e+00  3.00000005e+00  3.00000007e+00  3.00000029e+00
    3.00000504e+00  3.00000068e+00  3.00000742e+00  3.00000005e+00
    3.00000035e+00  3.00000121e+00]
  [-1.04028230e+01 -5.08766771e+00 -5.08767112e+00 -2.75193349e+00
   -2.75193348e+00 -3.72430033e+00 -3.72429976e+00 -5.08767120e+00
   -5.12882217e+00 -2.75193346e+00]]

 [[ 9.06326162e-07  1.71988131e-07  7.15932121e-07  2.48669004e-07
    1.82541681e-07  8.53540824e-07  1.14247168e-06  6.06213397e-07
    4.44854665e-07  9.58090483e-07]
  [ 3.00000032e+00  3.00000083e+00  3.00000069e+00  3.00000164e+00
    3.00000050e+00  3.00000587e+00  3.00000499e+00  3.00000065e+00
    3.00000142e+00  3.00000025e+00]
  [-2.76589728e+00 -2.75193336e+00 -2.75193341e+00 -1.04028921e+01
   -1.04028273e+01 -2.75193351e+00 -3.72429921e+00 -2.75193344e+00
   -2.75193335e+00 -2.75193152e+00]]

 [[ 6.80989094e-07  9.16787035e-07  5.37568913e-07  3.12587007e-07
    1.18468522e-07  2.71330552e-07  4.69744083e-07  1.31624574e-06
    2.29520687e-07  1.32761867e-07]
  [ 3.00000705e+00  3.00000083e+00  3.00000105e+00  3.00000220e+00
    3.00000069e+00  3.00000114e+00  3.00000123e+00  3.00000167e+00
    3.00000017e+00  3.00000136e+00]
  [-1.04028010e+01 -2.76589678e+00 -1.04028019e+01 -5.12882218e+00
   -1.04028470e+01 -2.76589727e+00 -5.08767125e+00 -3.72429952e+00
   -3.72430032e+00 -1.04028284e+01]]

 [[ 3.32774490e-06  5.66704567e-06  1.29663241e-06  2.29053752e-06
    2.80008699e-06  2.80538571e-06  1.12212202e-05  9.46107028e-06
    1.78900583e-05  1.25569778e-05]
  [ 3.00000291e+00  3.00000442e+00  3.00001736e+00  3.00000097e+00
    3.00000092e+00  3.00000000e+00  3.00000158e+00  3.00000656e+00
    3.00000013e+00  3.00000036e+00]
  [-5.12881425e+00 -1.04028528e+01 -1.04028243e+01 -3.72429900e+00
   -1.04029214e+01 -5.08767140e+00 -1.04028712e+01 -5.12882153e+00
   -5.08765405e+00 -1.04028447e+01]]

 [[ 8.46034348e-06  2.34728584e-05  1.60707052e-06  4.81265998e-06
    3.77139187e-06  2.21523193e-06  4.32714780e-06  9.10763770e-06
    1.98133647e-06  3.38029159e-06]
  [ 3.00002968e+00  3.00000083e+00  3.00000015e+00  3.00000008e+00
    3.00002727e+00  3.00001405e+00  3.00002541e+00  3.00000305e+00
    3.00000713e+00  3.00001303e+00]
  [-1.04028926e+01 -3.72429842e+00 -5.08767095e+00 -3.72429062e+00
   -1.04028101e+01 -5.08764630e+00 -3.72429591e+00 -3.72429317e+00
   -3.72430000e+00 -5.12881972e+00]]

 [[ 4.64947564e-06  4.35350645e-06  8.84834627e-06  4.94583195e-06
    3.63887251e-06  2.50579944e-06  4.07962469e-06  2.49355020e-06
    2.52925436e-06  1.15016581e-06]
  [ 3.00001825e+00  3.00000033e+00  3.00000501e+00  3.00000393e+00
    3.00000362e+00  3.00003155e+00  3.00000243e+00  3.00000736e+00
    3.00000278e+00  3.00000380e+00]
  [-2.75193248e+00 -2.76589576e+00 -2.75193333e+00 -2.75193245e+00
   -5.12882115e+00 -1.04028640e+01 -5.08767065e+00 -5.12881594e+00
   -2.75193295e+00 -5.12881744e+00]]

 [[ 3.29955447e-11  8.08983356e-12  2.11321730e-11  5.81182726e-12
    2.91279902e-11  9.03502124e-12  4.39020008e-11  1.67408382e-11
    4.49709438e-12  1.29198529e-11]
  [ 3.00000000e+01  3.00000000e+01  3.00000000e+00  3.00000000e+00
    3.00000000e+00  3.00000000e+00  3.00000000e+01  3.00000000e+00
    3.00000000e+00  3.00000000e+00]
  [-3.72430035e+00 -2.75193356e+00 -3.72430035e+00 -3.72430035e+00
   -2.75193356e+00 -5.08767183e+00 -5.12882280e+00 -1.83759297e+00
   -1.04028458e+01 -5.08767183e+00]]

 [[ 1.84571154e-11  2.46891955e-11  7.06208820e-12  1.10224383e-11
    3.66949993e-12  7.25404116e-12  4.11366866e-12  1.16187086e-11
    1.08896714e-11  1.37507018e-11]
  [ 3.00000000e+00  3.00000000e+00  3.00000000e+00  3.00000000e+00
    3.00000000e+00  3.00000000e+01  3.00000000e+01  3.00000000e+00
    3.00000000e+00  3.00000000e+00]
  [-1.04029059e+01 -1.83759297e+00 -1.04028406e+01 -3.72430035e+00
   -2.75193356e+00 -5.12882280e+00 -3.72430035e+00 -1.04028900e+01
   -1.83759297e+00 -3.72430035e+00]]

 [[ 1.67005053e-11  7.14722328e-12  7.95916131e-12  1.57094565e-11
    4.16187778e-11  3.47549008e-12  4.01966676e-12  3.51099507e-12
    6.88996141e-12  8.65940463e-12]
  [ 3.00000000e+00  3.00000000e+00  3.00000000e+00  3.00000000e+00
    3.00000000e+01  3.00000000e+00  3.00000000e+00  3.00000000e+00
    3.00000000e+00  3.00000000e+00]
  [-5.12882280e+00 -3.72430035e+00 -3.72430035e+00 -1.04028677e+01
   -5.12882280e+00 -1.83759297e+00 -2.76589733e+00 -2.75193356e+00
   -2.75193356e+00 -3.72430035e+00]]

 [[ 1.08690122e-08  4.73523449e-09  7.82106838e-09  4.96561487e-09
    3.83753899e-09  1.18062431e-08  2.54969274e-09  3.78923420e-09
    7.17697185e-09  2.91902474e-09]
  [ 3.00000001e+00  3.00000004e+00  3.00000000e+00  3.00000001e+00
    3.00000000e+00  3.00000001e+00  3.00000003e+00  3.00000003e+00
    3.00000000e+00  3.00000001e+00]
  [-1.04028612e+01 -1.04028327e+01 -1.04028331e+01 -5.12882279e+00
   -2.75193356e+00 -5.08767182e+00 -3.72430035e+00 -2.76589733e+00
   -3.72430034e+00 -1.04029044e+01]]

 [[ 7.11690892e-09  2.97338288e-09  2.04133708e-09  4.03156462e-09
    3.03622485e-09  3.92246144e-09  7.66807518e-09  8.81387615e-09
    4.79959680e-09  6.27110342e-09]
  [ 3.00000001e+00  3.00000004e+00  3.00000001e+00  3.00000002e+00
    3.00000000e+00  3.00000000e+00  3.00000001e+00  3.00000001e+00
    3.00000001e+00  3.00000001e+00]
  [-2.75193356e+00 -2.75193356e+00 -1.04028605e+01 -5.12882279e+00
   -5.08767182e+00 -2.75193356e+00 -2.75193356e+00 -3.72430034e+00
   -1.83759297e+00 -2.76589733e+00]]

 [[ 5.54530845e-09  4.07091366e-09  9.35887924e-09  3.81282433e-09
    6.30114983e-09  6.13242507e-09  2.81396548e-09  4.38955336e-09
    3.12066620e-09  1.57012334e-08]
  [ 3.00000003e+00  3.00000005e+00  3.00000001e+00  3.00000001e+00
    3.00000000e+00  3.00000003e+00  3.00000002e+00  3.00000000e+00
    3.00000000e+00  3.00000001e+00]
  [-1.04028513e+01 -1.04028165e+01 -1.04028110e+01 -1.04028762e+01
   -2.75193356e+00 -1.83759297e+00 -3.72430034e+00 -3.72430034e+00
   -3.72430033e+00 -1.04028282e+01]]

 [[ 3.31944615e-08  5.16048727e-08  4.42447923e-08  4.39302359e-08
    2.29399100e-08  5.57859420e-08  1.32620634e-08  4.69040117e-08
    2.11054621e-08  6.38154696e-08]
  [ 3.00000023e+00  3.00000001e+00  3.00000015e+00  3.00000013e+00
    3.00000003e+00  3.00000004e+00  3.00000000e+00  3.00000001e+00
    3.00000002e+00  3.00000002e+00]
  [-2.76589729e+00 -2.76589731e+00 -1.04028337e+01 -2.76589733e+00
   -1.04028304e+01 -1.04028077e+01 -2.76589730e+00 -1.04028641e+01
   -1.04010111e+01 -1.04028694e+01]]

 [[ 5.81935947e-08  8.94908051e-08  1.57606883e-08  8.07919938e-09
    1.13333008e-08  1.81491461e-08  7.44337166e-09  9.13630808e-09
    2.52937858e-08  3.50324601e-08]
  [ 3.00000019e+00  3.00000006e+00  3.00000006e+00  3.00000005e+00
    3.00000001e+00  3.00000020e+00  3.00000005e+00  3.00000003e+00
    3.00000012e+00  3.00000000e+00]
  [-1.04028514e+01 -1.04028165e+01 -1.04028252e+01 -1.04028755e+01
   -1.04028482e+01 -1.04028739e+01 -1.04028687e+01 -1.04028480e+01
   -1.04029188e+01 -1.83759297e+00]]

 [[ 3.32823967e-08  1.36161812e-08  4.63595718e-08  5.22294125e-08
    3.06067552e-08  8.42232610e-09  2.53247626e-08  2.32138655e-08
    3.19613252e-08  2.32456523e-08]
  [ 3.00000009e+00  3.00000003e+00  3.00000000e+00  3.00000021e+00
    3.00000001e+00  3.00000002e+00  3.00000001e+00  3.00000014e+00
    3.00000002e+00  3.00000014e+00]
  [-1.04028072e+01 -5.12882276e+00 -1.04028237e+01 -1.83759297e+00
   -2.75193356e+00 -1.04028296e+01 -2.75193356e+00 -2.76589733e+00
   -1.04028406e+01 -1.04028876e+01]]

 [[ 7.24112269e-08  1.52075502e-07  3.55407959e-08  1.19802278e-07
    5.61676027e-08  5.08529669e-08  3.78595508e-08  4.14361575e-08
    2.09356297e-07  5.08648582e-08]
  [ 3.00000001e+00  3.00000015e+00  3.00000003e+00  3.00000017e+00
    3.00000005e+00  3.00000060e+00  3.00000088e+00  3.00000006e+00
    3.00000020e+00  3.00000008e+00]
  [-1.04028914e+01 -1.04028481e+01 -1.04028130e+01 -1.04028870e+01
   -3.72430023e+00 -3.72430031e+00 -3.72430026e+00 -5.12882278e+00
   -2.75193353e+00 -3.72430032e+00]]

 [[ 1.47601843e-07  5.63857466e-08  1.41767429e-07  2.11502473e-08
    1.09617892e-07  5.72137411e-08  1.17023010e-07  5.40419519e-08
    3.62304543e-08  3.00079539e-08]
  [ 3.00000002e+00  3.00000006e+00  3.00000005e+00  3.00000018e+00
    3.00000005e+00  3.00000004e+00  3.00000046e+00  3.00000008e+00
    3.00000016e+00  3.00000003e+00]
  [-5.12882279e+00 -5.08767169e+00 -1.83759296e+00 -1.04028565e+01
   -1.04028492e+01 -1.04024072e+01 -1.04028391e+01 -1.04028842e+01
   -5.12882265e+00 -1.04028192e+01]]

 [[ 5.35551215e-08  3.63512476e-08  1.21641745e-07  1.47249958e-07
    6.27981251e-08  3.10778830e-08  4.69682273e-08  7.97606529e-08
    5.63112685e-08  7.95764631e-08]
  [ 3.00000075e+00  3.00000003e+00  3.00000002e+00  3.00000007e+00
    3.00000034e+00  3.00000077e+00  3.00000011e+00  3.00000002e+00
    3.00000001e+00  3.00000002e+00]
  [-1.04028859e+01 -1.04028127e+01 -1.83759295e+00 -1.04029209e+01
   -5.12882273e+00 -1.04028268e+01 -2.76589730e+00 -1.04028195e+01
   -1.04028583e+01 -5.12882254e+00]]

 [[ 1.36941413e-07  1.71234623e-07  2.02463930e-07  2.08515303e-07
    5.21670687e-07  1.63861697e-07  1.48657044e-07  8.00694623e-08
    1.87099289e-07  3.79465145e-07]
  [ 3.00000058e+00  3.00000023e+00  3.00000136e+00  3.00000001e+00
    3.00000006e+00  3.00000156e+00  3.00000114e+00  3.00000127e+00
    3.00000017e+00  3.00000306e+00]
  [-3.72430024e+00 -1.04028869e+01 -1.04028253e+01 -2.75193268e+00
   -3.72430021e+00 -3.72429988e+00 -2.75193355e+00 -1.04029077e+01
   -3.72430016e+00 -1.04028027e+01]]

 [[ 4.45716908e-07  1.45370583e-07  4.37300623e-07  3.18966055e-07
    3.66254088e-07  5.50707707e-07  3.50596912e-07  4.17950699e-07
    4.60601958e-07  2.58724668e-07]
  [ 3.00000014e+00  3.00000790e+00  3.00000013e+00  3.00000075e+00
    3.00000089e+00  3.00000008e+00  3.00000182e+00  3.00000073e+00
    3.00000005e+00  3.00000087e+00]
  [-1.04028709e+01 -5.12882243e+00 -5.12882272e+00 -1.04028601e+01
   -1.04028664e+01 -3.72430032e+00 -1.04028634e+01 -1.04028572e+01
   -2.75193352e+00 -1.04028285e+01]]

 [[ 4.10712139e-07  4.05000199e-07  2.59744880e-07  7.66947720e-07
    5.39573010e-07  2.43781747e-07  6.54415421e-07  3.31668461e-07
    2.16033599e-07  4.12555681e-07]
  [ 3.00000281e+00  3.00000009e+00  3.00000015e+00  3.00000003e+00
    3.00000065e+00  3.00000097e+00  3.00000081e+00  3.00000048e+00
    3.00000046e+00  3.00000007e+00]
  [-1.04028188e+01 -1.04028085e+01 -1.04028105e+01 -3.72429240e+00
   -1.04028022e+01 -3.72429992e+00 -5.12882277e+00 -1.04028527e+01
   -5.12882266e+00 -2.75193353e+00]]

 [[ 2.52841650e-06  1.39655285e-06  6.60097927e-06  3.52730421e-06
    1.17819156e-06  2.09623056e-06  7.67603166e-07  1.18202276e-06
    4.48317455e-07  1.98412727e-06]
  [ 3.00000070e+00  3.00000105e+00  3.00000155e+00  3.00000095e+00
    3.00001263e+00  3.00000347e+00  3.00001589e+00  3.00000666e+00
    3.00000025e+00  3.00000091e+00]
  [-1.83759254e+00 -2.76589720e+00 -5.08766912e+00 -2.76589641e+00
   -1.04028621e+01 -1.04028188e+01 -3.72429943e+00 -1.04029089e+01
   -2.76589710e+00 -5.12882227e+00]]

 [[ 2.14525852e-06  1.52075278e-06  3.87027748e-06  1.76617268e-06
    2.42339687e-06  2.40851755e-06  1.76837615e-06  4.14444409e-06
    2.07647727e-06  2.71134169e-06]
  [ 3.00007907e+00  3.00002065e+00  3.00000051e+00  3.00000056e+00
    3.00000629e+00  3.00000079e+00  3.00000405e+00  3.00001412e+00
    3.00000553e+00  3.00000249e+00]
  [-3.72429990e+00 -1.04028335e+01 -1.04028701e+01 -2.76589719e+00
   -2.76589631e+00 -3.72429972e+00 -2.76589683e+00 -2.75193282e+00
   -5.12882127e+00 -5.08766947e+00]]

 [[ 2.30383193e-06  2.56994679e-06  1.34556070e-06  2.76171477e-06
    5.03565992e-07  2.49469304e-06  2.65155650e-06  6.03534997e-06
    1.71186401e-06  1.98164803e-06]
  [ 3.00000194e+00  3.00000137e+00  3.00000263e+00  3.00000780e+00
    3.00000368e+00  3.00000401e+00  3.00007388e+00  3.00000399e+00
    3.00000521e+00  3.00000029e+00]
  [-1.04028364e+01 -3.72429616e+00 -5.08766600e+00 -3.72429938e+00
   -5.12882159e+00 -1.04028308e+01 -1.04029078e+01 -5.12882042e+00
   -1.04028014e+01 -2.76589659e+00]]

 [[ 7.55658012e-12  8.54755445e-12  1.20583318e-11  9.90716583e-12
    8.96595695e-12  2.20028239e-11  9.48890969e-12  3.26458001e-11
    2.30506689e-11  1.27606391e-11]
  [ 3.00000000e+00  3.00000000e+00  3.00000000e+00  3.00000000e+00
    3.00000000e+00  3.00000000e+00  3.00000000e+00  3.00000000e+00
    3.00000000e+00  3.00000000e+01]
  [-3.72430035e+00 -1.04028023e+01 -5.08767183e+00 -2.76589733e+00
   -5.12882280e+00 -1.83759297e+00 -2.76589733e+00 -1.04028181e+01
   -5.12882280e+00 -3.72430035e+00]]

 [[ 8.72476391e-12  3.17451074e-11  1.36468232e-11  6.77980135e-12
    7.49851653e-12  1.81314607e-11  8.73820706e-12  2.11056278e-11
    9.68447194e-12  1.14133040e-11]
  [ 3.00000000e+00  3.00000000e+00  3.00000000e+00  3.00000000e+00
    3.00000000e+00  3.00000000e+00  3.00000000e+00  3.00000000e+00
    3.00000000e+00  3.00000000e+00]
  [-3.72430035e+00 -1.04028488e+01 -1.04029086e+01 -2.75193356e+00
   -5.12882280e+00 -5.08767183e+00 -1.04028936e+01 -1.83759297e+00
   -3.72430035e+00 -1.83759297e+00]]

 [[ 3.43948392e-11  1.37256915e-11  4.67691236e-12  1.90343829e-11
    1.48619224e-11  1.99643246e-12  1.84989884e-12  1.04935907e-11
    1.63553342e-11  3.78073272e-12]
  [ 3.00000000e+00  3.00000000e+00  3.00000000e+00  3.00000000e+00
    3.00000000e+00  3.00000000e+00  3.00000000e+01  3.00000000e+00
    3.00000000e+00  3.00000000e+00]
  [-5.12882280e+00 -2.76589733e+00 -3.72430035e+00 -1.04028534e+01
   -1.04029256e+01 -2.76589733e+00 -1.04028675e+01 -5.12882280e+00
   -2.75193356e+00 -2.75193356e+00]]

 [[ 6.87026918e-09  1.97069214e-09  5.83357531e-09  7.05669533e-09
    5.87807458e-09  6.08063935e-09  3.32680410e-09  1.71452828e-09
    8.08707447e-09  2.76115505e-09]
  [ 3.00000002e+00  3.00000000e+00  3.00000001e+00  3.00000001e+00
    3.00000000e+00  3.00000001e+00  3.00000002e+00  3.00000005e+00
    3.00000001e+00  3.00000004e+00]
  [-2.76589733e+00 -3.72430035e+00 -1.04028770e+01 -1.83759297e+00
   -1.04029162e+01 -2.75193356e+00 -2.75193356e+00 -5.08767181e+00
   -1.04028275e+01 -1.04028951e+01]]

 [[ 6.12788971e-09  1.75369908e-09  1.87769035e-09  4.55751076e-09
    6.64460333e-09  1.62046388e-08  5.23800185e-09  1.13555851e-08
    2.89353582e-09  1.37642329e-08]
  [ 3.00000002e+00  3.00000002e+00  3.00000001e+00  3.00000000e+00
    3.00000000e+00  3.00000003e+00  3.00000000e+00  3.00000003e+00
    3.00000001e+00  3.00000001e+00]
  [-2.75193356e+00 -1.04028097e+01 -1.83759297e+00 -5.12882279e+00
   -1.04028598e+01 -1.04028097e+01 -2.76589733e+00 -1.04028374e+01
   -3.72430034e+00 -2.76589733e+00]]

 [[ 6.86333231e-09  9.24809871e-09  3.50308526e-09  1.29625039e-08
    2.75549199e-09  1.44892082e-09  1.38432984e-09  1.65950125e-08
    1.74552899e-08  6.22306272e-09]
  [ 3.00000001e+00  3.00000001e+00  3.00000009e+00  3.00000003e+00
    3.00000000e+00  3.00000001e+00  3.00000001e+00  3.00000002e+00
    3.00000001e+00  3.00000003e+00]
  [-1.04028915e+01 -3.72430035e+00 -3.72430034e+00 -5.12882278e+00
   -2.75193356e+00 -1.04028052e+01 -1.04028413e+01 -1.04028090e+01
   -1.04028778e+01 -3.72430034e+00]]

 [[ 5.95145632e-08  2.32922105e-08  9.82710542e-08  1.40686737e-08
    3.24077739e-08  2.55860762e-08  1.58358855e-08  6.78682885e-09
    2.02043453e-08  6.57343548e-08]
  [ 3.00000002e+00  3.00000025e+00  3.00000008e+00  3.00000000e+00
    3.00000002e+00  3.00000004e+00  3.00000009e+00  3.00000002e+00
    3.00000000e+00  3.00000004e+00]
  [-1.04028080e+01 -1.04028260e+01 -5.12882278e+00 -1.83759297e+00
   -1.04029317e+01 -1.04028408e+01 -1.04028185e+01 -1.04028845e+01
   -3.72430033e+00 -5.12882277e+00]]

 [[ 6.03459928e-08  5.00883570e-08  1.71933421e-08  2.15562863e-08
    3.85406427e-08  1.52689628e-08  1.47078486e-08  5.78403066e-08
    4.62433977e-09  7.54192052e-08]
  [ 3.00000007e+00  3.00000003e+00  3.00000012e+00  3.00000001e+00
    3.00000002e+00  3.00000001e+00  3.00000012e+00  3.00000001e+00
    3.00000002e+00  3.00000019e+00]
  [-1.04028071e+01 -1.04028102e+01 -5.12882278e+00 -5.08767182e+00
   -1.04028254e+01 -1.04028364e+01 -2.75193356e+00 -1.04028943e+01
   -5.12882268e+00 -1.04028644e+01]]

 [[ 2.28328028e-08  9.98988636e-08  1.18682117e-08  1.16349517e-08
    3.36938506e-08  3.18648823e-08  1.73009396e-08  1.64432045e-08
    7.29239654e-09  1.73851093e-08]
  [ 3.00000001e+00  3.00000006e+00  3.00000016e+00  3.00000022e+00
    3.00000002e+00  3.00000002e+00  3.00000018e+00  3.00000006e+00
    3.00000003e+00  3.00000013e+00]
  [-1.04028166e+01 -1.04028571e+01 -2.75193356e+00 -1.04029169e+01
   -5.12882273e+00 -1.04028012e+01 -5.08767181e+00 -5.12882276e+00
   -2.76589731e+00 -1.04028336e+01]]

 [[ 1.19260183e-07  9.04578668e-08  1.06356908e-07  5.93276683e-08
    6.78773889e-08  7.73957971e-08  6.70758110e-08  3.18139865e-08
    4.26689927e-08  5.78092796e-08]
  [ 3.00000057e+00  3.00000013e+00  3.00000027e+00  3.00000036e+00
    3.00000034e+00  3.00000012e+00  3.00000034e+00  3.00000076e+00
    3.00000006e+00  3.00000019e+00]
  [-5.08767182e+00 -1.04028742e+01 -1.04028805e+01 -5.08767180e+00
   -1.04028305e+01 -5.12882276e+00 -5.08767149e+00 -1.04029322e+01
   -1.04028219e+01 -1.04028680e+01]]

 [[ 4.63397945e-08  1.05983806e-07  1.41966598e-07  1.92861898e-07
    9.51499119e-08  2.83072968e-08  1.84872515e-07  1.91168843e-07
    8.79436337e-08  7.50112864e-08]
  [ 3.00000061e+00  3.00000069e+00  3.00000062e+00  3.00000014e+00
    3.00000054e+00  3.00000007e+00  3.00000036e+00  3.00000013e+00
    3.00000003e+00  3.00000012e+00]
  [-3.72430029e+00 -1.04028148e+01 -5.08767175e+00 -1.04028198e+01
   -5.12882277e+00 -2.76589716e+00 -1.04028136e+01 -2.76589721e+00
   -1.04028237e+01 -1.04028660e+01]]

 [[ 9.40165303e-08  6.25761696e-08  3.38108591e-08  7.87835003e-08
    1.50312467e-08  4.12122398e-08  3.81055951e-08  2.05251336e-08
    2.38016860e-08  8.80017842e-08]
  [ 3.00000007e+00  3.00000006e+00  3.00000025e+00  3.00000035e+00
    3.00000016e+00  3.00000014e+00  3.00000001e+00  3.00000015e+00
    3.00000001e+00  3.00000003e+00]
  [-1.04028653e+01 -1.04028121e+01 -3.72430033e+00 -1.04028051e+01
   -5.12882277e+00 -5.08767128e+00 -5.08767159e+00 -3.72430029e+00
   -3.72430032e+00 -5.12882277e+00]]

 [[ 4.26629225e-07  5.69728157e-07  7.74767478e-07  8.79474535e-07
    8.00282560e-07  2.57173345e-07  5.39374871e-07  8.41905177e-08
    2.24678133e-07  3.30883976e-07]
  [ 3.00000044e+00  3.00000180e+00  3.00000046e+00  3.00000014e+00
    3.00000015e+00  3.00000088e+00  3.00000060e+00  3.00000001e+00
    3.00000015e+00  3.00000080e+00]
  [-1.04028302e+01 -2.76589725e+00 -1.04028142e+01 -1.04028724e+01
   -3.72430008e+00 -5.08767176e+00 -1.04028279e+01 -2.75193333e+00
   -3.72425019e+00 -3.72430029e+00]]

 [[ 5.48611017e-07  8.51388406e-08  3.33577431e-07  2.62302959e-07
    2.30858543e-07  3.62656658e-07  3.72304427e-07  5.57587327e-07
    1.05081486e-06  1.48098259e-07]
  [ 3.00000185e+00  3.00000011e+00  3.00000006e+00  3.00000024e+00
    3.00000036e+00  3.00000061e+00  3.00000157e+00  3.00000483e+00
    3.00000017e+00  3.00000119e+00]
  [-5.08767022e+00 -1.04028129e+01 -1.04028242e+01 -1.04028512e+01
   -1.04028123e+01 -5.12882248e+00 -3.72430007e+00 -1.04028645e+01
   -3.72429995e+00 -2.75193354e+00]]

 [[ 8.34107131e-07  1.74373090e-07  1.16149901e-07  4.12324901e-07
    3.42684649e-07  3.45847717e-07  3.83773312e-07  1.47262734e-07
    1.85513317e-07  3.02116148e-07]
  [ 3.00000023e+00  3.00000014e+00  3.00000005e+00  3.00000063e+00
    3.00000344e+00  3.00000349e+00  3.00000024e+00  3.00000038e+00
    3.00000096e+00  3.00000137e+00]
  [-5.12882196e+00 -5.08767150e+00 -3.72430011e+00 -1.04028035e+01
   -1.04028499e+01 -3.72430026e+00 -1.04028337e+01 -2.75193332e+00
   -2.76589727e+00 -2.76589720e+00]]

 [[ 2.63839651e-06  3.11444069e-06  3.52612558e-06  1.97941002e-06
    5.26417195e-07  1.23310465e-06  2.51593292e-06  8.19781231e-07
    5.91732942e-06  6.31425806e-06]
  [ 3.00000074e+00  3.00000817e+00  3.00000235e+00  3.00000348e+00
    3.00000614e+00  3.00000031e+00  3.00000433e+00  3.00000069e+00
    3.00000024e+00  3.00000015e+00]
  [-2.76589723e+00 -1.04028617e+01 -3.72430023e+00 -5.08767107e+00
   -2.75193267e+00 -5.12882144e+00 -5.12882109e+00 -1.04028735e+01
   -2.75193297e+00 -1.04028817e+01]]

 [[ 2.50721199e-06  8.72965417e-07  2.90351484e-06  2.25573841e-06
    1.45164844e-06  1.39168626e-06  1.04920349e-05  2.22484816e-06
    1.91588070e-06  2.76870242e-06]
  [ 3.00000006e+00  3.00001525e+00  3.00000709e+00  3.00000085e+00
    3.00003463e+00  3.00000177e+00  3.00000748e+00  3.00000440e+00
    3.00001069e+00  3.00002494e+00]
  [-1.04028005e+01 -3.72429921e+00 -1.04029157e+01 -1.83759216e+00
   -2.75193327e+00 -1.04028915e+01 -1.04028764e+01 -3.72429833e+00
   -1.04028669e+01 -1.04028940e+01]]

 [[ 1.32215047e-06  1.94208423e-06  1.29382276e-06  1.63756508e-06
    1.21608563e-06  3.19867533e-06  2.55436611e-06  1.12098563e-06
    2.77822578e-06  2.18488557e-06]
  [ 3.00000790e+00  3.00001779e+00  3.00000753e+00  3.00000086e+00
    3.00000475e+00  3.00001401e+00  3.00000900e+00  3.00000518e+00
    3.00000099e+00  3.00000113e+00]
  [-3.72430018e+00 -1.83759256e+00 -1.04028864e+01 -5.12882189e+00
   -2.75193322e+00 -3.72429831e+00 -5.08766898e+00 -1.04028348e+01
   -2.75193312e+00 -5.08767000e+00]]

 [[ 2.22530768e-11  9.22886789e-12  1.87144649e-11  1.07929285e-11
    2.32460703e-11  2.25470622e-11  1.68264929e-11  3.48196423e-11
    1.01831067e-10  1.47336341e-11]
  [ 3.00000091e+00  3.00000000e+00  3.00000005e+00  3.00000011e+01
    3.00000000e+00  3.00000017e+00  3.00000001e+01  3.00000005e+00
    3.00000008e+00  3.00000014e+00]
  [-3.72430035e+00 -1.04028072e+01 -3.72430035e+00 -2.76589733e+00
   -3.72430035e+00 -3.72430035e+00 -1.04029106e+01 -1.04028086e+01
   -3.72430035e+00 -5.08767182e+00]]

 [[ 3.92316271e-12  4.18976629e-11  8.45967690e-11  5.96167855e-11
    1.02618839e-11  3.86297392e-11  2.33397873e-11  2.64456477e-11
    3.13774546e-11  1.49648417e-11]
  [ 3.00000008e+00  3.00000024e+00  3.00000014e+00  3.00000016e+00
    3.00000004e+00  3.00000044e+00  3.00000032e+00  3.00000057e+00
    3.00000067e+00  3.00000043e+00]
  [-5.12882280e+00 -3.72430035e+00 -1.04028032e+01 -5.08767182e+00
   -1.04028028e+01 -5.12882280e+00 -5.12882280e+00 -1.04028092e+01
   -3.72430035e+00 -2.75193356e+00]]

 [[ 7.37939706e-11  3.13273549e-11  2.59727204e-12  8.07206650e-12
    1.13256384e-11  1.89246244e-11  4.64988572e-11  1.61427032e-11
    3.21749339e-11  3.81119609e-11]
  [ 3.00000075e+00  3.00000048e+00  3.00000033e+00  3.00000030e+00
    3.00000029e+00  3.00000018e+01  3.00000042e+00  3.00000018e+00
    3.00000077e+00  3.00000044e+00]
  [-2.76589733e+00 -1.04028099e+01 -1.04028486e+01 -1.04028075e+01
   -2.76589733e+00 -1.04028425e+01 -2.75193356e+00 -2.76589733e+00
   -2.76589733e+00 -5.12882280e+00]]

 [[ 1.03700125e-08  1.57738374e-08  1.15300424e-08  3.27160200e-08
    9.31794182e-09  2.34683821e-08  7.60069653e-09  2.03086246e-08
    4.11398566e-09  1.94618515e-08]
  [ 3.00006030e+00  3.00010910e+00  3.00068811e+00  3.00013100e+00
    3.00010653e+00  3.00001358e+00  3.00039888e+00  3.00015624e+00
    3.00031265e+00  3.00026493e+00]
  [-2.76589733e+00 -1.04029203e+01 -1.04028084e+01 -5.08767182e+00
   -5.08767179e+00 -1.04028795e+01 -2.75193356e+00 -2.75193356e+00
   -2.75193355e+00 -2.76589733e+00]]

 [[ 2.45402405e-09  9.44122621e-09  9.38691003e-09  7.35167632e-09
    4.61745590e-09  1.47223668e-08  1.24093460e-08  1.60720886e-08
    7.97169056e-09  3.85395051e-09]
  [ 3.00005959e+00  3.00151684e+00  3.00040808e+00  3.00011115e+00
    3.00011417e+00  3.00003436e+00  3.00007796e+00  3.00012132e+00
    3.00004479e+00  3.00000477e+00]
  [-5.12882279e+00 -1.04028380e+01 -1.04029083e+01 -1.83759297e+00
   -1.04028679e+01 -1.04028326e+01 -2.76589733e+00 -2.75193356e+00
   -2.75193349e+00 -1.04028471e+01]]

 [[ 7.07573005e-09  1.42158817e-08  2.36332845e-08  1.34365822e-08
    2.26213126e-08  5.54804361e-09  4.70577723e-09  1.97523891e-08
    2.81781130e-09  1.65860130e-09]
  [ 3.00018694e+00  3.00032143e+00  3.00008992e+00  3.00007264e+00
    3.00028170e+00  3.00017886e+00  3.00039549e+00  3.00032095e+00
    3.00005993e+00  3.00027119e+00]
  [-2.75193355e+00 -1.04028076e+01 -2.76589733e+00 -1.83759297e+00
   -5.08767180e+00 -1.04029048e+01 -1.04028582e+01 -1.04028225e+01
   -2.75193356e+00 -3.72430034e+00]]

 [[ 6.28922936e-08  9.91043388e-08  9.57407023e-08  1.63244178e-07
    2.70905679e-07  9.21851697e-08  4.19899263e-08  6.97601681e-08
    7.16630970e-08  1.08370929e-07]
  [ 3.00200920e+00  3.00048746e+00  3.00208640e+00  3.00074374e+00
    3.00092512e+00  3.00062080e+00  3.00105335e+00  3.00127846e+00
    3.00153451e+00  3.00102371e+00]
  [-1.04028223e+01 -1.04028135e+01 -1.04028866e+01 -1.04028629e+01
   -1.04028589e+01 -1.04028193e+01 -1.04028113e+01 -1.04029155e+01
   -1.04028077e+01 -1.04028159e+01]]

 [[ 2.82174970e-08  1.28006516e-07  4.81586387e-08  6.31815618e-08
    6.10833591e-08  3.01673058e-08  3.65744645e-08  4.16404886e-08
    2.79655605e-08  8.20518996e-08]
  [ 3.00012478e+00  3.00120713e+00  3.00233864e+00  3.00016468e+00
    3.00114444e+00  3.00043388e+00  3.00188141e+00  3.00141545e+00
    3.00088818e+00  3.00040876e+00]
  [-1.04028391e+01 -1.04028366e+01 -1.04028519e+01 -1.04028304e+01
   -1.04028006e+01 -1.04028450e+01 -1.04026415e+01 -1.04028545e+01
   -1.04028204e+01 -1.04028245e+01]]

 [[ 9.42231909e-08  1.59125896e-07  3.49419169e-08  3.61057521e-08
    3.79382945e-08  1.86887070e-07  3.78327266e-08  3.25336654e-08
    3.41642986e-08  5.54430908e-08]
  [ 3.00032108e+00  3.00106033e+00  3.00169699e+00  3.00207173e+00
    3.00005619e+00  3.00223202e+00  3.00193092e+00  3.00084219e+00
    3.00215941e+00  3.00000900e+00]
  [-1.04028723e+01 -1.04028686e+01 -1.04028026e+01 -5.12882269e+00
   -1.04028609e+01 -1.04028811e+01 -1.04028748e+01 -1.04028199e+01
   -1.04028169e+01 -1.04029222e+01]]

 [[ 2.53962265e-07  3.06630123e-07  2.68724786e-08  2.41648940e-07
    3.23530335e-08  9.45487428e-08  1.16393463e-07  2.61841993e-07
    5.97791127e-08  2.06590264e-07]
  [ 3.00426660e+00  3.00293242e+00  3.00221954e+00  3.00349639e+00
    3.00051689e+00  3.00537866e+00  3.00517524e+00  3.00078921e+00
    3.00268412e+00  3.00180756e+00]
  [-1.04028721e+01 -1.04028083e+01 -1.04029205e+01 -1.04028619e+01
   -1.04028149e+01 -1.04028926e+01 -5.08767138e+00 -5.08767109e+00
   -1.04028835e+01 -1.04029200e+01]]

 [[ 2.21374512e-07  9.80991278e-08  2.57092354e-07  7.83574586e-08
    2.93565888e-08  4.64609374e-08  1.08970518e-07  1.39607091e-07
    2.06137377e-07  2.93250606e-08]
  [ 3.00765039e+00  3.00126302e+00  3.00468878e+00  3.00356778e+00
    3.00276301e+00  3.00359239e+00  3.00744902e+00  3.00085507e+00
    3.00323965e+00  3.00117794e+00]
  [-1.04028372e+01 -1.04029226e+01 -1.04028970e+01 -1.04028437e+01
   -1.04028547e+01 -1.04028632e+01 -5.12882212e+00 -1.04028167e+01
   -1.04028424e+01 -1.04028263e+01]]

 [[ 1.34499186e-07  1.30249817e-07  1.13832297e-07  4.07941265e-08
    1.93056238e-07  8.23210430e-08  2.01619502e-07  2.17403332e-07
    3.37622358e-07  8.39251340e-08]
  [ 3.00136380e+00  3.00800050e+00  3.00139581e+00  3.00112344e+00
    3.00006583e+00  3.00014513e+00  3.00284506e+00  3.00232993e+00
    3.00327542e+00  3.00604790e+00]
  [-1.04028965e+01 -1.04029038e+01 -1.04028808e+01 -1.04028352e+01
   -1.04028394e+01 -1.04028398e+01 -1.04029020e+01 -1.04028035e+01
   -1.04029016e+01 -1.04028253e+01]]

 [[ 4.22650959e-07  6.40430923e-07  3.19450291e-07  1.80778143e-07
    2.00754132e-06  1.12226178e-06  2.54055245e-06  5.87233981e-07
    8.41541562e-07  7.46790820e-07]
  [ 3.00444391e+00  3.00064935e+00  3.00034206e+00  3.00055300e+00
    3.01163348e+00  3.00095847e+00  3.01397902e+00  3.00136711e+00
    3.01084574e+00  3.01586329e+00]
  [-1.04028448e+01 -1.04028270e+01 -1.04028006e+01 -1.04028141e+01
   -1.04028025e+01 -5.08766168e+00 -5.08767098e+00 -5.08767085e+00
   -5.12881522e+00 -1.04028438e+01]]

 [[ 4.47669835e-07  6.84054711e-07  6.07294206e-07  1.02044864e-06
    1.43893274e-06  8.60264888e-07  1.17122867e-06  1.03342966e-07
    1.70135392e-07  8.93799347e-08]
  [ 3.00120320e+00  3.00285041e+00  3.00429174e+00  3.00999130e+00
    3.03033088e+00  3.00367694e+00  3.00844475e+00  3.01759710e+00
    3.00571108e+00  3.00179784e+00]
  [-5.08767161e+00 -1.04027879e+01 -1.04029300e+01 -1.04028413e+01
   -1.04028472e+01 -3.72429902e+00 -3.72430026e+00 -5.12882257e+00
   -1.04028430e+01 -5.08766934e+00]]

 [[ 1.12416013e-06  7.65470461e-07  3.25852180e-07  5.89972136e-07
    8.03975055e-07  7.77051562e-07  1.92513817e-07  6.68008977e-07
    9.81331641e-07  5.20428243e-07]
  [ 3.00615242e+00  3.03113015e+00  3.01605174e+00  3.00955481e+00
    3.03702519e+00  3.00098633e+00  3.01663820e+00  3.00263954e+00
    3.02850174e+00  3.05036033e+00]
  [-5.12882150e+00 -5.12882195e+00 -3.72430012e+00 -5.12880157e+00
   -1.04028180e+01 -1.04029247e+01 -1.04028900e+01 -3.72429969e+00
   -1.04028874e+01 -5.08767091e+00]]

 [[ 6.48233203e-06  3.61092156e-06  4.05715836e-06  1.15850471e-06
    8.37646449e-06  5.20285964e-06  8.97971854e-06  1.08194688e-05
    3.48493598e-06  1.00149719e-05]
  [ 3.07053983e+00  3.04459113e+00  3.27792708e+00  3.03145790e+00
    3.02133102e+00  3.02006995e+00  3.04890524e+00  3.02094086e+00
    3.05578064e+00  3.00063764e+00]
  [-5.08766244e+00 -5.12881906e+00 -5.12879934e+00 -3.72429970e+00
   -1.04029138e+01 -5.12881783e+00 -3.72429341e+00 -1.04028472e+01
   -1.04022410e+01 -1.04028151e+01]]

 [[ 4.68817165e-06  2.42089770e-06  4.28595079e-06  3.80129908e-06
    1.57906534e-06  7.17123335e-06  2.91667390e-06  9.68011625e-06
    6.35915200e-06  8.88851489e-06]
  [ 3.01858907e+00  3.34161366e+00  3.01176681e+00  3.00429219e+00
    3.02661332e+00  3.34776314e+00  3.01042291e+00  3.01369582e+00
    3.11862507e+00  3.21499352e+00]
  [-1.04028044e+01 -1.04028151e+01 -3.72429875e+00 -1.04028784e+01
   -1.04029292e+01 -2.76589451e+00 -5.08765918e+00 -3.72429704e+00
   -1.04028281e+01 -2.76589467e+00]]

 [[ 6.13596063e-06  9.38434930e-06  1.62230008e-05  4.24419862e-06
    6.25160924e-06  6.90479669e-06  5.01284822e-06  4.04344227e-06
    3.33877774e-06  3.22170068e-06]
  [ 3.08983255e+00  3.00592325e+00  3.12349541e+00  3.15864044e+00
    3.02518879e+00  3.02786239e+00  3.07694070e+00  3.19134665e+00
    3.05848798e+00  3.01718231e+00]
  [-5.12881216e+00 -2.76589649e+00 -2.75193257e+00 -1.04029076e+01
   -1.04028078e+01 -1.83759163e+00 -5.12880416e+00 -1.04026445e+01
   -2.76589697e+00 -5.08766713e+00]]

 [[ 2.43042099e-11  3.75789432e-11  1.82976053e-11  6.81521089e-12
    1.16362544e-11  4.75190485e-11  4.00706659e-12  2.15277349e-11
    8.72906108e-12  1.03867253e-11]
  [ 3.00000049e+00  3.00000036e+00  3.00000012e+00  3.00000052e+00
    3.00000086e+00  3.00000016e+00  3.00000050e+00  3.00000026e+00
    3.00000034e+00  3.00000008e+00]
  [-3.72430035e+00 -1.04028705e+01 -2.75193356e+00 -5.12882280e+00
   -2.75193356e+00 -2.76589733e+00 -3.72430035e+00 -2.75193356e+00
   -2.75193356e+00 -2.75193356e+00]]

 [[ 2.93652680e-11  9.13133176e-12  1.16848774e-11  2.60438694e-11
    2.45479859e-11  3.70143563e-11  4.32366914e-11  1.86153274e-11
    2.74614461e-11  7.62952669e-12]
  [ 3.00000019e+00  3.00000134e+00  3.00000001e+00  3.00000022e+00
    3.00000043e+00  3.00000025e+00  3.00000017e+00  3.00000018e+00
    3.00000002e+00  3.00000027e+00]
  [-2.76589733e+00 -5.12882280e+00 -5.08767183e+00 -1.04029095e+01
   -3.72430035e+00 -5.08767183e+00 -3.72430035e+00 -1.83759297e+00
   -1.04028582e+01 -1.04028074e+01]]]