[[[3.60e-10 1.55e-08 5.93e-09 4.88e-10 9.27e-11 1.72e-10 2.01e-10
   5.17e-11 5.37e+00 2.03e-10]
  [3.00e+00 3.00e+01 3.00e+00 3.00e+00 3.00e+00 3.00e+00 3.00e+00
   3.00e+00 3.00e+00 3.00e+00]
  [-2.77e+00 -1.04e+01 -5.13e+00 -2.77e+00 -2.75e+00 -3.72e+00 -2.75e+00
   -1.04e+01 -3.72e+00 -2.75e+00]]

 [[2.93e-10 1.67e-10 1.60e-10 9.46e-02 1.75e-10 1.01e+02 2.42e-10
   2.56e-10 6.30e-10 5.90e-10]
  [3.00e+00 3.00e+00 3.00e+00 3.00e+00 3.00e+00 3.00e+00 3.00e+00
   3.00e+00 3.00e+00 3.00e+00]
  [-5.13e+00 -1.04e+01 -2.77e+00 -1.04e+01 -5.09e+00 -5.13e+00 -3.72e+00
   -5.09e+00 -1.04e+01 -5.09e+00]]

 [[4.76e-10 1.19e-10 7.97e+01 5.03e-10 5.16e-10 2.50e-10 3.24e-10
   7.48e-11 8.96e+00 2.09e-10]
  [3.00e+00 3.00e+00 3.00e+00 3.00e+00 3.00e+00 3.00e+00 3.00e+00
   3.00e+00 3.00e+00 3.00e+01]
  [-2.77e+00 -2.77e+00 -5.13e+00 -2.77e+00 -3.72e+00 -3.72e+00 -2.77e+00
   -2.77e+00 -2.77e+00 -2.77e+00]]

 [[1.09e-07 3.29e-07 7.99e-08 1.04e-07 7.43e-08 1.37e-07 6.06e-08
   4.70e-07 2.54e-07 1.17e-07]
  [3.00e+00 3.00e+00 3.00e+00 3.00e+00 3.00e+00 3.00e+00 3.00e+00
   3.00e+00 3.00e+00 3.00e+00]
  [-1.04e+01 -5.09e+00 -3.72e+00 -2.77e+00 -3.72e+00 -2.75e+00 -5.13e+00
   -1.04e+01 -2.77e+00 -1.04e+01]]

 [[1.86e-07 9.81e-08 2.86e-07 1.27e-07 1.43e-07 9.02e-08 1.95e-07
   6.62e-08 8.55e-08 2.75e-07]
  [3.00e+00 3.00e+00 3.00e+00 3.00e+00 3.00e+00 3.00e+00 3.00e+00
   3.00e+00 3.00e+00 3.00e+00]
  [-2.77e+00 -2.75e+00 -2.77e+00 -5.13e+00 -2.75e+00 -2.77e+00 -5.13e+00
   -1.84e+00 -1.04e+01 -2.75e+00]]

 [[6.80e-08 8.97e-08 1.24e-07 1.44e-07 1.19e-07 1.23e-07 1.65e-07
   1.02e-07 1.42e-07 1.92e-07]
  [3.00e+00 3.00e+00 3.00e+00 3.00e+00 3.00e+00 3.00e+00 3.00e+00
   3.00e+00 3.00e+00 3.00e+00]
  [-5.09e+00 -2.77e+00 -5.09e+00 -1.04e+01 -1.04e+01 -2.75e+00 -5.13e+00
   -1.04e+01 -5.09e+00 -2.77e+00]]

 [[3.99e-07 1.92e-07 4.99e-07 7.56e-07 3.42e-07 4.29e-07 4.25e-07
   8.65e-07 3.90e-07 1.26e-06]
  [3.00e+00 3.00e+00 3.00e+00 3.00e+00 3.00e+00 3.00e+00 3.00e+00
   3.00e+00 3.00e+00 3.00e+00]
  [-5.09e+00 -2.77e+00 -1.84e+00 -1.04e+01 -1.84e+00 -2.77e+00 -5.13e+00
   -5.09e+00 -1.04e+01 -1.84e+00]]

 [[7.79e-07 3.13e-07 3.01e-07 1.32e-06 2.90e-07 4.38e-07 2.59e-07
   4.07e-07 7.19e-07 1.29e-07]
  [3.00e+00 3.00e+00 3.00e+00 3.00e+00 3.00e+00 3.00e+00 3.00e+00
   3.00e+00 3.00e+00 3.00e+00]
  [-5.09e+00 -5.13e+00 -2.77e+00 -5.09e+00 -3.72e+00 -3.72e+00 -2.75e+00
   -3.72e+00 -1.04e+01 -5.13e+00]]

 [[5.11e-07 4.94e-07 1.37e-06 8.20e-07 1.43e-07 7.80e-07 5.08e-07
   5.13e-07 1.27e-07 5.47e-07]
  [3.00e+00 3.00e+00 3.00e+00 3.00e+00 3.00e+00 3.00e+00 3.00e+00
   3.00e+00 3.00e+00 3.00e+00]
  [-3.72e+00 -2.75e+00 -1.84e+00 -2.75e+00 -1.04e+01 -3.72e+00 -2.75e+00
   -5.13e+00 -5.09e+00 -2.77e+00]]

 [[3.33e-07 1.23e-06 6.88e-07 9.65e-07 1.68e-06 1.14e-06 5.58e-07
   9.64e-07 7.90e-07 1.02e-06]
  [3.00e+00 3.00e+00 3.00e+00 3.00e+00 3.00e+00 3.00e+00 3.00e+00
   3.00e+00 3.00e+00 3.00e+00]
  [-1.04e+01 -2.77e+00 -3.72e+00 -3.72e+00 -2.75e+00 -3.72e+00 -5.13e+00
   -2.77e+00 -1.04e+01 -1.04e+01]]

 [[8.51e-07 2.18e-06 2.40e-06 2.20e-06 1.27e-06 9.06e-07 5.32e-07
   7.20e-07 1.72e-06 2.15e-06]
  [3.00e+00 3.00e+00 3.00e+00 3.00e+00 3.00e+00 3.00e+00 3.00e+00
   3.00e+00 3.00e+00 3.00e+00]
  [-1.04e+01 -2.77e+00 -3.72e+00 -2.75e+00 -1.04e+01 -1.84e+00 -2.77e+00
   -5.09e+00 -2.77e+00 -3.72e+00]]

 [[1.30e-06 6.33e-07 2.46e-07 1.97e-06 2.19e-06 8.80e-07 1.50e-06
   9.17e-07 1.41e-06 1.45e-06]
  [3.00e+00 3.00e+00 3.00e+00 3.00e+00 3.00e+00 3.00e+00 3.00e+00
   3.00e+00 3.00e+00 3.00e+00]
  [-5.09e+00 -5.13e+00 -2.77e+00 -5.13e+00 -1.04e+01 -5.09e+00 -1.04e+01
   -3.72e+00 -5.09e+00 -1.04e+01]]

 [[4.92e-06 5.56e-06 6.34e-06 2.56e-06 8.07e-06 6.24e-06 5.85e-06
   1.43e-06 8.31e-06 8.94e-06]
  [3.00e+00 3.00e+00 3.00e+00 3.00e+00 3.00e+00 3.00e+00 3.00e+00
   3.00e+00 3.00e+00 3.00e+00]
  [-5.13e+00 -5.09e+00 -3.72e+00 -2.75e+00 -5.09e+00 -1.04e+01 -5.09e+00
   -1.04e+01 -2.77e+00 -2.77e+00]]

 [[6.50e-06 6.38e-06 2.13e-06 3.68e-06 3.71e-06 2.25e-05 5.32e-06
   1.43e-05 3.24e-06 1.38e-05]
  [3.00e+00 3.00e+00 3.00e+00 3.00e+00 3.00e+00 3.00e+00 3.00e+00
   3.00e+00 3.00e+00 3.00e+00]
  [-2.77e+00 -3.72e+00 -2.77e+00 -2.75e+00 -3.72e+00 -3.72e+00 -5.13e+00
   -1.04e+01 -1.84e+00 -1.84e+00]]

 [[5.18e-06 3.69e-06 3.38e-06 8.95e-06 1.76e-06 3.44e-06 1.47e-05
   3.04e-06 2.33e-06 4.27e-06]
  [3.00e+00 3.00e+00 3.00e+00 3.00e+00 3.00e+00 3.00e+00 3.00e+00
   3.00e+00 3.00e+00 3.00e+00]
  [-5.09e+00 -3.72e+00 -3.72e+00 -2.77e+00 -1.04e+01 -1.04e+01 -1.84e+00
   -2.77e+00 -5.09e+00 -1.04e+01]]

 [[1.20e-05 9.32e-05 1.92e-05 3.22e-05 5.80e-05 2.55e-05 8.90e-05
   9.64e-06 6.01e-05 8.08e-05]
  [3.00e+00 3.00e+00 3.00e+00 3.12e+00 3.00e+00 3.00e+00 3.00e+00
   3.00e+00 3.00e+00 3.00e+00]
  [-3.72e+00 -1.84e+00 -5.09e+00 -2.77e+00 -1.04e+01 -5.09e+00 -2.77e+00
   -1.04e+01 -3.72e+00 -5.09e+00]]

 [[1.93e-05 3.05e-05 8.86e-05 3.57e-05 5.67e-05 9.36e-05 2.59e-05
   1.40e-05 1.90e-05 1.97e-05]
  [3.00e+00 3.00e+00 3.00e+00 3.00e+00 3.00e+00 3.00e+00 3.00e+00
   3.00e+00 3.00e+00 3.00e+00]
  [-1.84e+00 -1.04e+01 -2.77e+00 -2.77e+00 -5.13e+00 -2.75e+00 -3.72e+00
   -5.09e+00 -2.75e+00 -5.13e+00]]

 [[5.16e-05 1.35e-05 2.29e-05 3.67e-05 6.05e-05 3.88e-05 2.99e-05
   3.63e-05 4.67e-05 6.05e-05]
  [3.00e+00 3.00e+00 3.00e+00 3.00e+00 3.00e+00 3.00e+00 3.00e+00
   3.00e+00 3.00e+00 3.00e+00]
  [-2.77e+00 -2.77e+00 -2.77e+00 -2.77e+00 -3.72e+00 -1.04e+01 -2.75e+00
   -2.77e+00 -5.13e+00 -1.04e+01]]

 [[2.09e-10 5.58e-10 1.99e-09 9.88e-10 2.27e-10 2.89e-10 2.11e-10
   1.05e-09 2.75e-10 3.29e-10]
  [3.00e+00 3.00e+00 3.00e+00 3.00e+00 3.00e+00 3.00e+00 3.00e+00
   3.00e+00 3.00e+00 3.00e+00]
  [-1.04e+01 -1.04e+01 -1.04e+01 -3.72e+00 -5.13e+00 -1.04e+01 -2.75e+00
   -3.72e+00 -1.04e+01 -1.04e+01]]

 [[3.01e-10 2.26e-10 3.53e-10 3.82e-10 1.49e-10 5.45e-10 6.00e-10
   1.19e-10 2.54e-10 2.72e-08]
  [3.00e+00 3.00e+00 3.00e+00 3.00e+00 3.00e+00 3.00e+00 3.00e+00
   3.00e+00 3.00e+00 3.00e+00]
  [-3.72e+00 -5.13e+00 -2.75e+00 -1.04e+01 -5.13e+00 -3.72e+00 -3.72e+00
   -2.77e+00 -1.04e+01 -5.13e+00]]

 [[1.21e-10 1.24e-09 1.91e-10 3.30e-10 4.22e-10 1.39e-10 3.89e-09
   1.52e-09 2.02e-10 2.68e-10]
  [3.00e+00 3.00e+00 3.00e+00 3.00e+00 3.00e+00 3.00e+00 3.00e+00
   3.00e+00 3.00e+00 3.00e+00]
  [-2.77e+00 -2.77e+00 -2.75e+00 -1.04e+01 -1.04e+01 -2.77e+00 -3.72e+00
   -3.72e+00 -2.77e+00 -1.04e+01]]

 [[1.47e-07 1.63e-07 8.22e-08 1.11e-07 1.90e-07 1.72e-07 5.90e-08
   2.65e-08 6.20e-08 1.28e-07]
  [3.00e+00 3.00e+00 3.00e+00 3.00e+00 3.00e+00 3.00e+00 3.00e+00
   3.00e+00 3.00e+00 3.00e+00]
  [-3.72e+00 -2.75e+00 -5.09e+00 -2.75e+00 -3.72e+00 -1.04e+01 -3.72e+00
   -1.04e+01 -1.04e+01 -1.04e+01]]

 [[2.80e-07 2.76e-07 1.88e-07 5.06e-08 1.97e-07 1.83e-07 1.11e-07
   1.68e-07 1.52e-07 2.12e-07]
  [3.00e+00 3.00e+00 3.00e+00 3.00e+00 3.00e+00 3.00e+00 3.00e+00
   3.00e+00 3.00e+00 3.00e+00]
  [-5.13e+00 -3.72e+00 -2.75e+00 -3.72e+00 -5.09e+00 -2.75e+00 -1.04e+01
   -1.04e+01 -3.72e+00 -2.75e+00]]

 [[2.05e-07 6.92e-08 9.42e-08 8.59e-08 7.01e-08 5.65e-08 4.17e-08
   7.18e-08 1.58e-08 2.88e-07]
  [3.00e+00 3.00e+00 3.00e+00 3.00e+00 3.00e+00 3.00e+00 3.00e+00
   3.00e+00 3.00e+00 3.00e+00]
  [-2.77e+00 -3.72e+00 -3.72e+00 -5.09e+00 -2.77e+00 -1.04e+01 -3.72e+00
   -1.04e+01 -1.04e+01 -3.72e+00]]

 [[6.55e-07 5.10e-07 2.81e-07 4.14e-08 2.33e-07 1.14e-06 5.90e-07
   4.20e-07 3.96e-07 1.84e-07]
  [3.00e+00 3.00e+00 3.00e+00 3.00e+00 3.00e+00 3.00e+00 3.00e+00
   3.00e+00 3.00e+00 3.00e+00]
  [-1.04e+01 -3.72e+00 -5.09e+00 -5.13e+00 -1.04e+01 -2.75e+00 -3.72e+00
   -5.13e+00 -1.04e+01 -1.84e+00]]

 [[7.40e-07 6.50e-07 1.09e-06 1.59e-06 1.90e-07 6.51e-07 7.51e-07
   2.70e-07 5.35e-07 2.04e-07]
  [3.00e+00 3.00e+00 3.00e+00 3.00e+00 3.00e+00 3.00e+00 3.00e+00
   3.00e+00 3.00e+00 3.00e+00]
  [-1.84e+00 -2.77e+00 -1.84e+00 -1.04e+01 -5.13e+00 -2.77e+00 -2.77e+00
   -1.04e+01 -3.72e+00 -2.75e+00]]

 [[2.56e-07 9.78e-07 7.55e-07 2.96e-07 5.57e-07 4.08e-07 8.80e-07
   5.85e-07 3.88e-07 2.99e-07]
  [3.00e+00 3.00e+00 3.00e+00 3.00e+00 3.00e+00 3.00e+00 3.00e+00
   3.00e+00 3.00e+00 3.00e+00]
  [-5.09e+00 -1.84e+00 -1.04e+01 -1.04e+01 -5.09e+00 -1.04e+01 -3.72e+00
   -5.13e+00 -1.04e+01 -1.04e+01]]

 [[1.39e-06 8.85e-07 2.71e-06 1.33e-06 1.44e-06 1.58e-06 1.41e-06
   1.02e-06 1.38e-06 1.20e-06]
  [3.00e+00 3.00e+00 3.00e+00 3.00e+00 3.00e+00 3.00e+00 3.00e+00
   3.00e+00 3.00e+00 3.00e+00]
  [-1.04e+01 -3.72e+00 -5.09e+00 -3.72e+00 -2.75e+00 -3.72e+00 -1.84e+00
   -3.72e+00 -1.04e+01 -2.77e+00]]

 [[1.26e-06 3.00e-06 7.00e-07 1.79e-06 1.14e-06 1.57e-06 4.99e-07
   1.90e-06 5.12e-07 2.08e-06]
  [3.00e+00 3.00e+00 3.00e+00 3.00e+00 3.00e+00 3.00e+00 3.00e+00
   3.00e+00 3.00e+00 3.00e+00]
  [-2.77e+00 -1.04e+01 -1.04e+01 -2.75e+00 -3.72e+00 -1.04e+01 -5.09e+00
   -2.75e+00 -2.77e+00 -2.77e+00]]

 [[3.80e-06 8.95e-07 9.65e-07 5.88e-07 2.82e-06 1.00e-06 8.25e-07
   4.00e-06 1.49e-06 3.02e-06]
  [3.00e+00 3.00e+00 3.00e+00 3.00e+00 3.00e+00 3.00e+00 3.00e+00
   3.00e+00 3.00e+00 3.00e+00]
  [-1.04e+01 -1.84e+00 -1.84e+00 -3.72e+00 -2.75e+00 -2.75e+00 -1.04e+01
   -2.75e+00 -3.72e+00 -1.04e+01]]

 [[6.00e-06 6.25e-06 2.67e-06 9.40e-06 5.99e-06 5.18e-06 4.94e-06
   6.94e-06 5.32e-06 8.87e-07]
  [3.00e+00 3.00e+00 3.00e+00 3.00e+00 3.00e+00 3.00e+00 3.00e+00
   3.00e+00 3.00e+00 3.00e+00]
  [-2.77e+00 -5.09e+00 -5.13e+00 -1.04e+01 -2.77e+00 -5.13e+00 -2.75e+00
   -3.72e+00 -2.75e+00 -5.13e+00]]

 [[9.93e-06 1.05e-05 3.10e-06 1.80e-06 3.69e-06 1.08e-05 5.21e-06
   4.16e-06 4.82e-06 1.32e-06]
  [3.00e+00 3.00e+00 3.00e+00 3.00e+00 3.00e+00 3.00e+00 3.00e+00
   3.00e+00 3.00e+00 3.00e+00]
  [-1.04e+01 -5.09e+00 -2.75e+00 -1.04e+01 -5.09e+00 -1.04e+01 -3.72e+00
   -3.72e+00 -2.75e+00 -2.77e+00]]

 [[1.41e-05 3.77e-06 7.46e-06 3.37e-05 1.29e-05 2.51e-06 2.31e-06
   3.89e-06 2.57e-06 6.09e-06]
  [3.00e+00 3.00e+00 3.00e+00 3.00e+00 3.00e+00 3.00e+00 3.00e+00
   3.00e+00 3.00e+00 3.00e+00]
  [-1.04e+01 -5.09e+00 -1.84e+00 -1.04e+01 -3.72e+00 -3.72e+00 -2.75e+00
   -5.09e+00 -5.13e+00 -2.75e+00]]

 [[1.90e-05 1.28e-04 3.09e-05 3.46e-05 9.56e-05 1.51e-05 6.44e-05
   7.35e-05 6.42e-05 4.28e-05]
  [3.00e+00 3.00e+00 3.00e+00 3.00e+00 3.00e+00 3.00e+00 3.00e+00
   3.00e+00 3.00e+00 3.00e+00]
  [-1.04e+01 -1.04e+01 -1.04e+01 -1.04e+01 -3.72e+00 -5.13e+00 -5.13e+00
   -5.13e+00 -2.77e+00 -1.04e+01]]

 [[4.96e-05 8.01e-05 3.47e-05 4.18e-05 3.59e-05 3.32e-05 2.01e-05
   7.52e-05 6.47e-05 1.60e-04]
  [3.00e+00 3.00e+00 3.00e+00 3.00e+00 3.00e+00 3.00e+00 3.00e+00
   3.00e+00 3.00e+00 3.00e+00]
  [-3.72e+00 -2.77e+00 -2.75e+00 -5.13e+00 -5.09e+00 -1.04e+01 -5.09e+00
   -5.09e+00 -2.75e+00 -2.75e+00]]

 [[2.72e-05 1.44e-05 1.41e-04 3.78e-05 2.09e-04 5.76e-05 3.91e-05
   3.85e-05 7.32e-05 2.86e-06]
  [3.00e+00 3.00e+00 3.00e+00 3.00e+00 3.00e+00 3.00e+00 3.00e+00
   3.00e+00 3.00e+00 3.00e+00]
  [-2.77e+00 -1.04e+01 -1.04e+01 -5.09e+00 -3.72e+00 -2.77e+00 -2.75e+00
   -5.09e+00 -2.77e+00 -2.75e+00]]

 [[9.99e-11 1.85e-10 2.87e-11 9.52e-11 1.08e-10 2.40e-11 1.29e-10
   7.94e-11 6.84e-11 1.03e-10]
  [3.00e+00 3.00e+00 3.00e+00 3.00e+00 3.00e+00 3.00e+00 3.00e+00
   3.00e+00 3.00e+00 3.00e+00]
  [-2.75e+00 -3.72e+00 -3.72e+00 -5.09e+00 -2.77e+00 -2.75e+00 -2.75e+00
   -5.09e+00 -5.09e+00 -1.04e+01]]

 [[8.47e-11 7.59e-11 6.83e-11 1.45e-10 3.59e-11 8.55e-11 1.40e-10
   3.42e-11 3.74e-11 8.83e-11]
  [3.00e+00 3.00e+00 3.00e+01 3.00e+00 3.00e+00 3.00e+00 3.00e+01
   3.00e+00 3.00e+00 3.00e+00]
  [-1.04e+01 -2.75e+00 -2.75e+00 -2.75e+00 -3.72e+00 -1.04e+01 -5.13e+00
   -1.04e+01 -2.75e+00 -2.77e+00]]

 [[1.94e-10 1.32e-10 1.55e-10 2.40e-11 2.30e-10 1.30e-10 6.77e-11
   1.55e-10 5.79e-11 2.15e-10]
  [3.00e+00 3.00e+00 3.00e+00 3.00e+00 3.00e+00 3.00e+00 3.00e+01
   3.00e+00 3.00e+00 3.00e+00]
  [-1.04e+01 -1.04e+01 -2.77e+00 -2.77e+00 -1.04e+01 -1.04e+01 -2.75e+00
   -5.09e+00 -5.13e+00 -2.75e+00]]

 [[7.35e-08 7.27e-08 3.44e-08 2.09e-08 8.05e-08 1.94e-08 1.49e-08
   1.13e-08 1.19e-07 4.84e-08]
  [3.00e+00 3.00e+00 3.00e+00 3.00e+00 3.00e+00 3.00e+00 3.00e+00
   3.00e+00 3.00e+00 3.00e+00]
  [-2.77e+00 -5.09e+00 -1.04e+01 -1.04e+01 -2.77e+00 -1.04e+01 -1.04e+01
   -1.84e+00 -3.72e+00 -3.72e+00]]

 [[5.19e-08 6.74e-08 6.86e-08 2.47e-08 3.56e-08 3.63e-08 5.82e-08
   1.33e-08 4.96e-08 3.36e-08]
  [3.00e+00 3.00e+00 3.00e+00 3.00e+00 3.00e+00 3.00e+00 3.00e+00
   3.00e+00 3.00e+00 3.00e+00]
  [-5.13e+00 -3.72e+00 -3.72e+00 -2.77e+00 -2.77e+00 -1.04e+01 -1.04e+01
   -1.84e+00 -1.04e+01 -2.77e+00]]

 [[4.13e-08 4.18e-08 3.68e-08 1.11e-07 3.11e-08 2.22e-08 4.45e-08
   2.23e-08 1.62e-08 1.02e-07]
  [3.00e+00 3.00e+00 3.00e+00 3.00e+00 3.00e+00 3.00e+00 3.00e+00
   3.00e+00 3.00e+00 3.00e+00]
  [-5.13e+00 -2.75e+00 -1.04e+01 -2.75e+00 -1.04e+01 -5.13e+00 -1.04e+01
   -2.77e+00 -2.75e+00 -2.77e+00]]

 [[3.68e-07 1.22e-07 2.52e-07 1.76e-07 1.89e-07 6.00e-08 8.83e-08
   3.80e-07 2.81e-07 2.29e-07]
  [3.00e+00 3.00e+00 3.00e+00 3.00e+00 3.00e+00 3.00e+00 3.00e+00
   3.00e+00 3.00e+00 3.00e+00]
  [-1.04e+01 -5.09e+00 -1.04e+01 -1.04e+01 -3.72e+00 -1.04e+01 -3.72e+00
   -1.84e+00 -5.13e+00 -1.04e+01]]

 [[2.95e-07 2.84e-07 1.49e-07 1.28e-07 1.81e-07 1.48e-07 1.14e-07
   1.87e-07 1.30e-07 7.77e-08]
  [3.00e+00 3.00e+00 3.00e+00 3.00e+00 3.00e+00 3.00e+00 3.00e+00
   3.00e+00 3.00e+00 3.00e+00]
  [-2.77e+00 -5.13e+00 -1.04e+01 -1.04e+01 -1.04e+01 -1.04e+01 -3.72e+00
   -1.04e+01 -1.04e+01 -5.13e+00]]

 [[2.50e-07 2.52e-07 1.75e-07 7.39e-07 9.13e-08 2.01e-07 2.67e-07
   4.86e-08 3.04e-07 3.10e-07]
  [3.00e+00 3.00e+00 3.00e+00 3.00e+00 3.00e+00 3.00e+00 3.00e+00
   3.00e+00 3.00e+00 3.00e+00]
  [-5.13e+00 -1.04e+01 -2.75e+00 -3.72e+00 -2.77e+00 -2.77e+00 -2.75e+00
   -2.75e+00 -3.72e+00 -1.04e+01]]

 [[3.04e-07 2.02e-07 7.74e-07 7.08e-07 1.00e-06 5.30e-07 3.59e-07
   3.83e-07 2.89e-07 3.78e-07]
  [3.00e+00 3.00e+00 3.00e+00 3.00e+00 3.00e+00 3.00e+00 3.00e+00
   3.00e+00 3.00e+00 3.00e+00]
  [-1.84e+00 -1.84e+00 -1.04e+01 -3.72e+00 -1.04e+01 -5.13e+00 -3.72e+00
   -1.04e+01 -5.09e+00 -3.72e+00]]

 [[3.63e-07 7.06e-07 5.08e-07 1.40e-06 9.54e-07 3.22e-07 5.24e-07
   1.91e-06 3.36e-07 6.97e-08]
  [3.00e+00 3.00e+00 3.00e+00 3.00e+00 3.00e+00 3.00e+00 3.00e+00
   3.00e+00 3.00e+00 3.00e+00]
  [-5.09e+00 -1.04e+01 -5.13e+00 -2.77e+00 -3.72e+00 -1.04e+01 -3.72e+00
   -5.09e+00 -1.84e+00 -1.84e+00]]

 [[1.29e-06 3.35e-07 1.37e-06 6.94e-08 1.26e-07 7.66e-07 1.71e-07
   7.83e-07 1.09e-06 1.31e-07]
  [3.00e+00 3.00e+00 3.00e+00 3.00e+00 3.00e+00 3.00e+00 3.00e+00
   3.00e+00 3.00e+00 3.00e+00]
  [-1.04e+01 -2.75e+00 -5.13e+00 -1.04e+01 -1.04e+01 -2.75e+00 -3.72e+00
   -2.75e+00 -3.72e+00 -2.77e+00]]

 [[2.91e-06 1.45e-06 1.01e-06 1.64e-06 3.78e-06 2.10e-06 4.27e-06
   3.24e-06 4.04e-06 4.01e-06]
  [3.00e+00 3.00e+00 3.00e+00 3.00e+00 3.00e+00 3.00e+00 3.00e+00
   3.00e+00 3.00e+00 3.00e+00]
  [-3.72e+00 -1.04e+01 -5.13e+00 -5.13e+00 -1.04e+01 -5.09e+00 -1.04e+01
   -1.04e+01 -5.13e+00 -1.04e+01]]

 [[3.50e-06 5.34e-06 4.56e-06 7.77e-07 3.20e-06 1.73e-06 3.68e-06
   6.34e-07 2.21e-06 4.19e-06]
  [3.00e+00 3.00e+00 3.00e+00 3.00e+00 3.00e+00 3.00e+00 3.00e+00
   3.00e+00 3.00e+00 3.00e+00]
  [-2.77e+00 -2.77e+00 -1.04e+01 -2.77e+00 -3.72e+00 -2.77e+00 -3.72e+00
   -1.04e+01 -1.04e+01 -5.09e+00]]

 [[1.31e-06 1.66e-06 1.73e-06 2.79e-06 2.01e-06 8.07e-07 9.51e-07
   2.41e-06 1.67e-06 1.42e-06]
  [3.00e+00 3.00e+00 3.00e+00 3.00e+00 3.00e+00 3.00e+00 3.00e+00
   3.00e+00 3.00e+00 3.00e+00]
  [-2.77e+00 -2.75e+00 -3.72e+00 -5.13e+00 -1.04e+01 -1.84e+00 -1.04e+01
   -1.04e+01 -2.77e+00 -2.77e+00]]

 [[1.36e-05 2.75e-05 1.23e-05 1.46e-05 6.20e-06 1.97e-05 1.12e-05
   4.59e-06 1.29e-05 7.03e-06]
  [3.00e+00 3.00e+00 3.00e+00 3.00e+00 3.00e+00 3.00e+00 3.00e+00
   3.00e+00 3.00e+00 3.00e+00]
  [-5.09e+00 -1.04e+01 -1.04e+01 -2.77e+00 -1.04e+01 -1.84e+00 -3.72e+00
   -3.72e+00 -2.75e+00 -1.04e+01]]

 [[4.33e-06 3.91e-05 1.92e-05 2.82e-06 1.70e-05 8.99e-06 4.81e-06
   2.07e-05 2.73e-05 6.20e-06]
  [3.00e+00 3.00e+00 3.00e+00 3.00e+01 3.00e+00 3.00e+00 3.00e+00
   3.00e+00 3.00e+00 3.00e+00]
  [-5.13e+00 -1.84e+00 -2.77e+00 -1.84e+00 -3.72e+00 -3.72e+00 -3.72e+00
   -2.77e+00 -2.75e+00 -5.13e+00]]

 [[1.61e-05 8.07e-06 8.16e-06 2.23e-05 1.23e-05 1.34e-05 1.88e-05
   9.15e-06 2.43e-05 1.32e-05]
  [3.00e+00 3.00e+00 3.00e+00 3.00e+00 3.00e+00 3.00e+00 3.00e+00
   3.00e+00 3.00e+00 3.00e+00]
  [-1.84e+00 -3.72e+00 -2.77e+00 -1.04e+01 -3.72e+00 -1.04e+01 -5.13e+00
   -5.13e+00 -1.04e+01 -3.72e+00]]

 [[1.24e-10 2.87e-10 1.38e-10 1.35e-10 2.44e-11 1.42e-10 8.48e-11
   1.18e-10 8.77e-11 5.14e-11]
  [3.00e+00 3.00e+00 3.00e+00 3.00e+00 3.00e+00 3.00e+00 3.00e+00
   3.00e+01 3.00e+00 3.00e+00]
  [-1.04e+01 -5.09e+00 -1.04e+01 -1.84e+00 -5.09e+00 -3.72e+00 -3.72e+00
   -1.04e+01 -2.77e+00 -3.72e+00]]

 [[2.23e-10 1.35e-10 4.69e-11 2.09e-10 9.77e-11 4.19e-11 6.95e-11
   3.18e-11 5.47e-11 9.58e-11]
  [3.00e+00 3.00e+00 3.00e+00 3.00e+00 3.00e+00 3.00e+00 3.00e+00
   3.00e+00 3.00e+00 3.00e+01]
  [-1.84e+00 -3.72e+00 -5.13e+00 -2.77e+00 -1.04e+01 -2.75e+00 -3.72e+00
   -3.72e+00 -3.72e+00 -1.04e+01]]

 [[6.34e-11 4.80e-11 7.58e-11 1.13e-10 6.09e-11 1.21e-10 1.81e-10
   2.48e-10 5.88e-11 1.96e-10]
  [3.00e+00 3.00e+00 3.00e+00 3.00e+00 3.00e+00 3.00e+00 3.00e+00
   3.00e+00 3.00e+00 3.00e+00]
  [-2.75e+00 -2.77e+00 -3.72e+00 -5.09e+00 -2.77e+00 -3.72e+00 -5.13e+00
   -5.13e+00 -3.72e+00 -1.04e+01]]

 [[3.51e-08 2.52e-08 1.14e-08 2.12e-08 3.81e-08 1.99e-08 8.64e-08
   9.67e-09 2.30e-08 3.66e-08]
  [3.00e+00 3.00e+00 3.00e+00 3.00e+00 3.00e+00 3.00e+00 3.00e+00
   3.00e+00 3.00e+00 3.00e+00]
  [-2.75e+00 -3.72e+00 -1.84e+00 -3.72e+00 -2.77e+00 -3.72e+00 -2.77e+00
   -1.84e+00 -2.77e+00 -5.13e+00]]

 [[1.06e-07 7.84e-08 6.84e-08 1.95e-08 5.60e-08 2.41e-08 1.45e-08
   7.52e-08 2.10e-08 5.59e-08]
  [3.00e+00 3.00e+00 3.00e+00 3.00e+00 3.00e+00 3.00e+00 3.00e+00
   3.00e+00 3.00e+00 3.00e+00]
  [-2.77e+00 -1.04e+01 -2.77e+00 -2.75e+00 -5.09e+00 -3.72e+00 -3.72e+00
   -3.72e+00 -3.72e+00 -2.77e+00]]

 [[9.55e-08 8.99e-08 1.39e-07 1.52e-08 3.62e-08 4.71e-08 1.99e-08
   1.41e-08 2.14e-08 1.04e-08]
  [3.00e+00 3.00e+00 3.00e+00 3.00e+00 3.00e+00 3.00e+00 3.00e+00
   3.00e+00 3.00e+00 3.00e+00]
  [-3.72e+00 -1.84e+00 -3.72e+00 -1.04e+01 -1.84e+00 -1.04e+01 -1.04e+01
   -1.04e+01 -5.09e+00 -3.72e+00]]

 [[4.92e-07 1.56e-07 1.22e-07 2.22e-07 4.06e-07 4.29e-08 1.24e-07
   1.42e-07 4.68e-07 1.16e-07]
  [3.00e+00 3.00e+00 3.00e+00 3.00e+00 3.00e+00 3.00e+00 3.00e+00
   3.00e+00 3.00e+00 3.00e+00]
  [-3.72e+00 -3.72e+00 -5.13e+00 -2.75e+00 -5.09e+00 -2.77e+00 -3.72e+00
   -3.72e+00 -2.75e+00 -2.75e+00]]

 [[4.31e-07 3.23e-07 1.33e-07 3.51e-07 2.27e-08 1.73e-07 3.38e-07
   2.44e-07 2.71e-07 3.81e-07]
  [3.00e+00 3.00e+00 3.00e+00 3.00e+00 3.00e+00 3.00e+00 3.00e+00
   3.00e+00 3.00e+00 3.00e+00]
  [-2.77e+00 -3.72e+00 -3.72e+00 -3.72e+00 -1.04e+01 -1.84e+00 -1.04e+01
   -5.09e+00 -5.09e+00 -3.72e+00]]

 [[2.62e-07 2.66e-07 2.30e-07 6.17e-07 1.55e-07 1.68e-07 3.65e-07
   5.65e-08 2.94e-07 9.51e-08]
  [3.00e+00 3.00e+00 3.00e+00 3.00e+00 3.00e+00 3.00e+00 3.00e+00
   3.00e+00 3.00e+00 3.00e+00]
  [-2.77e+00 -1.04e+01 -1.04e+01 -2.77e+00 -5.09e+00 -3.72e+00 -1.04e+01
   -1.84e+00 -1.04e+01 -5.13e+00]]

 [[7.76e-07 4.99e-07 8.33e-07 7.87e-07 1.58e-07 3.51e-07 1.67e-07
   4.57e-07 1.41e-07 9.00e-07]
  [3.00e+00 3.00e+00 3.00e+00 3.00e+00 3.00e+00 3.00e+00 3.00e+00
   3.00e+00 3.00e+00 3.00e+00]
  [-3.72e+00 -2.75e+00 -3.72e+00 -5.09e+00 -3.72e+00 -5.13e+00 -1.04e+01
   -1.04e+01 -1.04e+01 -2.77e+00]]

 [[4.08e-07 1.12e-06 4.31e-07 4.38e-07 7.64e-07 1.76e-07 2.99e-07
   8.43e-07 1.24e-07 1.34e-06]
  [3.00e+00 3.00e+00 3.00e+00 3.00e+00 3.00e+00 3.00e+00 3.00e+00
   3.00e+00 3.00e+00 3.00e+00]
  [-1.84e+00 -1.04e+01 -5.13e+00 -1.04e+01 -2.75e+00 -3.72e+00 -1.04e+01
   -3.72e+00 -2.77e+00 -2.75e+00]]

 [[3.80e-07 7.04e-07 7.66e-07 5.74e-07 1.18e-07 6.01e-07 5.07e-07
   5.44e-07 8.01e-07 2.15e-07]
  [3.00e+00 3.00e+00 3.00e+00 3.00e+00 3.00e+00 3.00e+00 3.00e+00
   3.00e+00 3.00e+00 3.00e+00]
  [-1.04e+01 -5.13e+00 -3.72e+00 -5.13e+00 -1.04e+01 -5.13e+00 -5.09e+00
   -1.04e+01 -5.09e+00 -3.72e+00]]

 [[6.55e-06 4.01e-06 2.67e-06 1.14e-06 1.83e-06 3.80e-06 2.60e-06
   9.09e-07 2.92e-06 2.86e-06]
  [3.00e+00 3.00e+00 3.00e+00 3.00e+00 3.00e+00 3.00e+00 3.00e+00
   3.00e+00 3.00e+00 3.00e+00]
  [-2.77e+00 -2.75e+00 -3.72e+00 -2.75e+00 -2.75e+00 -5.09e+00 -2.75e+00
   -5.13e+00 -1.84e+00 -5.13e+00]]

 [[1.53e-06 2.19e-06 2.59e-06 1.91e-06 6.14e-06 3.25e-06 1.28e-06
   2.73e-06 1.29e-06 4.88e-06]
  [3.00e+00 3.00e+00 3.00e+00 3.00e+00 3.00e+00 3.00e+00 3.00e+00
   3.00e+00 3.00e+00 3.00e+00]
  [-3.72e+00 -3.72e+00 -5.13e+00 -1.04e+01 -2.75e+00 -3.72e+00 -1.04e+01
   -3.72e+00 -1.04e+01 -1.04e+01]]

 [[4.61e-06 1.04e-05 3.02e-06 1.51e-06 3.55e-06 5.31e-06 2.50e-06
   2.29e-06 2.03e-06 1.32e-06]
  [3.00e+00 3.00e+00 3.00e+00 3.00e+00 3.00e+00 3.00e+00 3.00e+00
   3.00e+00 3.00e+00 3.00e+00]
  [-1.04e+01 -5.09e+00 -2.77e+00 -1.04e+01 -2.77e+00 -1.04e+01 -2.77e+00
   -5.09e+00 -2.77e+00 -3.72e+00]]

 [[9.87e-06 1.33e-05 1.12e-05 5.53e-06 4.53e-06 9.34e-06 1.04e-05
   1.48e-05 7.69e-06 1.19e-05]
  [3.00e+00 3.00e+00 3.00e+00 3.00e+00 3.00e+00 3.00e+00 3.00e+00
   3.00e+00 3.00e+00 3.00e+00]
  [-1.04e+01 -1.04e+01 -1.04e+01 -3.72e+00 -2.75e+00 -1.04e+01 -1.84e+00
   -2.77e+00 -1.04e+01 -1.04e+01]]

 [[2.02e-05 2.19e-05 3.90e-05 3.99e-05 9.32e-06 4.29e-06 7.60e-06
   9.04e-06 3.25e-05 7.62e-06]
  [3.00e+00 3.00e+00 3.00e+00 3.00e+00 3.00e+00 3.00e+00 3.00e+00
   3.00e+00 3.00e+00 3.00e+00]
  [-3.72e+00 -2.75e+00 -2.75e+00 -1.04e+01 -2.75e+00 -3.72e+00 -1.84e+00
   -1.84e+00 -2.77e+00 -2.77e+00]]

 [[1.53e-05 1.36e-05 7.93e-06 2.33e-05 1.32e-05 1.92e-05 2.32e-05
   2.13e-05 1.30e-05 1.37e-05]
  [3.00e+00 3.00e+00 3.00e+00 3.00e+00 3.00e+00 3.00e+00 3.00e+00
   3.00e+00 3.00e+00 3.00e+00]
  [-5.13e+00 -2.77e+00 -5.09e+00 -5.13e+00 -2.75e+00 -3.72e+00 -3.72e+00
   -1.04e+01 -5.09e+00 -5.09e+00]]

 [[3.05e-11 2.12e-10 1.31e-10 1.83e-10 1.61e-10 4.23e-11 3.44e-11
   1.37e-11 5.16e-11 1.00e-10]
  [3.00e+00 3.00e+00 3.00e+00 3.00e+01 3.00e+00 3.00e+00 3.00e+00
   3.00e+00 3.00e+00 3.00e+00]
  [-1.04e+01 -2.75e+00 -1.04e+01 -1.04e+01 -2.75e+00 -1.04e+01 -2.77e+00
   -1.04e+01 -3.72e+00 -1.84e+00]]

 [[1.62e-10 9.00e-11 5.14e-11 1.36e-10 7.70e-11 1.19e-10 1.56e-10
   1.45e-10 5.52e-10 6.63e-11]
  [3.00e+01 3.00e+00 3.00e+00 3.00e+01 3.00e+00 3.00e+00 3.00e+00
   3.00e+00 3.00e+00 3.00e+00]
  [-2.75e+00 -1.04e+01 -2.77e+00 -3.72e+00 -5.09e+00 -2.77e+00 -1.04e+01
   -1.04e+01 -2.75e+00 -3.72e+00]]

 [[5.51e-11 3.01e-11 9.78e-11 7.14e-11 7.00e-11 1.13e-10 3.14e-11
   4.95e-11 8.86e-11 1.34e-10]
  [3.00e+00 3.00e+00 3.00e+01 3.00e+00 3.00e+00 3.00e+00 3.00e+00
   3.00e+00 3.00e+00 3.00e+00]
  [-2.77e+00 -2.75e+00 -3.72e+00 -1.04e+01 -3.72e+00 -1.04e+01 -5.13e+00
   -1.04e+01 -3.72e+00 -1.04e+01]]

 [[2.78e-08 9.78e-08 6.52e-08 3.74e-08 1.69e-08 1.20e-08 5.28e-08
   4.87e-08 3.16e-08 3.78e-08]
  [3.00e+00 3.00e+00 3.00e+00 3.00e+00 3.00e+00 3.00e+00 3.00e+00
   3.00e+00 3.00e+00 3.00e+00]
  [-1.04e+01 -5.09e+00 -1.84e+00 -5.09e+00 -2.75e+00 -2.75e+00 -2.75e+00
   -3.72e+00 -5.13e+00 -5.09e+00]]

 [[2.69e-08 3.27e-08 8.45e-09 1.06e-08 2.31e-08 3.27e-08 3.57e-08
   2.10e-08 1.01e-08 2.81e-08]
  [3.00e+00 3.00e+00 3.00e+00 3.00e+00 3.00e+00 3.00e+00 3.00e+00
   3.00e+00 3.00e+00 3.00e+00]
  [-1.04e+01 -2.75e+00 -1.84e+00 -1.04e+01 -2.77e+00 -2.77e+00 -1.04e+01
   -1.04e+01 -2.77e+00 -1.84e+00]]

 [[1.96e-08 6.88e-08 2.00e-08 7.51e-08 4.00e-08 3.46e-08 2.87e-08
   1.74e-08 6.17e-09 5.52e-08]
  [3.00e+00 3.00e+00 3.00e+00 3.00e+00 3.00e+00 3.00e+00 3.00e+00
   3.00e+00 3.00e+00 3.00e+00]
  [-2.77e+00 -3.72e+00 -3.72e+00 -3.72e+00 -2.77e+00 -5.09e+00 -5.13e+00
   -5.09e+00 -2.75e+00 -1.04e+01]]

 [[2.82e-07 1.74e-07 1.22e-07 1.47e-07 2.58e-07 3.36e-08 6.70e-08
   1.46e-07 1.11e-07 1.20e-07]
  [3.00e+00 3.00e+00 3.00e+00 3.00e+00 3.00e+00 3.00e+00 3.00e+00
   3.00e+00 3.00e+00 3.00e+00]
  [-1.04e+01 -2.75e+00 -3.72e+00 -2.77e+00 -1.04e+01 -1.04e+01 -3.72e+00
   -3.72e+00 -3.72e+00 -1.84e+00]]

 [[1.18e-07 2.10e-07 1.36e-07 9.60e-08 1.17e-07 4.98e-08 2.91e-07
   4.53e-08 3.75e-07 1.96e-07]
  [3.00e+00 3.00e+00 3.00e+00 3.00e+00 3.00e+00 3.00e+00 3.00e+00
   3.00e+00 3.00e+00 3.00e+00]
  [-3.72e+00 -1.04e+01 -1.04e+01 -1.04e+01 -1.04e+01 -1.84e+00 -1.04e+01
   -2.77e+00 -5.09e+00 -2.77e+00]]

 [[1.53e-07 1.49e-07 9.93e-08 1.74e-07 1.83e-07 6.43e-08 7.33e-08
   2.70e-08 6.85e-08 9.79e-08]
  [3.00e+00 3.00e+00 3.00e+00 3.00e+00 3.00e+00 3.00e+00 3.00e+00
   3.00e+00 3.00e+00 3.00e+00]
  [-2.75e+00 -3.72e+00 -2.77e+00 -3.72e+00 -3.72e+00 -5.09e+00 -3.72e+00
   -1.04e+01 -2.75e+00 -5.13e+00]]

 [[4.07e-07 1.29e-07 1.38e-06 4.78e-07 2.37e-07 1.10e-06 1.58e-07
   1.26e-07 5.26e-07 5.40e-07]
  [3.00e+00 3.00e+00 3.00e+00 3.00e+00 3.00e+00 3.00e+00 3.00e+00
   3.00e+00 3.00e+00 3.00e+00]
  [-3.72e+00 -3.72e+00 -2.75e+00 -2.77e+00 -5.13e+00 -3.72e+00 -3.72e+00
   -1.04e+01 -5.13e+00 -2.75e+00]]

 [[5.26e-08 1.32e-06 2.39e-07 1.42e-07 6.38e-07 3.42e-07 6.13e-07
   5.43e-07 6.68e-07 2.24e-07]
  [3.00e+00 3.00e+00 3.00e+00 3.00e+00 3.00e+00 3.00e+00 3.00e+00
   3.00e+00 3.00e+00 3.00e+00]
  [-2.77e+00 -1.84e+00 -1.04e+01 -3.72e+00 -2.75e+00 -5.13e+00 -3.72e+00
   -3.72e+00 -2.77e+00 -5.13e+00]]

 [[3.77e-07 1.75e-07 4.60e-07 4.97e-07 5.00e-07 3.64e-07 1.79e-07
   4.86e-07 1.07e-06 4.73e-07]
  [3.00e+00 3.00e+00 3.00e+00 3.00e+00 3.00e+00 3.00e+00 3.00e+00
   3.00e+00 3.00e+00 3.00e+00]
  [-1.04e+01 -1.04e+01 -1.04e+01 -2.77e+00 -3.72e+00 -1.04e+01 -3.72e+00
   -3.72e+00 -2.75e+00 -2.77e+00]]

 [[6.95e-07 4.00e-06 4.20e-07 1.97e-06 7.95e-06 1.67e-06 2.63e-06
   3.28e-06 3.38e-06 2.11e-06]
  [3.00e+00 3.00e+00 3.00e+00 3.00e+00 3.00e+00 3.00e+00 3.00e+00
   3.00e+00 3.00e+00 3.00e+00]
  [-5.09e+00 -1.84e+00 -5.13e+00 -1.84e+00 -2.75e+00 -1.04e+01 -3.72e+00
   -1.84e+00 -5.09e+00 -2.75e+00]]

 [[1.12e-06 5.64e-06 1.13e-06 2.14e-06 6.74e-07 3.22e-06 2.14e-06
   1.15e-06 2.18e-06 1.30e-06]
  [3.00e+00 3.00e+00 3.00e+00 3.00e+00 3.00e+00 3.00e+00 3.00e+00
   3.00e+00 3.00e+00 3.00e+00]
  [-2.75e+00 -5.09e+00 -2.77e+00 -3.72e+00 -1.84e+00 -3.72e+00 -1.04e+01
   -5.13e+00 -5.13e+00 -1.84e+00]]

 [[6.49e-07 4.65e-07 6.46e-07 1.06e-06 1.98e-06 6.07e-07 5.15e-06
   7.60e-06 2.08e-06 9.00e-07]
  [3.00e+00 3.00e+00 3.00e+00 3.00e+00 3.00e+00 3.00e+00 3.00e+00
   3.00e+00 3.00e+00 3.00e+00]
  [-5.13e+00 -2.75e+00 -3.72e+00 -1.04e+01 -2.77e+00 -2.75e+00 -5.13e+00
   -5.13e+00 -2.77e+00 -1.04e+01]]

 [[1.92e-05 2.41e-05 5.53e-06 2.97e-05 9.83e-06 8.98e-05 6.69e-06
   1.34e-05 3.36e-06 4.82e-06]
  [3.00e+00 3.00e+00 3.00e+00 3.00e+00 3.00e+00 3.00e+00 3.00e+00
   3.00e+00 3.00e+00 3.00e+00]
  [-1.04e+01 -2.77e+00 -5.13e+00 -2.75e+00 -2.77e+00 -2.77e+00 -1.04e+01
   -1.04e+01 -3.72e+00 -5.09e+00]]

 [[3.04e-05 1.96e-05 6.60e-06 5.20e-06 9.78e-06 1.59e-05 9.52e-06
   2.10e-05 2.26e-05 2.76e-05]
  [3.00e+00 3.00e+00 3.00e+00 3.00e+00 3.00e+00 3.00e+00 3.00e+00
   3.00e+00 3.00e+00 3.00e+00]
  [-5.09e+00 -1.04e+01 -2.77e+00 -5.09e+00 -1.04e+01 -1.04e+01 -2.77e+00
   -5.13e+00 -1.04e+01 -2.75e+00]]

 [[1.26e-05 1.96e-05 1.24e-05 2.96e-05 1.81e-05 1.24e-05 1.22e-05
   1.08e-05 1.64e-05 4.54e-06]
  [3.00e+00 3.00e+00 3.00e+00 3.00e+00 3.00e+00 3.00e+00 3.00e+00
   3.00e+00 3.00e+00 3.00e+00]
  [-3.72e+00 -1.84e+00 -1.04e+01 -5.13e+00 -1.04e+01 -2.77e+00 -1.04e+01
   -1.04e+01 -3.72e+00 -5.13e+00]]

 [[2.85e-11 4.86e-11 9.36e-11 1.26e-10 2.20e-10 2.62e-11 7.01e-11
   3.00e-10 8.78e-11 4.37e-11]
  [3.00e+00 3.00e+00 3.00e+00 3.00e+00 3.00e+00 3.00e+00 3.00e+00
   3.00e+00 3.00e+00 3.00e+00]
  [-1.04e+01 -1.04e+01 -1.04e+01 -1.84e+00 -2.77e+00 -1.04e+01 -2.75e+00
   -1.84e+00 -5.09e+00 -3.72e+00]]

 [[4.24e-11 5.56e-11 1.61e-10 7.49e-11 1.12e-10 3.93e-11 2.94e-11
   3.79e-11 2.04e-11 1.31e-10]
  [3.00e+00 3.00e+00 3.00e+00 3.00e+00 3.00e+00 3.00e+00 3.00e+00
   3.00e+00 3.00e+00 3.00e+00]
  [-2.77e+00 -2.75e+00 -2.77e+00 -2.77e+00 -2.77e+00 -3.72e+00 -3.72e+00
   -1.04e+01 -1.04e+01 -2.77e+00]]

 [[1.03e-10 5.36e-11 2.08e-11 3.54e-11 1.05e-10 1.37e-10 7.58e-11
   6.83e-11 8.18e-11 1.09e-10]
  [3.00e+00 3.00e+00 3.00e+00 3.00e+00 3.00e+00 3.00e+00 3.00e+00
   3.00e+00 3.00e+00 3.00e+00]
  [-1.04e+01 -1.84e+00 -2.75e+00 -3.72e+00 -3.72e+00 -1.04e+01 -5.09e+00
   -5.13e+00 -1.84e+00 -3.72e+00]]

 [[1.97e-08 5.23e-08 3.08e-08 5.91e-08 7.65e-08 7.95e-09 4.61e-08
   2.03e-08 1.63e-08 4.05e-08]
  [3.00e+00 3.00e+00 3.00e+00 3.00e+00 3.00e+00 3.00e+00 3.00e+00
   3.00e+00 3.00e+00 3.00e+00]
  [-1.04e+01 -1.04e+01 -1.04e+01 -5.09e+00 -5.13e+00 -1.04e+01 -5.13e+00
   -1.04e+01 -3.72e+00 -1.04e+01]]

 [[2.28e-08 3.67e-08 3.44e-08 3.30e-08 9.82e-09 1.79e-08 2.22e-08
   3.22e-08 5.53e-08 2.28e-08]
  [3.00e+00 3.00e+00 3.00e+00 3.00e+00 3.00e+00 3.00e+00 3.00e+00
   3.00e+00 3.00e+00 3.00e+00]
  [-2.77e+00 -2.77e+00 -2.77e+00 -2.75e+00 -2.75e+00 -2.75e+00 -1.04e+01
   -1.04e+01 -1.04e+01 -5.13e+00]]

 [[2.64e-08 1.01e-07 4.45e-08 2.81e-08 6.39e-08 3.80e-08 2.80e-08
   4.97e-08 2.39e-08 2.21e-08]
  [3.00e+00 3.00e+00 3.00e+00 3.00e+00 3.00e+00 3.00e+00 3.00e+00
   3.00e+00 3.00e+00 3.00e+00]
  [-1.84e+00 -1.04e+01 -3.72e+00 -5.13e+00 -2.75e+00 -5.13e+00 -5.09e+00
   -5.13e+00 -1.04e+01 -1.04e+01]]

 [[1.04e-07 3.52e-07 9.66e-08 2.20e-07 8.84e-08 2.95e-08 4.16e-07
   2.47e-07 1.23e-07 7.93e-08]
  [3.00e+00 3.00e+00 3.00e+00 3.00e+00 3.00e+00 3.00e+00 3.00e+00
   3.00e+00 3.00e+00 3.00e+00]
  [-2.75e+00 -1.04e+01 -3.72e+00 -5.13e+00 -2.75e+00 -1.04e+01 -1.04e+01
   -5.13e+00 -1.84e+00 -3.72e+00]]

 [[1.94e-07 7.66e-08 5.07e-07 2.85e-07 9.11e-08 8.36e-08 1.09e-07
   8.61e-08 4.51e-08 2.18e-07]
  [3.00e+00 3.00e+00 3.00e+00 3.00e+00 3.00e+00 3.00e+00 3.00e+00
   3.00e+00 3.00e+00 3.00e+00]
  [-1.04e+01 -2.77e+00 -1.04e+01 -1.84e+00 -1.04e+01 -5.13e+00 -5.09e+00
   -2.77e+00 -2.77e+00 -1.84e+00]]

 [[2.57e-07 9.29e-08 9.86e-08 1.51e-07 1.26e-07 1.60e-07 1.89e-07
   3.66e-07 1.51e-07 2.12e-07]
  [3.00e+00 3.00e+00 3.00e+00 3.00e+00 3.00e+00 3.00e+00 3.00e+00
   3.00e+00 3.00e+00 3.00e+00]
  [-1.04e+01 -1.84e+00 -2.77e+00 -2.77e+00 -5.13e+00 -5.13e+00 -1.04e+01
   -1.04e+01 -2.75e+00 -2.77e+00]]

 [[1.61e-07 7.95e-07 6.28e-07 3.06e-07 3.88e-07 1.32e-06 4.41e-07
   6.52e-07 1.69e-07 2.15e-07]
  [3.00e+00 3.00e+00 3.00e+00 3.00e+00 3.00e+00 3.00e+00 3.00e+00
   3.00e+00 3.00e+00 3.00e+00]
  [-1.04e+01 -1.04e+01 -5.13e+00 -1.04e+01 -1.84e+00 -3.72e+00 -5.09e+00
   -1.84e+00 -2.77e+00 -3.72e+00]]]