[[[ 9.78552262e-06  1.68129716e-05  1.03353706e-05  3.53002997e-06
    4.86830226e-05  2.25900649e-05  3.61998556e-05  2.26147517e-05
    1.45445523e-05  2.65215912e-05]
  [ 3.17246919e-07  2.41801519e-07  1.28118090e-07  3.83056337e-07
    6.25221479e-07  4.34141401e-07  1.01676486e-06  3.81680054e-07
    2.65706685e-07  2.99110918e-07]
  [-8.65529036e-03 -1.25101268e-01 -2.41768824e-02 -5.97378223e-02
   -3.41510404e-02 -1.11565849e-02 -7.61076611e-03 -6.23574877e-02
   -2.85636715e-03 -3.04729803e-02]]

 [[ 2.52451009e-05  1.97308549e-05  1.15981198e-05  4.60216325e-05
    5.04584426e-05  7.25334879e-06  1.06031803e-05  1.50074927e-05
    1.74237372e-05  3.76358709e-05]
  [ 8.03307187e-08  5.72485731e-07  8.36595682e-07  7.49103790e-07
    1.03817937e-06  2.25607258e-07  2.46434939e-07  1.52482457e-07
    4.98786379e-07  8.28296825e-08]
  [-6.96680637e-02 -6.46061321e-02 -3.29841206e-03 -2.71344763e-02
   -2.02111781e-02 -1.61134766e-02 -1.51460004e-02 -3.04485860e-03
   -1.16500718e-01 -8.00919294e-03]]

 [[ 4.88715910e-05  1.33198432e-04  6.58437383e-05  5.50147609e-05
    1.06421034e-04  4.74794604e-05  2.51690842e-04  3.69995428e-05
    1.49742734e-04  1.11731451e-04]
  [ 4.58380871e-06  4.91960777e-07  1.40340454e-06  7.22190979e-07
    3.96688598e-07  5.66548201e-07  1.64591387e-06  4.92055454e-06
    3.32508287e-06  3.09960906e-06]
  [-6.86843602e-04 -6.96209791e-02 -1.40270636e-03 -3.92725001e-01
   -1.94073212e-02 -1.19290325e-02 -3.82192478e-02 -5.62367935e-02
   -1.21952416e-01 -9.71275628e-02]]

 [[ 7.27633971e-05  4.70128699e-05  1.67118916e-04  1.93543766e-04
    1.28990186e-04  2.87660647e-05  8.01794613e-05  5.36065722e-05
    1.52923868e-04  2.30331715e-04]
  [ 1.06895935e-06  1.21829813e-06  7.63364850e-07  1.10759481e-06
    8.60583257e-07  9.32927568e-07  2.32388939e-06  1.41962649e-06
    8.25540466e-07  2.16363934e-06]
  [-6.96483071e-02 -5.08809792e-02 -6.28344472e-02 -1.66165469e-01
   -1.40736771e-01 -2.98212156e-01 -8.78556653e-02 -1.29268832e-01
   -9.59871083e-02 -2.67586199e-02]]

 [[ 7.51038221e-05  2.17096422e-04  1.80698406e-04  1.64281697e-04
    6.65936281e-05  1.21148106e-04  4.07739759e-05  4.62542289e-05
    7.79542665e-05  2.82624528e-04]
  [ 7.43612662e-07  1.15781028e-06  1.84267000e-06  1.07508347e-06
    1.38050712e-06  1.68685125e-06  3.52773500e-06  1.42243376e-06
    3.35397071e-06  4.61733999e-06]
  [-3.29911606e-02 -2.28344280e-02 -2.25106410e-01 -5.05338107e-02
   -9.46647216e-04 -9.08679192e-02 -2.18801670e-01 -7.32825007e-02
   -2.40863058e-01 -1.21074513e-01]]

 [[ 3.24070520e-04  1.26094621e-03  4.40623571e-04  2.80232127e-04
    8.23649249e-04  5.43431751e-04  1.88453156e-04  5.71682110e-04
    4.17219312e-04  4.19928553e-04]
  [ 9.89585434e-06  2.87947709e-06  1.04196730e-05  1.43598484e-05
    2.29275970e-05  1.23593533e-05  1.39019028e-05  1.47992580e-05
    1.81955438e-05  3.37872972e-06]
  [-5.92734832e-02 -3.04447070e-01 -9.53541346e-02 -1.45544227e-01
   -1.13219858e-02 -8.37005985e-03 -2.83206010e-01 -1.94534157e-01
   -5.82006358e-02 -3.66050281e-01]]

 [[ 1.18177301e-03  4.85638505e-04  8.56787987e-04  4.96909464e-04
    4.07271904e-04  5.59957230e-04  4.49003893e-04  6.38619484e-04
    6.29934922e-04  5.78176920e-04]
  [ 1.44237400e-05  4.17911031e-06  1.37655988e-05  1.62390362e-05
    1.49488067e-05  5.79936801e-06  4.75066379e-06  1.20278347e-05
    6.56200838e-06  7.86400362e-06]
  [-1.11571491e-01 -1.12579853e-01 -2.12269053e-01 -5.96979182e-03
   -1.14881296e-01 -8.22419511e-02 -7.97151729e-02 -2.79551173e-01
   -5.79371759e-02 -2.36243424e-02]]

 [[ 1.24397177e-03  8.48540291e-04  3.05614679e-04  2.63326263e-04
    8.96098306e-04  6.98693270e-04  2.66451986e-04  6.34801957e-04
    8.76599832e-04  8.82460705e-05]
  [ 1.62964190e-05  4.61949525e-06  1.72735898e-05  6.04480783e-06
    1.16182110e-05  1.08837933e-05  1.64822924e-05  5.99692862e-06
    2.65770184e-05  8.24929180e-06]
  [-2.67852010e-01 -1.15509178e-02 -1.07283269e-01 -3.61798156e-02
   -5.42682004e-02 -1.68592709e-01 -7.73114333e-02 -9.71985998e-02
   -3.07675136e-01 -1.49569204e-02]]

 [[ 1.42903383e-09  2.21317113e-09  1.32324592e-09  4.76932417e-10
    1.40405928e-09  5.19957300e-10  5.33589673e-10  1.23643973e-09
    1.66703185e-09  1.19744071e-09]
  [ 1.18721770e-11  8.50944600e-12  2.10625335e-11  9.61825246e-12
    1.32574279e-11  1.62523625e-11  1.15499814e-11  3.16690250e-11
    2.93203029e-11  1.58989808e-11]
  [ 3.13713756e+00 -8.49109929e-04 -5.60643400e-04  4.39593901e-01
   -1.78978602e-04 -3.99484429e-04  1.79628290e+00 -1.03421934e-03
    1.55850129e+00  2.89420072e+00]]

 [[ 1.08440619e-09  4.15863793e-10  6.13688415e-10  3.31060909e-09
    7.86128713e-10  1.10886357e-09  1.06767013e-09  1.16189434e-09
    4.31229946e-10  3.82411500e-09]
  [ 2.00333182e-11  6.05490766e-12  2.20826090e-11  1.15680844e-11
    5.12448947e-12  1.42571243e-11  3.35381949e-12  2.87738765e-11
    8.17072293e-12  1.33551267e-11]
  [ 1.75598543e+00  8.22209885e-01 -2.32512327e-04 -8.46008813e-04
   -6.87459890e-03 -3.07770146e-04 -4.42914571e-04  4.23504323e+00
    1.40801496e+00 -4.29819005e-04]]

 [[ 3.32660169e-10  1.02775038e-09  1.71606091e-09  5.57702740e-10
    7.87220386e-10  7.44845006e-10  5.82146354e-10  1.05557854e-09
    1.04594897e-09  2.86559400e-10]
  [ 1.13367389e-11  1.47689888e-11  1.53366294e-11  9.24212802e-12
    6.95597775e-12  2.29234577e-11  3.35775600e-11  1.47138473e-11
    2.23453814e-12  2.51345327e-12]
  [-1.06540336e-03 -9.91257366e-04 -2.56109306e-03 -1.56900450e-04
    7.18591135e-02 -2.57129726e-04  1.88505452e-01  1.10838195e-02
    1.93006962e+00 -1.01092433e-01]]

 [[ 2.66839519e-08  4.64710786e-07  3.92563245e-07  3.61231042e-07
    3.75963723e-07  3.95239926e-07  5.23638786e-07  8.84756598e-07
    9.60993590e-07  7.23622896e-07]
  [ 3.14193469e-09  5.18717610e-09  8.10773260e-09  4.89166622e-09
    7.28283245e-09  9.62141993e-09  5.72865080e-09  6.12261033e-09
    5.36260844e-09  2.93940114e-09]
  [-1.10963453e-02 -8.34961978e-03 -1.52587561e-03 -1.05489481e-02
   -3.94291944e-02  7.11070219e-02 -1.10009949e-02  8.20301122e-01
    1.33659428e-01  3.11801143e+00]]

 [[ 3.53176211e-07  3.92805214e-07  6.51748395e-07  1.87021702e-07
    7.26068714e-07  4.80689677e-07  4.18927755e-07  7.40470775e-07
    1.66907091e-07  1.79418906e-07]
  [ 9.25041001e-09  1.66178877e-09  2.35823937e-09  2.42996245e-08
    1.02881635e-08  8.60527644e-09  8.67501207e-09  1.01472244e-08
    7.26495976e-09  4.67253492e-09]
  [ 7.58743953e-01  2.76209084e+00 -7.92540843e-02 -2.36157704e-04
    5.09956300e-01  2.57857495e-01 -4.52220017e-02  5.08848514e-01
    2.51475908e+00 -3.42542964e-01]]

 [[ 5.19230413e-07  3.56161121e-07  1.14415372e-06  2.31152572e-07
    6.29762579e-07  4.98776594e-07  1.63610375e-07  3.15415070e-07
    4.75537782e-07  6.08873807e-07]
  [ 2.13880014e-08  6.05722117e-09  1.66570975e-08  1.53646863e-08
    1.26220553e-08  3.01733961e-09  2.32046721e-09  8.12139478e-09
    1.04576638e-08  2.34110628e-09]
  [-5.40196798e-03  9.47239720e-01 -8.69401015e-03  3.22538444e-01
    7.63151146e-01  9.49356774e-01  3.18765101e-01 -1.70095934e-02
    6.31769846e-01  7.46916085e-03]]

 [[ 2.24600543e-06  1.55761888e-06  4.02262378e-06  5.88055350e-07
    2.77659864e-06  8.30283581e-06  1.39248373e-06  7.07848423e-07
    1.02234493e-06  2.60949366e-06]
  [ 5.96325755e-08  6.44164765e-08  4.50059351e-08  1.00051758e-08
    1.15309682e-08  4.50313900e-08  3.49082064e-08  3.75080321e-08
    5.07501232e-08  3.62090076e-08]
  [-2.20354442e-03 -5.18545953e-02 -3.24101616e-02 -2.46316174e-02
   -5.37502851e-02 -2.51286687e-02 -2.55395957e-03 -8.83138988e-02
   -8.80883230e-03 -9.80701865e-02]]

 [[ 2.50750985e-06  1.00188044e-06  3.21151558e-06  2.84085521e-06
    2.04822014e-06  6.26677501e-06  3.05764828e-06  1.73807007e-06
    7.90290399e-07  1.34668883e-06]
  [ 3.06737370e-09  2.83424478e-08  5.81954521e-08  6.60363608e-08
    3.79313385e-08  5.07998353e-08  2.89141979e-08  2.32872263e-08
    5.75817792e-08  5.00086561e-08]
  [-2.91847816e-02 -3.98653170e-02 -7.85576518e-02 -6.54261377e-03
   -1.26978475e-02 -4.43616379e-02 -1.39519843e-02 -2.86360820e-03
   -1.73416298e-02 -3.08832105e-02]]

 [[ 1.22896423e-06  3.29449987e-07  1.00478966e-05  3.67909491e-06
    4.34684127e-06  2.11439120e-06  1.66148308e-06  1.93509713e-06
    1.15660851e-06  1.59364100e-06]
  [ 1.08947226e-07  2.32726119e-08  2.53356172e-08  4.22982194e-08
    2.82343534e-08  9.17412244e-09  3.79752747e-08  4.83238819e-08
    4.39173958e-09  5.21562609e-08]
  [-1.38372452e-01 -1.59426271e-02 -1.44417813e-01 -9.84963252e-02
   -1.20843741e-01 -1.01007823e-01 -1.30817034e-01 -2.69410540e-03
   -1.74377626e-01 -1.98470148e-01]]

 [[ 6.53486980e-06  7.00217221e-06  1.04315478e-05  1.00066352e-05
    5.27268989e-06  9.81235671e-06  5.89142263e-06  4.15879063e-06
    8.51241769e-06  2.55913483e-05]
  [ 3.49669649e-08  5.94015232e-08  1.01399078e-07  4.20040319e-08
    3.62029345e-08  1.06881126e-07  9.70303617e-08  6.61014237e-08
    6.24295707e-08  8.50831375e-08]
  [-3.85015750e-02 -2.88227950e-02 -2.00574466e-02 -1.25341365e-01
   -4.41306477e-02 -9.59020149e-03 -1.08651458e-02 -1.95744145e-01
   -4.41979394e-02 -2.26897098e-02]]

 [[ 1.38476092e-05  2.72606374e-06  2.34470010e-06  1.50852642e-05
    2.98223285e-06  3.58474992e-06  6.79514556e-06  7.39811072e-06
    9.07169758e-06  3.97381203e-06]
  [ 6.76339728e-08  4.12264253e-08  8.85672984e-08  2.51383413e-07
    1.31697277e-07  5.32840117e-08  2.04919746e-07  1.00610822e-07
    1.40589932e-07  5.29577984e-08]
  [-9.26557958e-03 -7.77270921e-03 -9.57263609e-02 -2.90938578e-02
   -1.59072741e-03 -7.59019416e-02 -4.54519848e-02 -1.22152560e-01
   -6.55978506e-03 -6.39480572e-03]]

 [[ 8.36351469e-06  9.26450303e-06  4.46426773e-06  3.77178308e-06
    4.12614588e-06  6.68406086e-06  5.59197276e-06  3.75977646e-06
    5.23944388e-06  1.03552753e-05]
  [ 2.11550293e-07  1.15939131e-07  1.40660486e-07  8.26188031e-08
    2.22521583e-07  4.38094343e-08  1.40224775e-07  1.04048784e-07
    1.58054737e-07  3.97217598e-08]
  [-4.51201621e-02 -1.34174010e-02 -6.47307105e-02 -6.88416866e-02
   -8.12527822e-02 -1.37145890e-01 -8.91936881e-02 -1.70606812e-01
   -1.10233591e-02 -4.14300701e-03]]

 [[ 2.31421835e-05  3.24564920e-05  2.69552775e-05  3.09673575e-05
    2.15089453e-05  3.50522937e-05  4.75636044e-05  3.34038284e-05
    3.35980576e-05  1.77571516e-05]
  [ 2.83553380e-07  4.14118238e-07  4.28449434e-07  3.19934575e-07
    1.54594087e-06  3.62293682e-07  7.62572723e-07  4.15355185e-07
    5.67896972e-07  2.20713512e-06]
  [-4.67258550e-02 -1.15069829e-02 -1.44370222e-01 -1.79249572e-02
   -6.69983130e-02 -3.42918990e-02 -4.46010186e-03 -2.81909284e-02
   -3.57813020e-01 -1.21891340e-01]]

 [[ 5.05984675e-05  4.96156249e-05  7.52667765e-05  3.53669949e-05
    3.19077174e-05  1.21401298e-05  5.17349652e-05  2.08797299e-05
    2.94820901e-06  2.20781355e-05]
  [ 4.26486784e-07  6.76808877e-07  5.45820818e-07  7.49441531e-07
    6.34714841e-07  2.70479206e-07  1.54009615e-07  4.31209626e-07
    7.68546177e-07  4.13654743e-07]
  [-2.13752565e-01 -7.43247080e-02 -2.00377471e-02 -3.07369331e-01
   -1.15882308e-02 -9.96924577e-02 -7.89386521e-02 -9.74450571e-03
   -5.57849682e-03 -1.56400710e-02]]

 [[ 1.33222643e-05  1.71223074e-05  1.05878522e-04  1.28980088e-05
    7.75225239e-06  4.44383355e-05  2.35251572e-05  2.17402095e-05
    1.79228222e-05  4.77758504e-05]
  [ 4.25116188e-08  6.03431547e-07  8.09177998e-07  2.47095328e-07
    2.78557001e-07  2.98415942e-07  6.77073467e-07  4.48601517e-07
    3.65152352e-07  1.93360299e-07]
  [-2.14116590e-02 -1.42403062e-02 -3.51626103e-02 -1.73490748e-02
   -1.87479179e-03 -9.14523624e-02 -1.33260463e-01 -1.37493396e-01
   -6.69815712e-02 -1.42193624e-01]]

 [[ 1.06387389e-04  2.25574337e-04  1.52879296e-04  2.47733950e-04
    1.53483978e-04  4.82336060e-05  1.15698050e-04  3.50751513e-04
    6.58221354e-04  1.35529713e-04]
  [ 1.91795253e-06  3.36281778e-06  6.44305658e-06  1.44140445e-06
    1.44303276e-06  3.40394169e-06  1.69841713e-06  5.92863899e-06
    2.72492316e-06  2.57752000e-06]
  [-1.89906811e-01 -1.17518236e-01 -1.72771094e-01 -1.18349729e-01
   -7.94034434e-02 -1.60268320e-02 -1.96846532e-02 -1.00440049e-01
   -1.05608607e-02 -2.08853179e-01]]

 [[ 2.82448852e-04  3.74729944e-04  2.18730594e-04  1.91563711e-04
    9.61752563e-05  1.29648353e-04  8.47816665e-05  1.01731040e-04
    3.26547810e-04  7.10988620e-04]
  [ 4.10375443e-06  2.16848314e-06  3.07563585e-06  2.38838145e-06
    5.60154043e-07  1.30125241e-06  1.83651435e-06  7.45386132e-06
    4.78080294e-06  1.41552051e-06]
  [-1.33862207e-01 -1.01026362e-01 -6.10521619e-02 -4.22226577e-01
   -3.37530774e-02 -4.00558555e-02 -1.79555410e-02 -2.65013369e-02
   -1.11641978e-01 -7.75578018e-02]]

 [[ 1.32222584e-04  9.03674420e-05  4.95424052e-04  1.05748916e-04
    5.22926304e-05  2.30185434e-04  4.13152813e-05  8.29280652e-05
    1.79943138e-04  1.95110818e-04]
  [ 1.39695141e-06  7.99615700e-07  1.56311105e-06  2.80122253e-06
    2.81968588e-06  5.84920969e-06  4.06514748e-06  8.75880756e-07
    6.35535394e-07  1.06833898e-06]
  [-5.44204561e-02 -9.87105198e-02 -6.01242774e-03 -2.94373366e-02
   -1.29912921e-01 -9.31806495e-02 -5.35034508e-02 -1.59871956e-01
   -6.03052392e-02 -5.39645099e-03]]

 [[ 4.45540664e-10  5.22207697e-10  6.79648831e-10  8.50361086e-10
    2.57882377e-09  5.22420528e-10  1.49816405e-09  1.74282855e-09
    1.12596262e-09  2.19988478e-09]
  [ 9.68632777e-12  1.55118057e-11  6.31017111e-12  2.90147907e-11
    3.25134640e-11  7.92935835e-12  3.61206163e-11  7.67367493e-12
    1.74977341e-11  2.17214884e-11]
  [-3.42257660e-04  3.18765096e-01 -1.57422334e-04  7.11070109e-02
   -7.01340224e-04 -1.13246850e-03  7.46916025e-03 -7.64905976e-05
   -2.24666469e-03 -4.20506983e-04]]

 [[ 9.21328857e-10  9.15304682e-10  1.34832330e-09  3.58588798e-09
    8.03288372e-10  8.68655953e-10  1.01468891e-09  4.72597171e-10
    1.37890785e-10  1.15890985e-09]
  [ 8.18007433e-12  2.86315406e-11  1.69318104e-11  2.57859593e-11
    6.90715767e-12  9.77440413e-12  1.44003127e-11  1.31145468e-11
    1.53806856e-11  1.23419723e-11]
  [ 3.27916626e+00 -3.56994488e-06 -1.22580397e-04  9.35435265e-01
   -5.01469119e-04 -7.40991235e-04 -3.09897003e-04  1.13360353e+00
    6.30224846e-01 -6.00466680e-04]]

 [[ 5.94341813e-10  6.15704115e-10  3.71349914e-10  2.41282631e-09
    3.39366412e-09  2.98956991e-09  9.13667409e-10  9.46519087e-10
    7.89262877e-10  4.79471920e-10]
  [ 1.04377578e-11  5.54574497e-12  1.20116353e-11  5.22644522e-11
    2.66487680e-11  2.26122584e-11  6.51429351e-12  1.32049795e-11
    1.74629456e-12  1.60949732e-11]
  [ 1.01467258e+00 -3.52229410e-04 -5.51020475e-05  7.37561052e-02
    7.01417219e-02 -6.52407981e-04 -2.78576801e-05  2.50679970e-01
    1.10838195e-02 -4.48713131e-04]]

 [[ 1.69622710e-07  3.07008559e-07  1.07425318e-06  1.56116047e-07
    6.34362837e-07  7.92187489e-07  5.43485889e-07  4.17918116e-07
    5.89596203e-07  5.21585032e-07]
  [ 6.20402305e-09  7.12820943e-09  1.40746864e-08  7.84555228e-08
    7.53166553e-09  8.16407142e-09  3.72427471e-09  7.83183154e-09
    1.16051483e-08  4.90900775e-10]
  [-2.77117517e-03 -2.52334359e-02 -1.05272789e-02 -1.70585901e-02
   -7.09112679e-04 -8.28306942e-03 -3.31755263e-02 -5.29098108e-03
   -4.91349657e-03 -2.68741088e-02]]

 [[ 6.17163915e-07  3.81187131e-07  6.53863659e-07  7.38871216e-07
    7.59269117e-07  4.30063431e-07  3.00179535e-07  4.15554933e-07
    1.58515880e-06  8.79318247e-07]
  [ 4.95835581e-09  1.43208412e-08  6.85020860e-09  6.36878717e-09
    7.97730159e-09  5.26675652e-09  5.99424240e-09  4.30331988e-09
    1.60780081e-09  1.03607391e-08]
  [ 3.18931871e-01 -1.41541909e-02 -4.76883632e-04 -2.71448878e-05
   -1.48764546e-02  8.58563258e-03  2.75713248e+00  5.70729489e-01
   -2.11140384e-02 -2.05904001e-03]]

 [[ 5.69039260e-07  8.53754907e-07  6.65865969e-07  7.90770145e-07
    2.57656751e-07  2.57855102e-07  1.04007456e-06  1.01198710e-06
    2.77095662e-07  2.26326205e-07]
  [ 1.11467355e-08  2.68541793e-09  2.20339650e-09  3.29454829e-09
    1.85886928e-08  4.74350083e-09  5.59407233e-09  3.18702394e-09
    6.14297945e-09  9.54656449e-09]
  [-2.45359896e-04 -1.16369387e-02 -1.27223743e-02  2.59299324e-01
   -1.82887464e-02 -1.58388844e-02 -2.85379820e-02  1.88516078e-01
    8.80906827e-01 -2.12940015e-04]]

 [[ 1.62699368e-06  2.48840679e-06  8.81129855e-07  4.03375166e-06
    2.71855729e-06  2.56400246e-06  1.97054932e-06  3.58191114e-06
    7.57954527e-07  4.82686221e-06]
  [ 5.92150355e-08  1.81473225e-08  1.39869748e-08  1.15814866e-08
    4.82699605e-08  2.82348001e-08  5.85191304e-09  1.50390677e-08
    1.96806822e-08  4.30398542e-08]
  [-1.61296944e-01 -8.55452020e-02 -5.39452851e-02 -9.96780107e-02
   -5.20702363e-03 -1.59183448e-02 -3.10097701e-02 -4.19181689e-02
   -1.37015351e-02 -1.11561360e-02]]

 [[ 1.96500320e-06  1.83960126e-06  1.32944849e-06  3.80680143e-06
    1.87050954e-06  1.97070171e-06  1.27247668e-06  5.88702974e-06
    4.38188640e-06  1.75355325e-06]
  [ 3.72085166e-08  2.21643125e-08  5.92078360e-09  1.74298842e-08
    1.64745737e-08  1.17258915e-08  4.09186706e-08  1.41837968e-08
    1.20830988e-08  2.14489731e-08]
  [-4.56265354e-02 -1.10723829e-02 -6.27486640e-02 -4.96685879e-02
   -8.41222340e-03 -4.42962832e-02 -4.97537319e-02 -7.56401985e-02
   -1.35084631e-02 -7.01279755e-03]]

 [[ 2.35375742e-06  1.17410442e-06  2.16049315e-06  1.46833089e-06
    2.52439657e-06  2.80553273e-06  6.85928382e-07  2.21156851e-06
    4.78888136e-06  1.18553219e-06]
  [ 6.96400796e-08  1.47875019e-07  4.86656090e-09  3.51372114e-08
    2.68233429e-08  1.47338464e-08  1.50961285e-08  5.12173680e-08
    6.84141252e-08  6.26547138e-08]
  [-6.22537803e-03 -3.48324104e-02 -3.14101698e-02 -3.13568333e-02
   -6.81697874e-03 -6.99076448e-02 -2.93870674e-02 -9.62918579e-02
   -1.05842950e-01 -1.04042655e-02]]

 [[ 2.03128521e-05  2.91253989e-06  4.28222913e-06  6.31310688e-06
    3.27783484e-06  6.72423959e-06  1.84736430e-05  1.03787513e-05
    1.49412710e-05  3.68425099e-06]
  [ 1.23980825e-07  1.71926627e-07  8.90376511e-08  5.07944758e-08
    1.01407341e-07  5.30109096e-08  7.21595507e-08  2.55259095e-07
    9.53277992e-08  2.45752085e-07]
  [-6.65882179e-02 -1.09431261e-02 -1.84550710e-02 -1.92212845e-01
   -5.95756530e-02 -1.19754462e-01 -2.11101265e-02 -2.78996587e-03
   -4.60773452e-02 -3.01265242e-02]]

 [[ 4.79601591e-06  5.24188221e-06  2.46872280e-06  7.29257145e-06
    1.29910768e-05  1.33801113e-06  5.38271897e-06  6.73034162e-06
    3.44758241e-06  3.09556966e-06]
  [ 3.05906965e-07  6.30332626e-08  7.29173907e-08  6.46576034e-08
    1.85623575e-07  1.47765311e-07  9.05843053e-09  3.04068236e-08
    1.56364191e-07  1.10016813e-07]
  [-4.23930301e-02 -1.47323488e-03 -1.76713608e-02 -5.56033707e-02
   -2.58366663e-02 -1.07385656e-02 -1.05233254e-01 -4.44547069e-03
   -1.05263132e-01 -3.01321851e-02]]

 [[ 4.26025135e-06  1.94779267e-06  2.48972825e-06  7.07446187e-06
    3.17287289e-06  2.41970982e-06  8.11452802e-06  8.86904204e-06
    4.59236345e-06  1.09434205e-05]
  [ 1.23005591e-08  3.57455339e-08  1.50266260e-07  9.56571871e-08
    5.99752946e-08  6.31068875e-08  1.89587456e-07  2.07807265e-07
    2.38356612e-07  1.76532479e-07]
  [-8.07274520e-02 -3.53120693e-02 -4.99293168e-02 -1.27122534e-01
   -9.18876609e-02 -4.20219476e-02 -2.27028611e-02 -5.37617777e-02
   -4.60294718e-02 -3.14234735e-02]]

 [[ 3.62813702e-05  2.55598054e-05  2.75459841e-05  3.39506407e-05
    2.48841325e-05  1.99866655e-05  6.25540549e-06  5.37203805e-05
    2.48218154e-05  2.34592309e-05]
  [ 6.31194286e-07  3.81195670e-07  1.23055421e-06  3.26775072e-07
    2.93788693e-07  1.85325017e-07  1.17492206e-06  1.75828344e-07
    3.29825539e-07  3.66377943e-07]
  [-9.24824044e-02 -1.68268011e-01 -4.21034174e-02 -4.24042394e-02
   -8.09605114e-02 -6.04842003e-02 -1.46763308e-02 -2.46572377e-01
   -4.97546571e-02 -6.94696909e-04]]

 [[ 1.48464535e-05  1.73599831e-05  1.83906469e-05  5.27825655e-06
    1.30774697e-05  6.88361398e-05  2.30187630e-05  2.40363895e-06
    3.95509224e-05  8.21249177e-06]
  [ 3.81402395e-07  8.98062724e-07  4.37904287e-07  7.10393785e-07
    4.99762211e-07  1.56605460e-07  8.34707871e-08  2.19468430e-07
    7.73283325e-07  3.46898996e-07]
  [-1.24555208e-01 -5.91294551e-02 -5.30801469e-02 -5.77742051e-03
   -6.36531063e-02 -2.98036697e-02 -2.83946112e-01 -6.57283477e-02
   -1.59217119e-01 -1.45936983e-01]]

 [[ 3.51420308e-05  2.07293514e-05  5.63304314e-06  1.78890204e-05
    1.80803347e-05  2.36727063e-05  1.30414539e-05  9.32657626e-05
    7.42678089e-05  2.21542180e-05]
  [ 8.22967738e-07  3.20797938e-07  8.38205787e-07  2.50308335e-07
    2.72362759e-07  1.57889276e-07  1.96074586e-07  2.13685631e-07
    1.14414047e-06  1.99521085e-07]
  [-6.22098861e-02 -6.26129104e-02 -2.68646462e-01 -2.85214670e-02
   -4.87392909e-02 -2.32546754e-01 -7.32624485e-02 -1.34307937e-02
   -8.06632963e-02 -8.87028036e-02]]

 [[ 2.32194258e-04  1.68361639e-04  1.58377705e-04  1.96404258e-04
    1.66309843e-04  4.28194434e-05  7.86937151e-05  1.05493877e-04
    9.07627819e-05  1.15813606e-04]
  [ 4.26075594e-06  4.26753706e-06  2.04144148e-06  1.93249493e-06
    6.55644980e-06  2.71374438e-06  1.49906541e-06  5.67364586e-07
    1.48091384e-06  8.26856524e-07]
  [-9.94598809e-02 -2.54999950e-01 -6.77200597e-02 -1.25343177e-01
   -5.66547422e-03 -2.69251657e-02 -1.95952859e-02 -1.21640946e-01
   -2.49057436e-02 -1.32131153e-01]]

 [[ 1.53741648e-04  7.59297435e-05  1.69775442e-04  1.07549621e-04
    1.12689150e-04  5.34537605e-04  6.57435105e-04  7.06150743e-05
    7.16192292e-05  1.59140968e-04]
  [ 9.81757808e-07  6.39363141e-06  2.13971176e-06  5.87196751e-06
    5.88578370e-06  3.03026194e-07  9.58240634e-07  1.41613802e-06
    7.13007325e-06  9.55587224e-06]
  [-4.65776678e-02 -2.08754618e-02 -1.85345145e-02 -7.63709276e-03
   -3.80228217e-02 -2.64567985e-01 -1.07536971e-02 -4.64755938e-02
   -5.91483043e-02 -2.34181796e-02]]

 [[ 7.61056045e-05  8.96564297e-05  5.93486740e-04  2.52314069e-04
    1.41703758e-04  3.38729671e-05  1.12936535e-04  7.69109219e-05
    7.11248004e-04  2.99298433e-04]
  [ 7.21522696e-07  2.06905404e-06  5.85826152e-06  4.19144294e-06
    4.50127625e-06  7.89940837e-06  1.65099347e-06  9.65807962e-07
    3.53431233e-06  4.25037784e-06]
  [-7.75365348e-03 -2.43508811e-01 -9.94330111e-02 -3.69630989e-03
   -7.20104093e-02 -4.99523886e-02 -1.17724747e-02 -1.41790169e-01
   -1.05184088e-01 -1.27145201e-02]]

 [[ 3.82418300e-10  2.08034385e-10  2.24918197e-10  5.82249181e-10
    7.93233242e-10  1.74226777e-10  1.26590154e-09  6.43903518e-10
    2.23286691e-10  5.03465039e-10]
  [ 8.38713164e-12  2.44711929e-12  1.36114075e-11  2.64463982e-11
    1.74759978e-12  1.42883159e-11  1.18074387e-11  3.29877047e-12
    1.24078632e-11  2.27440636e-11]
  [ 1.61545874e+00 -3.63414086e-04  1.74677378e+00  1.86917234e+00
    6.80857490e-02 -1.79406410e-03 -5.94019729e-05  1.73570749e+00
   -5.42870132e-04  1.10838195e-02]]

 [[ 4.55944190e-10  1.03786770e-09  1.75691011e-09  2.26922072e-09
    5.21915430e-10  9.31491763e-10  3.90086642e-09  1.15937104e-09
    1.90786954e-10  4.90890793e-10]
  [ 2.90296757e-12  5.37583251e-12  4.95769873e-12  1.21021937e-11
    1.98080385e-11  7.20793613e-12  5.86691029e-12  1.32219928e-11
    4.28900783e-12  1.68935074e-11]
  [-1.53806533e-04 -4.38207620e-03  3.13429191e-01 -8.73565030e-04
    7.58418374e+00  2.58159365e-01 -4.12337183e-04  3.22929340e-01
    5.88552049e-01  1.34528958e-01]]

 [[ 7.21527744e-10  1.27762897e-09  3.34825696e-10  2.62358473e-10
    2.23744159e-10  7.50832510e-10  9.07688977e-10  1.16747337e-09
    1.75134299e-09  6.65634502e-10]
  [ 4.50814437e-12  6.32511413e-12  9.72853152e-12  6.67330847e-12
    7.40496091e-12  9.07308599e-12  2.44314071e-11  2.25697388e-11
    4.26316577e-12  4.32190158e-12]
  [-5.75017931e-04 -1.35652751e-03  8.88180553e-01  1.10838195e-02
   -1.39264459e-04  8.68118624e+00  3.21063869e-01 -1.29254651e-03
   -1.51951408e-03  1.99359668e+00]]

 [[ 2.96710159e-07  1.65493597e-07  2.39145026e-07  4.57005883e-08
    1.61676509e-07  2.43978402e-07  5.44620801e-07  3.12569050e-07
    1.81459802e-07  6.72014625e-08]
  [ 3.76179406e-09  9.57173293e-09  1.37023379e-08  3.44996265e-09
    1.15826583e-08  2.93430532e-09  4.56413063e-09  2.06336028e-08
    2.76502142e-09  3.14679291e-09]
  [ 6.33737319e-01  1.57236841e+00 -6.03288393e-02 -1.05268521e-03
   -5.37500784e-03 -2.40821910e-02 -7.60187058e-03 -1.14084736e-02
   -6.27175922e-02 -3.57375834e-04]]

 [[ 5.31084037e-07  3.13041058e-07  6.13710048e-07  8.29900522e-08
    2.36094853e-07  3.18233956e-07  2.79073975e-07  4.48144330e-07
    2.66935403e-07  1.24329504e-07]
  [ 1.31443392e-09  4.42242734e-09  2.67794657e-09  2.40249721e-09
    4.99164761e-09  3.06062841e-09  4.74239920e-09  8.24060275e-10
    2.33493496e-09  1.79177379e-09]
  [ 2.41344753e+00  5.08848485e-01  1.01384032e+00  5.68827273e-01
    2.50980298e+00  3.11659749e+00  7.22402779e-02 -4.18981383e-03
   -1.78112778e-03 -9.85270900e-04]]

 [[ 2.28651540e-07  2.63006567e-07  2.69633596e-07  3.70584391e-07
    4.24492848e-07  2.51494926e-07  5.24675608e-07  3.45039228e-07
    4.22659269e-07  1.46530486e-07]
  [ 1.12958900e-09  3.64253687e-09  1.20186695e-08  5.60885508e-09
    1.79021134e-08  8.16695306e-10  9.11560204e-09  2.13672570e-09
    2.19744511e-09  7.59808074e-09]
  [-2.98061197e-02 -1.88537770e-02 -2.90598861e-02 -1.10351345e-02
   -8.33976073e-02 -2.95319677e-02  1.00611232e+00 -1.25183237e-01
    3.82214597e-01 -1.15931428e-03]]

 [[ 7.17723900e-07  1.06631800e-06  2.02238126e-06  1.44336488e-06
    1.65380186e-06  1.17385356e-06  6.11215289e-06  2.07810309e-06
    1.94027755e-06  1.15416243e-06]
  [ 2.10156148e-08  1.05354927e-08  3.99488718e-09  6.21756450e-09
    3.30168527e-08  1.07848651e-08  1.77285178e-08  1.31470506e-08
    8.89738362e-08  3.50401667e-08]
  [-3.66707578e-03 -3.79037152e-02 -2.41583136e-02 -8.93160909e-02
   -8.79064519e-03 -1.37705972e-02 -6.81339822e-02 -1.20912467e-02
   -8.56944014e-05 -1.50902368e-02]]

 [[ 1.39122121e-06  2.49267479e-06  1.98432215e-06  1.51153409e-06
    5.38001237e-07  5.29824277e-07  1.07265367e-06  2.05343246e-06
    7.07473510e-07  8.41163493e-07]
  [ 2.04517557e-08  4.75937251e-09  3.78190417e-08  2.04247666e-08
    1.60537075e-08  1.34134073e-08  3.02533526e-08  6.90123173e-09
    1.30419083e-08  1.44398571e-08]
  [-5.76583914e-02 -2.22340053e-02 -2.61957246e-02 -8.70322770e-03
   -7.32059639e-02 -2.47316190e-02 -2.78690194e-02 -3.36489238e-02
   -9.15251282e-03 -3.48323685e-02]]

 [[ 8.29929176e-07  4.42135364e-06  2.55536592e-06  2.62428442e-06
    3.03711335e-07  1.33665025e-06  1.66879437e-06  1.09699462e-06
    1.34451009e-06  7.19361484e-07]
  [ 3.04398481e-08  1.88749504e-08  9.74747320e-09  2.32435297e-08
    1.00788137e-08  1.62466236e-08  5.53089627e-08  3.89185517e-08
    1.87462106e-08  8.28518134e-09]
  [-4.74816606e-02 -7.37554706e-03 -7.85131026e-02 -3.17306833e-02
   -7.16211531e-02 -7.95176247e-03 -3.45310938e-02 -2.48929674e-02
   -1.88092983e-02 -1.10496288e-02]]

 [[ 5.82454788e-06  4.92869808e-06  5.09307493e-06  2.81313080e-06
    3.85818569e-06  2.69710474e-06  3.76256428e-06  2.55867069e-06
    1.34981422e-05  2.18319552e-06]
  [ 3.02417318e-08  3.04947818e-08  2.72040701e-08  1.34722340e-08
    7.97420867e-09  6.73054530e-08  2.76098605e-08  4.44683819e-08
    8.63517076e-08  3.27845018e-08]
  [-4.85883934e-04 -1.09073993e-02 -1.76334748e-01 -4.06177038e-02
   -3.96163323e-02 -5.06225792e-02 -5.03796228e-02 -6.37611469e-03
   -1.00908201e-01 -1.26133851e-01]]

 [[ 2.67975547e-06  4.91114281e-06  7.38088213e-06  4.65098172e-06
    1.31967958e-05  2.64741069e-06  2.80672867e-06  6.15965306e-07
    1.53949432e-06  2.56747750e-06]
  [ 2.96647841e-08  7.27600371e-08  3.81725086e-08  4.26551587e-08
    6.51651615e-08  3.66277593e-08  2.41923587e-08  6.17568875e-08
    6.93063915e-08  6.24365834e-08]
  [-2.56391144e-01 -2.62063868e-03 -4.72807006e-03 -3.20338205e-03
   -5.35514780e-03 -4.48069742e-02 -1.68984495e-02 -6.84913753e-02
   -1.31529415e-01 -4.74302963e-03]]

 [[ 2.99064330e-06  6.85630539e-06  5.06545064e-06  4.05411174e-06
    3.30519711e-06  4.31671425e-06  1.55952637e-05  3.08461463e-06
    1.20793069e-05  3.32246990e-06]
  [ 1.14513015e-07  3.15152850e-08  2.48806942e-08  5.09974583e-08
    5.62659160e-08  5.05982648e-08  7.91945765e-08  3.67626488e-08
    2.20809324e-07  2.59018616e-08]
  [-5.51819621e-02 -1.01259990e-02 -2.47989705e-02 -5.21202771e-02
   -1.68765923e-02 -1.30472311e-01 -4.31832829e-02 -5.70310338e-02
   -5.03027040e-03 -3.79491256e-02]]

 [[ 4.21569954e-06  1.53547121e-05  1.78582057e-05  6.43920872e-05
    1.49499225e-05  2.81669638e-05  7.74010857e-05  1.81448603e-05
    2.34697189e-05  1.96029241e-05]
  [ 1.48200958e-07  2.17570787e-07  6.05172396e-07  2.54060246e-07
    5.20298112e-07  6.31190216e-07  2.46893257e-07  3.45937959e-07
    1.20749437e-07  1.13646089e-07]
  [-9.76979299e-03 -9.92747614e-02 -1.79508847e-01 -1.49360997e-01
   -2.57502103e-02 -1.79875015e-02 -9.69590309e-02 -2.84757142e-02
   -1.68858761e-02 -1.33134967e-01]]

 [[ 3.26150627e-05  2.65152661e-05  6.56814653e-06  1.32526741e-05
    1.54354119e-05  2.38012415e-06  1.29162155e-05  1.38840047e-05
    2.37948337e-05  2.09206291e-05]
  [ 2.94611576e-07  9.67385619e-08  1.51332065e-07  2.79662540e-07
    3.29265598e-07  4.19881088e-07  1.39054396e-07  2.47007539e-07
    2.77325647e-07  4.33899487e-07]
  [-5.52285422e-02 -1.56418250e-01 -8.27655920e-02 -9.99894305e-03
   -2.13548012e-01 -1.87074033e-01 -6.44626902e-02 -7.89310797e-02
   -2.03252809e-01 -4.33195725e-03]]

 [[ 1.77160536e-05  2.39830693e-05  1.55475906e-05  1.36491644e-05
    1.16516455e-05  3.09904218e-05  1.58194728e-05  3.94996482e-05
    5.13813317e-05  1.29915613e-05]
  [ 6.10207976e-07  1.06412725e-07  5.16244671e-07  7.48182275e-07
    2.07801859e-07  7.63996039e-07  4.94177947e-07  1.67019379e-07
    4.31285498e-07  4.69752198e-07]
  [-2.07675946e-02 -1.08729534e-01 -4.74672990e-03 -1.95264878e-02
   -4.75555829e-02 -4.75119433e-02 -2.70153570e-02 -1.07352979e-01
   -1.25625116e-02 -1.07109933e-01]]

 [[ 1.15492919e-04  2.12376317e-04  1.08662150e-04  3.14912448e-04
    8.04695541e-05  1.23418482e-04  5.49702496e-05  1.76487850e-04
    2.12840254e-05  2.22016992e-04]
  [ 5.67478699e-07  3.19849893e-06  2.80615495e-06  1.44750398e-06
    2.10044816e-06  9.61446486e-07  6.92943362e-07  3.16711162e-06
    1.72460795e-06  1.33663473e-06]
  [-2.83008548e-02 -1.19076681e-01 -1.29970719e-01 -1.79388664e-01
   -5.40380434e-02 -2.08262259e-01 -1.16249143e-01 -2.40566017e-02
   -1.74633178e-01 -1.85544341e-02]]

 [[ 3.20146491e-04  4.81814908e-05  5.90809508e-05  5.97457352e-04
    6.32739799e-05  1.35408925e-04  6.23646837e-04  3.97803773e-05
    5.86411097e-05  2.20668069e-04]
  [ 6.41330325e-07  1.53423749e-06  9.75177037e-07  1.61900165e-06
    1.46165464e-06  3.41849515e-06  1.52103107e-06  5.23944387e-07
    5.97130387e-07  7.87932162e-06]
  [-2.72073441e-02 -1.33140780e-01 -5.49127091e-02 -1.21273812e-02
   -2.04289367e-01 -1.35137670e-01 -8.39940690e-03 -8.10222890e-02
   -3.93130561e-01 -2.59315794e-01]]

 [[ 9.17303171e-05  3.44868027e-04  1.57497205e-04  5.48243617e-05
    4.17261740e-05  3.55039713e-05  4.85188552e-05  2.24684867e-04
    3.34592040e-04  1.24999559e-04]
  [ 1.56782324e-06  2.51805530e-06  2.34894924e-06  1.19181271e-06
    9.95248086e-07  1.09080309e-06  2.45168382e-07  8.44803866e-07
    2.21066932e-06  8.31586848e-07]
  [-1.70701690e-02 -2.89070352e-02 -2.49148562e-01 -1.49022890e-01
   -2.94046068e-01 -5.04102562e-03 -3.49168294e-01 -5.62995045e-02
   -5.48901241e-02 -1.52945822e-01]]

 [[ 1.97324609e-09  9.31702585e-10  1.34125676e-09  4.08160594e-10
    3.67560409e-10  6.54591175e-10  4.43586251e-10  2.03001127e-09
    2.26703350e-10  5.28910071e-10]
  [ 4.79058488e-12  2.29823002e-12  1.98686895e-11  9.56204723e-12
    1.00046169e-11  6.41645607e-12  8.61356457e-12  1.92626843e-11
    1.64684344e-11  5.56087787e-12]
  [-6.35158111e-05  1.34018003e-01 -1.22482811e-03  1.19443231e+00
    9.49178067e-01  5.70759129e-01 -6.31478023e-04 -4.76701275e-04
   -1.27749068e-02 -1.32145768e-05]]

 [[ 3.67939003e-10  1.75852680e-09  1.25566327e-09  6.09667436e-10
    6.28092393e-10  9.43238134e-11  4.86375498e-10  3.34196216e-10
    7.26447350e-11  7.65084329e-10]
  [ 4.53440032e-11  3.08222485e-11  9.75965589e-12  6.15544707e-12
    1.46219519e-11  8.02032566e-12  2.59515361e-12  1.13100106e-11
    1.57217098e-11  6.91464262e-12]
  [-4.68642022e-04 -6.45385041e-05  1.13366985e+00 -7.32229244e-03
    1.32601591e+00  1.25685302e+00 -8.44828925e-05 -1.82894519e-03
   -4.86705286e-05 -2.58080522e-03]]

 [[ 8.43853481e-10  3.60190969e-10  1.46694159e-09  1.15232084e-09
    1.03322170e-09  1.26807587e-09  2.37126830e-10  1.12780824e-10
    5.50172507e-10  8.98980117e-10]
  [ 1.59727136e-11  3.25247341e-12  4.05084214e-12  3.41082812e-12
    9.84700448e-12  4.73921908e-12  1.41609602e-11  9.67489269e-12
    5.43837344e-12  1.28036269e-12]
  [-1.94296519e-03 -7.65415218e-04 -3.40542733e-04 -3.42074786e-04
   -1.94102179e-04 -4.81281325e-04 -4.52689705e-04  8.14174513e-01
   -1.58364600e-03 -1.02800895e-03]]

 [[ 8.21052824e-08  2.26646049e-07  6.89134844e-07  1.07292585e-07
    1.08500558e-06  5.65248485e-07  2.21364556e-07  1.44436826e-07
    7.93694021e-08  3.97309149e-07]
  [ 3.84118637e-09  5.69205206e-09  4.77786099e-09  1.15762554e-08
    1.41386034e-09  3.71278433e-09  3.12200134e-09  5.69241851e-09
    7.38048779e-10  1.09765940e-09]
  [-2.20725546e-03  2.58159369e-01 -9.36761204e-03 -1.77307965e-02
    1.34528961e-01 -9.52343212e-03 -5.07546211e-02 -2.11160395e-02
   -2.50085724e-03  1.97289435e-01]]

 [[ 2.56023264e-07  4.68926289e-08  5.65861316e-08  5.43456396e-07
    2.80765027e-07  1.22010156e-07  1.90521197e-07  4.63222029e-07
    6.28451493e-07  1.02533984e-07]
  [ 6.78304984e-09  2.05942898e-09  9.84076446e-09  2.33604843e-09
    3.33403378e-09  1.02777600e-08  4.20725607e-09  3.22161849e-09
    3.96625199e-09  9.34386503e-09]
  [ 8.18173904e-01 -1.39327867e-01  4.46172829e-01  1.00522085e+00
   -1.02649236e-02 -1.18611520e-02  1.13177067e+00 -3.39197412e-02
    1.94043384e-01 -1.94684069e-03]]

 [[ 2.49561426e-07  1.46241556e-07  2.12798702e-07  2.67719312e-07
    4.45021498e-07  2.12205895e-07  2.04010482e-07  3.26612862e-07
    4.81280220e-07  1.83243610e-07]
  [ 5.69477970e-09  2.15348319e-09  3.76415595e-09  2.12634315e-09
    8.90389003e-09  2.07226812e-09  4.21789996e-09  3.97935123e-09
    4.15358180e-09  3.69527435e-09]
  [ 3.83700099e-01 -3.41548159e-02  3.16805728e-01  1.13728341e+00
   -8.05309977e-03 -5.18352673e-03  4.45239217e-01 -1.72138603e-02
   -2.24734266e-02 -5.96494102e-04]]

 [[ 2.88538284e-06  7.91412320e-07  2.00040630e-06  3.09882707e-07
    5.66401704e-06  2.37604465e-06  1.92749778e-06  1.26243763e-06
    4.10856347e-07  1.25085839e-06]
  [ 8.87398098e-09  2.15189863e-08  2.69180731e-08  1.94639344e-08
    2.42193251e-08  8.16945062e-09  2.09622040e-08  1.07203895e-08
    3.01059299e-08  5.83780580e-09]
  [-5.94965942e-02 -1.18887481e-02 -9.29272716e-02 -1.84033362e-02
   -7.35188554e-03 -2.33196320e-02 -3.75615880e-02 -6.19244651e-02
   -2.56404504e-04 -1.76757361e-01]]

 [[ 3.02139765e-06  1.11708726e-06  5.88268386e-07  2.87019393e-06
    7.06958148e-07  1.42225671e-06  1.15361723e-06  1.85408945e-06
    6.24294555e-07  7.49370024e-07]
  [ 7.93527936e-09  1.55328048e-08  1.33152632e-08  2.15638501e-08
    1.84464179e-08  1.56886054e-08  5.50597962e-08  2.85329856e-08
    1.65834596e-08  7.83735215e-09]
  [-2.37657723e-02 -2.41565949e-02 -5.38260497e-02 -4.06655842e-02
   -2.65805643e-02 -1.29809362e-02 -8.82755019e-02 -1.55251916e-02
   -8.81801045e-03 -2.15833281e-02]]

 [[ 7.69362377e-07  5.64389451e-07  2.04612320e-06  1.24964868e-06
    9.15540681e-07  1.44600011e-06  4.83999024e-07  5.83520712e-07
    3.35772877e-07  6.49941008e-07]
  [ 2.77095977e-08  3.42520882e-08  2.53418855e-08  2.20438392e-08
    2.83733722e-08  1.15490953e-08  8.42601312e-09  3.34129962e-08
    2.21129432e-08  3.51811481e-08]
  [-2.64407031e-02 -3.55861965e-03 -2.56440379e-03 -3.74410653e-03
   -2.27149713e-03 -4.35972653e-03 -2.51119343e-02 -1.17862800e-02
   -1.79780993e-01 -1.57109158e-02]]

 [[ 3.56304665e-06  8.54036388e-06  3.60951319e-06  8.54344088e-06
    4.38293433e-06  2.28505193e-06  2.88493130e-06  4.72277922e-06
    2.34641264e-06  2.67388782e-06]
  [ 8.12881439e-09  2.35688417e-08  6.19242146e-08  5.44306129e-08
    1.84649971e-08  7.70903875e-08  6.72850772e-08  7.42618080e-08
    1.40572686e-07  3.86433150e-08]
  [-3.70626660e-02 -9.25883071e-03 -6.16700066e-02 -4.50204524e-03
   -1.27836882e-01 -3.85280073e-02 -7.07122251e-02 -9.05964414e-03
   -2.98710847e-03 -1.35021113e-02]]

 [[ 3.33539247e-06  4.33021364e-07  1.56041394e-06  5.18864492e-06
    3.06210808e-06  1.11920773e-05  5.02320403e-06  5.60996747e-06
    7.75474454e-06  1.19895378e-06]
  [ 2.80594988e-08  1.36506278e-08  7.95316510e-08  1.89950617e-07
    6.07874109e-08  2.05241368e-08  8.86670122e-08  1.94611268e-08
    1.78922419e-08  1.62313723e-08]
  [-9.68591163e-02 -3.74772985e-02 -4.33391272e-02 -6.25978664e-02
   -1.88512635e-01 -2.44474124e-03 -8.95583561e-05 -1.36016913e-02
   -5.99562662e-03 -8.23888747e-02]]

 [[ 1.35579339e-05  4.18931502e-06  4.06324897e-06  5.01270854e-06
    1.02801054e-06  6.27617625e-06  5.27099391e-06  1.05184586e-06
    1.78198460e-06  1.83209501e-06]
  [ 8.61853232e-09  6.29424257e-08  2.70641406e-08  2.68642822e-08
    8.10904721e-09  3.31257379e-08  1.57846331e-08  2.05542755e-07
    2.71974545e-08  1.11543286e-07]
  [-2.44518849e-02 -1.39193387e-02 -1.55580212e-02 -1.14257969e-01
   -3.60534255e-02 -2.00027902e-03 -1.38011939e-03 -2.81860366e-02
   -7.42667012e-02 -5.59960437e-02]]

 [[ 2.14254002e-05  5.91349218e-06  5.21818962e-05  2.27059195e-05
    1.69934448e-05  1.57658535e-05  9.57470142e-06  1.79451144e-05
    6.04858881e-06  6.61962946e-06]
  [ 2.96283559e-07  2.62905347e-07  1.34113692e-07  6.54564230e-07
    1.02078999e-06  3.25906524e-07  1.88167106e-07  1.03278362e-06
    1.49003345e-07  2.11361580e-07]
  [-1.24732821e-01 -2.09631864e-01 -3.78763681e-02 -1.06191114e-01
   -9.92223857e-03 -1.40288420e-01 -3.62856639e-03 -8.36147970e-02
   -2.36218169e-01 -9.27114161e-02]]

 [[ 1.05539782e-05  2.31398791e-05  1.14135584e-05  3.27744995e-05
    2.08567308e-05  8.57587618e-06  8.72931210e-06  9.82418005e-06
    1.59875634e-05  1.04769360e-05]
  [ 3.98016972e-08  2.94293806e-07  3.85173443e-07  1.52404464e-07
    1.91693552e-07  9.48167165e-08  6.42041144e-08  1.12995464e-07
    7.70847291e-07  3.20366157e-07]
  [-2.29490645e-02 -4.39579844e-03 -9.28351677e-02 -2.63186780e-01
   -9.44972576e-02 -6.72009988e-02 -1.91951302e-01 -1.44136937e-01
   -5.63168889e-02 -1.93229939e-01]]

 [[ 4.43216142e-05  1.73398391e-05  2.87876335e-05  2.94896380e-05
    3.16123688e-05  1.71539263e-05  1.38651552e-05  3.65163755e-05
    1.26778647e-05  2.94566696e-05]
  [ 2.97239581e-07  2.30347036e-07  1.31731316e-07  4.32116304e-07
    4.76596356e-07  3.40674709e-07  1.95664803e-07  4.29264275e-07
    4.62624027e-07  1.89395561e-07]
  [-1.41483820e-02 -2.65022062e-02 -1.24924566e-01 -4.99614389e-02
   -1.29890505e-04 -2.44534229e-02 -4.72253021e-02 -1.12950448e-01
   -2.49725380e-02 -1.90546804e-02]]

 [[ 1.55942959e-04  3.25153719e-04  1.29820171e-04  2.53927883e-04
    2.91154793e-05  5.88821302e-05  1.04077075e-04  8.41632071e-05
    2.48853591e-04  2.04782932e-04]
  [ 2.18686379e-06  1.59105348e-06  1.08870401e-06  8.06438655e-07
    3.78814358e-07  1.42566271e-06  1.05920060e-06  3.04306638e-06
    1.63831195e-06  3.12434337e-07]
  [-1.72509345e-01 -1.61113009e-01 -1.21816086e-01 -3.33332359e-01
   -9.78877957e-04 -6.90582214e-02 -1.59255989e-02 -1.97634587e-02
   -1.71494158e-01 -4.27327684e-02]]

 [[ 1.33600223e-04  1.16414834e-04  7.32673480e-05  1.60953306e-04
    6.92895653e-05  9.84649455e-05  3.66531894e-05  1.04468755e-04
    1.20158367e-04  3.15984846e-04]
  [ 8.35149298e-07  7.71833508e-07  3.34155589e-06  4.31883416e-06
    9.04714415e-07  8.46320974e-07  5.60908592e-07  1.33437698e-06
    4.31241983e-06  1.03675873e-06]
  [-2.06825980e-02 -1.91848383e-01 -6.29345886e-02 -1.14456205e-04
   -1.30275532e-02 -2.33848073e-01 -1.78786806e-01 -1.11527177e-01
   -3.19271145e-01 -2.34077739e-01]]

 [[ 9.08422441e-05  1.06723484e-04  9.95236787e-05  9.86687022e-05
    1.02054266e-04  7.09888323e-05  4.73432320e-04  1.25907281e-04
    5.41339637e-05  1.26055618e-04]
  [ 1.13328584e-06  2.53856646e-06  2.08137167e-07  2.20617934e-06
    3.00919870e-06  1.36397579e-06  5.02359030e-07  6.52413118e-07
    1.00542013e-06  3.65992189e-06]
  [-6.63968748e-02 -3.03559554e-01 -1.55465560e-01 -4.39851311e-03
   -1.30401787e-02 -5.40517085e-02 -6.34494326e-02 -6.13730304e-02
   -1.69754403e-01 -1.38481892e-02]]

 [[ 1.72163774e-10  1.97883141e-09  2.66013838e-09  5.41180148e-10
    1.71883249e-09  1.08741905e-09  8.66561732e-10  7.01603055e-10
    6.19357189e-10  1.72844653e-09]
  [ 5.90392009e-12  1.42953129e-11  1.67368602e-11  1.73193425e-11
    1.49076182e-12  9.37076220e-12  1.93305257e-11  2.54781622e-11
    5.56296757e-12  6.39424430e-12]
  [-4.38767749e-07 -2.27963873e-03 -3.39723696e-03 -1.39693721e-03
   -1.55142381e-05 -5.35569743e-04  3.83783540e+00 -8.49577388e-04
    1.25685302e+00 -2.51377138e-04]]

 [[ 2.57523057e-09  3.74177949e-09  9.73334514e-10  5.68281683e-10
    6.17996151e-10  2.41022628e-09  1.35769690e-09  2.39748400e-09
    2.19081482e-09  1.94243687e-09]
  [ 4.71547579e-12  8.83070963e-12  1.83195907e-11  5.21174190e-12
    1.06016566e-11  5.55593411e-12  1.02941300e-11  3.71005708e-11
    1.63125890e-11  1.92416556e-11]
  [-5.23418159e-04  1.10838195e-02 -3.44976529e-04  1.76308432e+00
   -7.59808513e-04 -6.08468513e-04  1.61545874e+00 -8.20380248e-04
   -7.58328456e-04  9.01836143e+00]]

 [[ 5.06036413e-10  1.45266970e-09  4.00522281e-10  3.09516916e-09
    6.19875757e-10  3.59303587e-09  1.99554019e-09  6.45537041e-10
    1.80292473e-09  8.86189649e-10]
  [ 1.22561677e-11  6.70601458e-12  6.06571762e-12  2.71669305e-11
    1.35378103e-11  4.23196525e-11  1.21753386e-11  1.50812749e-11
    1.84337506e-11  1.25912114e-11]
  [-2.75231464e-03  2.74600090e+00 -1.10586147e-03 -1.22733191e-04
    4.06784341e+00  1.67864199e+01  6.40511436e-01  1.10838195e-02
    1.95277024e+00 -1.44046706e-03]]

 [[ 1.34759846e-06  5.57490162e-07  8.24821088e-07  6.94129783e-07
    1.96855558e-06  5.08244124e-07  4.13572818e-07  1.01626879e-06
    1.50399648e-06  6.42640944e-07]
  [ 7.38950927e-09  3.58783821e-09  7.57155320e-09  3.69719131e-09
    6.17427634e-09  3.70996803e-09  3.89893324e-09  6.54383622e-09
    1.21909059e-08  1.76382734e-08]
  [-4.90703492e-03 -3.80782420e-03 -1.91631434e-03  7.38165586e-03
    1.13727803e+00  7.46918397e-03 -4.30818275e-02  9.47359564e-01
    8.23916620e-01  1.38245978e+00]]

 [[ 1.01716877e-06  1.66043105e-06  3.65390170e-07  3.52731304e-07
    7.90396585e-07  7.70715869e-07  1.15599826e-07  5.07804585e-07
    2.22290728e-07  8.23128274e-07]
  [ 1.98997500e-09  3.56001901e-09  5.78256243e-09  3.72762277e-09
    1.93693039e-09  2.21940150e-08  1.22442843e-08  1.12460044e-08
    1.32129844e-08  4.72861186e-09]
  [-1.55454109e-03 -4.17595117e-02  7.46916225e-03  3.22929345e-01
    7.46916171e-03  2.76545956e+00 -5.83000574e-04  1.13676247e+00
    8.17408175e-01  3.22159942e-01]]

 [[ 4.24860746e-07  6.17581953e-07  1.21256399e-06  9.20389488e-07
    6.88857495e-07  3.60789589e-07  3.20399542e-07  4.50996424e-07
    6.72318667e-07  1.90408203e-06]
  [ 1.30938824e-08  1.00641387e-08  1.36798473e-08  1.24004482e-08
    1.92744384e-08  3.84500656e-09  1.05774793e-08  1.14811811e-08
    8.45069335e-09  7.84195607e-09]
  [ 2.40400815e+00 -1.11599647e-02  1.57427724e+00 -1.57948269e-02
   -5.89831859e-03 -9.16400104e-03 -1.43585365e-02  6.33573021e-01
   -3.20108901e-03  6.32193223e-01]]

 [[ 1.12392183e-06  5.85096355e-06  1.31040859e-05  3.36477918e-06
    5.71448430e-06  2.73828938e-06  5.72295619e-06  5.06586831e-06
    6.31560277e-06  1.22865208e-06]
  [ 4.18070642e-08  5.41267091e-08  3.84935088e-08  3.51192149e-08
    3.61005303e-08  2.52576450e-08  3.54922691e-08  6.64555762e-08
    2.77712723e-08  1.09569858e-07]
  [-9.82396421e-02 -5.67487301e-03 -1.12898235e-02 -1.36993573e-01
   -1.28069578e-02 -3.09095393e-03 -1.24235833e-01 -2.80189523e-04
   -2.29118129e-02 -3.21318420e-03]]

 [[ 8.59386714e-06  2.98799100e-06  5.65607575e-06  1.70879448e-06
    1.84837619e-06  5.45831588e-06  1.13738299e-06  2.33236722e-06
    2.82993479e-06  6.05350690e-07]
  [ 1.87389170e-08  9.42319835e-09  1.71941866e-08  1.68031397e-08
    5.73904206e-08  2.52557714e-08  1.63981580e-07  1.53009734e-08
    9.91419900e-09  2.11540781e-08]
  [-2.00426389e-02 -1.20777401e-01 -5.93691249e-03 -2.74618565e-02
   -2.32778273e-02 -6.93418159e-02 -5.11705945e-02 -4.65829450e-03
   -6.13367643e-02 -3.85115568e-02]]

 [[ 1.70509396e-06  1.39870000e-05  2.83744981e-06  1.42998402e-06
    2.99203366e-06  1.78177194e-06  2.81259707e-06  3.35981172e-06
    5.59613662e-07  7.05847292e-07]
  [ 7.41754839e-08  4.50709856e-08  2.71956235e-08  1.92057411e-09
    5.82280753e-08  1.26433470e-08  5.72190124e-08  4.97285547e-08
    6.86327899e-08  1.26621853e-08]
  [-3.60233373e-02 -1.10817843e-01 -3.27186973e-02 -1.91884675e-02
   -2.09611725e-02 -1.54822252e-02 -2.99367760e-02 -1.79650250e-01
   -2.65007119e-03 -1.61622837e-04]]

 [[ 2.23568633e-05  9.21937589e-06  1.08102782e-05  5.74983605e-06
    4.28647660e-06  7.09170451e-06  8.95985316e-06  7.36211467e-06
    1.49953961e-05  5.13729535e-06]
  [ 8.89469133e-08  1.19355144e-07  1.19569432e-07  1.29175726e-07
    2.19499173e-07  3.52099758e-08  1.48924139e-07  5.30002546e-08
    4.45630176e-07  7.00091722e-08]
  [-6.30378560e-02 -1.76584038e-02 -7.74214310e-02 -4.27423472e-02
   -1.31395509e-01 -1.23760792e-01 -3.39487614e-02 -4.50168767e-03
   -6.14134000e-02 -5.79508265e-02]]

 [[ 6.73202254e-06  1.50983082e-05  5.88161616e-06  2.15257358e-06
    1.16045130e-06  1.09204434e-05  6.31212121e-06  1.16620136e-05
    6.39155907e-06  1.82841702e-05]
  [ 1.79071828e-07  7.69163007e-08  1.53757912e-08  3.17321717e-08
    3.37875739e-08  7.45041943e-08  1.83972697e-08  1.64709363e-07
    1.53929155e-07  1.60154991e-07]
  [-9.04312185e-02 -1.71860580e-02 -7.42552798e-02 -8.54945038e-03
   -3.44801349e-02 -9.68443458e-02 -2.31986112e-02 -7.58608281e-03
   -3.26618332e-02 -9.60033392e-02]]

 [[ 8.51506094e-06  6.63924989e-06  1.00431038e-05  5.76095119e-06
    5.08536381e-06  7.20014928e-06  5.94348693e-06  3.03505670e-05
    1.89776885e-06  7.17429398e-06]
  [ 2.87399695e-07  2.01429864e-08  2.52073883e-08  3.13231718e-08
    2.56250977e-08  2.38858204e-07  1.69011951e-07  8.50147139e-08
    2.58101294e-07  3.43453496e-08]
  [-2.95545120e-02 -1.66842223e-02 -3.28981220e-02 -1.43187162e-01
   -5.02809746e-02 -2.76786617e-02 -1.07381492e-02 -7.87097885e-04
   -3.09406836e-02 -1.95606506e-02]]

 [[ 6.86820066e-05  1.51113012e-05  4.11966543e-05  2.00802043e-05
    2.82083429e-05  7.47037803e-06  3.07666729e-05  1.62686314e-05
    7.86447940e-05  5.78830171e-05]
  [ 2.79924937e-07  9.05084632e-07  4.05517121e-07  4.74090374e-07
    1.56870123e-06  3.88084295e-07  1.15852180e-07  3.19858666e-07
    2.20825325e-07  1.16032285e-06]
  [-3.08127953e-01 -1.33846658e-02 -1.40854967e-01 -2.37865730e-02
   -1.03980975e-01 -3.11526578e-03 -5.56412223e-02 -7.08663866e-03
   -7.67809553e-03 -2.35013202e-02]]

 [[ 2.52931723e-05  1.68882149e-05  5.08079710e-05  2.04295125e-05
    7.22834445e-05  4.65976303e-05  3.48159689e-05  3.92614624e-05
    1.53001876e-05  6.11347581e-05]
  [ 1.83383367e-06  9.77999899e-07  9.63919979e-07  3.96718240e-07
    4.71916368e-07  2.91134334e-07  9.32961164e-07  2.41214196e-07
    7.24972081e-07  1.95101023e-07]
  [-2.35680453e-02 -6.17369779e-02 -3.27487208e-01 -6.09403650e-02
   -1.95394490e-02 -3.94168014e-03 -1.34487427e-02 -1.17576319e-02
   -1.08218287e-01 -4.75344726e-02]]

 [[ 2.23709527e-05  4.74371745e-05  1.58765544e-05  2.84830509e-05
    4.73817018e-05  3.61782423e-05  6.27772870e-05  4.17326965e-05
    1.24291253e-04  2.03221409e-05]
  [ 4.86548708e-07  7.05122553e-07  1.04607653e-06  2.77880776e-07
    2.64152738e-07  6.45873122e-07  2.61187923e-07  1.29506051e-07
    1.88810843e-07  5.76049481e-07]
  [-1.47165154e-04 -1.10507178e-01 -1.81393254e-01 -1.53067101e-01
   -1.85720095e-02 -7.45893918e-02 -1.25016017e-01 -4.20437424e-02
   -2.06225144e-02 -3.09801134e-02]]

 [[ 8.75293454e-04  5.88006097e-04  3.18216073e-04  2.56782756e-04
    1.63524186e-04  2.22007674e-04  1.24286329e-04  5.31687927e-04
    5.40339087e-05  1.55695339e-04]
  [ 2.64515360e-06  2.55510649e-06  2.36535083e-06  2.15952588e-06
    4.21146504e-06  2.06131600e-06  1.13572451e-06  5.95986158e-06
    9.29032379e-06  2.22716759e-06]
  [-1.06215773e-01 -2.46919266e-01 -1.01127895e-01 -6.65692618e-02
   -1.70561840e-01 -3.01924441e-02 -8.99179992e-02 -4.72292583e-02
   -4.23527186e-02 -6.34532505e-02]]

 [[ 3.79454134e-04  2.62328904e-04  3.02795327e-04  2.28061827e-04
    1.92589025e-04  4.34932372e-04  3.27867353e-04  1.15513910e-04
    2.80568680e-04  8.61540040e-04]
  [ 5.50300200e-06  3.72027436e-06  3.76728328e-06  1.64846976e-06
    2.10807675e-06  3.21275852e-06  2.52828066e-06  7.91391877e-06
    2.47715818e-06  1.49328383e-06]
  [-3.91051478e-03 -1.87131779e-01 -4.24878731e-02 -2.01579796e-01
   -9.74378577e-02 -4.64531160e-02 -5.71781925e-02 -7.22561084e-03
   -1.03588791e-01 -7.87016701e-02]]

 [[ 1.20867639e-04  1.85946136e-04  4.58398430e-04  5.45006841e-04
    4.87778435e-04  1.45390325e-04  1.45158552e-04  1.54997922e-04
    2.74893858e-04  2.03934717e-04]
  [ 1.43031960e-06  1.61741914e-06  1.15230667e-05  1.77198131e-06
    3.22943020e-06  3.95100713e-06  2.24449316e-06  2.16504036e-06
    3.23263978e-06  2.38023778e-06]
  [-1.52519841e-02 -9.74348944e-02 -5.08794600e-03 -1.50550476e-01
   -1.97307246e-01 -1.83989326e-02 -4.22251252e-02 -6.05557784e-02
   -3.99597807e-03 -1.01278109e-01]]

 [[ 2.32477325e-09  2.61915111e-10  2.76141077e-10  6.46555979e-10
    1.04950529e-09  3.54858619e-10  1.22447848e-09  9.92961116e-10
    2.54575625e-10  5.98176352e-10]
  [ 1.15259132e-11  6.32954472e-12  1.95336891e-11  2.14208994e-11
    2.90906903e-11  5.50983747e-12  3.30742398e-11  1.32377485e-11
    2.31691062e-11  1.13066339e-11]
  [-4.05362945e-05 -8.32595530e-04 -7.17968703e-04 -4.05433252e-04
   -1.15105768e-04 -1.51758788e-04 -2.57632767e-04 -2.75374147e-04
   -4.68646206e-04 -2.93664864e-04]]

 [[ 1.34804212e-09  7.13222087e-10  5.44820091e-10  1.57690237e-09
    4.44067808e-09  1.76733238e-10  6.97694487e-10  4.80962749e-09
    9.63431458e-10  8.32052968e-10]
  [ 1.25035878e-11  5.92783270e-12  1.39690903e-12  5.56039058e-12
    8.81502571e-12  9.24350590e-12  1.61197581e-11  4.64153974e-11
    1.45288338e-11  1.07105546e-11]
  [ 4.02420300e+00 -2.41682247e-06 -3.80047495e-03 -5.36668385e-04
   -4.10943916e-04  3.61972116e+00 -8.58361214e-05  5.25802371e-01
   -8.49849209e-04 -3.47913397e-04]]]