1012580124.9466988
401570026.23235846
191134474.3804671
126339473.58677356
75045380.3816301
42206696.9796866
26303907.53623656
15481083.500968374
7401231.573991563
4123232.0741622974
2447382.7815239024
1471649.8190189933
679595.4047321532
342314.39559816895
232003.70840341647
162388.51674506514
118276.50778342508
75300.19197497179
65205.185866619824
51836.99310485765
1122777024.6840162
330379306.86761063
157573556.8756589
88653608.95652737
49220812.474164896
27104103.0919527
15412635.52836187
9302020.437079668
6141227.7775252415
3485742.1981410915
2081470.8016175008
1187380.3971009776
748909.3021035477
483030.1625223378
321363.00689723797
239028.69918826033
176567.59088321778
128104.94017674011
97955.6832243184
71433.19003005236
1031069294.0508863
363022210.83272153
164230593.39872462
74397673.4737619
39235394.81696305
22060354.16041524
10960007.504599638
6268148.807831373
2983040.0212402265
1654001.050524729
825324.5445002089
448256.777969298
230405.1803031155
141761.2359168859
110397.93518468834
79404.63732531395
65909.11879762248
51774.130300960285
41590.89025003098
33775.803170713465
983672298.5950238
318050186.751202
162425753.35590747
87274347.73936589
50163281.139122345
26927349.91756494
16006623.003319103
8112450.62836389
5042399.362968098
2306907.5368615054
1601106.7769748971
907085.4857217605
505661.3407221934
328488.0075655104
220519.07269343504
160408.80622332278
96768.68228496931
69267.95281840218
55928.59354825273
38359.420454603
1102873385.9440186
349152747.79418564
143623990.08278745
72229910.06770994
42655731.75093667
22573793.682745405
9441106.524320208
5692231.038126305
2921173.3509823647
1697620.9748196742
960221.3402080517
538564.5893547509
331440.92040710675
206884.76259749135
144168.88293077282
105567.05892054521
83819.46974311894
63394.74093938391
51157.49216538128
42888.92699719979
1003196712.1917224
303975443.15331346
128674812.4796739
58045676.02678926
33467601.428343248
16881188.46236831
7084710.382450706
3404257.9657616853
1741838.230995701
997530.7530295824
523670.7907668394
301871.91066758253
197133.12994336497
147072.74731623774
96233.06132942096
73393.60878590675
55114.30973668909
43086.95305622039
32978.99886275474
20414.0530710633
981762925.9726462
271711833.29928243
134088201.07786961
69948086.32660088
37310519.33192152
20784331.075355098
14254259.942419318
6823613.474531577
4097722.3381239143
2354800.052154894
1249978.7091724486
776348.242040001
474407.64427673415
321737.734792141
212603.89045917438
141267.6804854565
105686.04334493302
62041.60472522386
47722.69312767315
37990.3607673609
869896251.0863198
306462568.1590966
131527852.17869414
78618502.98318966
41744971.96091405
24288033.50227769
12229756.736638658
6840680.300347259
3036950.3034078535
1660803.8915887964
802501.2963156616
425082.88334463583
244158.17075204867
149616.33236865693
122140.84295075979
98911.60188939182
74364.91591069558
55476.15212547999
42881.34223690517
37778.59233044043
1148039029.6002586
281455990.34743565
106264786.64895548
63273954.526557714
38762960.32175722
23896363.34890403
13258515.132833147
7442016.1138123935
4591388.143693035
2431155.6959197447
1498351.3983968352
795596.9664395492
530838.9120789274
369563.94921089825
180267.15870715005
118772.3535532286
71636.47443800853
50624.20808822781
37361.59959057745
26580.12961073567
1078818251.1562762
272121056.7980056
130815773.29640049
87541676.3238939
46046905.07130942
30740338.28583728
18861404.281080794
10510787.862611853
6398143.226800984
3451057.175238849
2257064.1049380703
1214916.593803108
703461.9701849488
321787.344768003
227391.51912390412
140680.49323788652
103542.80242602517
78631.64595373897
49346.52300476435
37837.81891013896
1153927875.2181704
358483813.8545358
192474150.06084022
126940632.19421026
72801923.80005662
42692144.785176866
24988796.284272406
14300119.479416316
7393571.149673532
3643292.368744782
2537302.7841421636
1455203.4940268437
959048.7831503231
580619.6612742553
316869.0349967325
191904.5021755781
132369.25601893812
89558.78825158355
60855.791784682166
45670.82609516013
1024033167.0414952
221301100.6072893
95700022.2177789
37257496.37566216
23719263.549065653
14266646.936096894
8262556.469529369
4553955.317379958
2581157.3422071342
1373480.4495045005
861205.3814314726
461860.01513426856
293155.31990311906
203346.88154967732
144709.04470099683
90406.25290546053
81154.21600202889
62545.57620707417
50962.047026676046
39026.84010498163
846509326.9662522
272803690.8951631
146590893.50007442
97324051.24457249
58531444.55130948
31451563.42982018
18151172.857589643
10751721.503089089
6116475.505564649
3145747.853398077
1895206.1539807334
1022794.6782337044
535301.6495444371
323428.40525554144
224103.91572029624
169715.0574146398
110232.5315660965
78316.98855405557
58497.96696559684
48630.3905442467
1099406402.7286596
250534280.42361537
112275726.1429597
61661857.56878312
32358736.561389215
14956344.333735432
8399898.027303465
4151763.975264342
1763278.1672738842
1108502.4382175645
641177.6658576237
379285.89038199186
268230.50378726836
183046.44654935162
113036.03496219934
82294.97526050851
54201.2489570172
48028.80183862363
35716.955322661626
31707.363648999803
1092699218.2782767
358125439.66966915
158946444.33216673
68493323.76882368
44899755.74961732
26882664.486980025
14936209.443216506
8860451.098917434
5107159.01473345
3206280.444092206
1263918.6713716967
819912.8900149954
381025.95958779176
263032.139660473
186757.519886047
110132.39234447632
80335.87788207833
67390.28203966001
43285.56411601125
39505.05811697105
1019353256.5943145
263515756.70829234
116458505.28545845
69004312.37373653
36103268.76304786
20753281.818028238
12029044.519613598
5745838.733146367
2965962.382603474
1600310.3317512705
988630.3091011841
534894.7573808503
387151.3965937158
293161.75033033796
184858.30112557163
135539.01745433517
87396.26777319626
59360.738657814574
45964.43673492452
37839.99780063317
968999448.0515245
281473974.2233694
90062046.57917282
36576855.50794568
20546905.356856644
9530642.694162752
5346803.6918607885
2623881.1091316156
1622797.2714242875
864796.152188306
497282.6500429703
309741.0105197232
207310.38433713402
131778.00519311734
113635.80335154805
90679.5955354959
74696.7272727297
48357.60485472717
39884.24903341396
28296.3720866923
1088167619.0588524
284790570.2811231
113374038.9577946
61132852.09823085
36967123.842377946
14417792.480919925
8021875.574620403
3859985.4036158733
2384335.0958666634
1222662.7080453148
674763.1278908072
428047.04319279897
261080.36868404373
167569.97516762887
108999.42456121453
93653.15175376389
70724.38863007024
54271.81826464562
47030.76134166312
35330.4104649196
1104400314.609353
310506607.5070529
175605751.7290492
99127432.83963364
54425468.53829334
31652858.73599232
16514122.751612308
9321836.654770585
4719528.45729066
2586393.8997645066
1561534.0069684463
765325.2670699488
424517.01678842626
276988.752620653
187587.92517512242
116287.95099668467
68097.18536916764
54134.06295905149
42725.88390780893
32675.71252568149
1138368390.9419904
359348039.0345091
167216946.40969515
100952587.31337547
54473584.355277516
33963305.719516136
19364127.510210145
10552277.860636298
5732978.904783124
2754035.784548575
1301641.283981965
784629.2458007981
496757.32993359264
356813.21964526584
285185.1123064973
231399.98317990452
167491.21728134673
117692.02608351568
105088.32986581224
93644.29480355058
923451937.3060119
373879315.5753446
154117804.5869878
96328398.51303855
55940256.94543579
29928425.20939959
15946636.194448931
8476876.9105254
4466273.123035318
2058186.4635329149
925059.1502010137
547466.5975511032
349958.0029489837
199112.2994714242
121669.11800605324
81813.14846908714
62367.04310950392
50451.076180658
34616.32582002892
29179.625237612145
1016661985.7789506
297591432.27331316
145777990.0972339
92894427.26782477
55835401.90265505
30079819.12317859
14601136.475429649
9168850.873285625
5395092.29575174
3231439.045983211
1823952.9476099566
1057863.354876425
647134.213518958
417725.9045806272
257969.20667549217
141145.30412951048
100013.61220061421
75494.72039525282
61814.89661403852
50640.67557145725
1048392620.4730133
421828822.58933854
223241542.72110546
130163600.38721065
78544168.491213
51470681.68821891
28405843.342934456
16840614.478119355
10040023.60815605
4114333.3788432367
2408682.9487170437
1393909.4527294575
831500.8588602375
518138.1542228366
364860.0009027014
226528.28749283368
145867.4052825463
92973.05522721652
72285.65889397233
51923.46719889751
847186753.748265
260817760.7830589
123008832.79551467
74763609.44702837
44250569.39871413
23037387.896556657
14572317.734194228
7674085.332444431
4026744.2540987264
2129040.24775773
1372977.9556441533
744290.273722206
421382.07640228653
312407.71357454045
210313.94775848385
140248.2233007818
114549.27145184502
83246.39507039622
70138.46982080783
55606.61129212986
834359021.6610762
316784809.13452095
127985459.40190345
78482927.94822052
45421724.99339953
27390620.204087548
14497559.97244922
7282774.1912365975
3914267.1203997205
2480647.071159895
1382567.935392087
796952.0579397359
420952.22095269815
227763.14090685884
145468.24054406438
101565.97300560202
66886.02151082498
47485.09793066343
45355.48844748808
36827.88472914873
970778038.0772665
284908449.2607634
126591435.47012988
67458665.20351316
37952674.00592647
21163591.586146805
11964893.809688026
7168931.881419402
3156977.0522597698
1683957.9686220237
915954.3492617275
525389.9622524105
332421.84799675073
214578.3208108873
177639.7320434975
127605.7098336384
102767.81360854719
81875.27022746234
64550.906379742824
48203.51302520315
1045618504.8254102
287467626.25272167
160726027.59775305
94869614.38371821
54154992.562855534
30766461.939195406
17685301.805970542
9585126.69900739
5457875.5583699625
2726580.1212875666
1674422.233867972
1114481.811372316
652620.0800878251
364015.86977762735
240527.03398076986
160866.6330736164
108111.95875314946
73268.89462558605
57009.56515840183
32705.5270669336
927544015.7541368
291739317.5257519
142489920.54551527
98270664.72668315
57106927.14736224
32042580.28825487
14339229.84246154
8004042.059086465
4051552.643169732
2118091.205120881
1217586.4863752222
675381.557367079
352822.13275856746
218556.0817333866
171283.8392178192
133144.8068467254
98878.7358096589
71150.08317377017
59302.40133146697
47707.98581588548
973414389.3657297
389341078.72532845
183493579.9442593
102231862.14621688
59769705.695498966
35093377.02501012
20346065.169285286
11930041.986806823
5555652.280851188
3089923.173379533
1426750.549920607
905224.7552122214
497776.06671399117
320230.5130985831
181380.6717523532
111038.92060970799
88655.86219357012
65523.74484120742
48564.53291224507
38602.30879179054
791287847.5739883
228163731.26461917
97246766.75651002
50268255.33046386
30774595.534815874
17391006.407532357
8756857.376990598
4984635.905205487
2321722.040044228
1371070.315068285
666252.1795569315
434582.14052573766
281586.11008424114
200487.56552373615
131188.83412457854
100364.36826252865
66740.12322312855
51958.42321360609
42818.09373570074
38701.80802454262
1050538057.7444838
315442407.8594911
134988605.72738627
72245558.70176825
39582133.63794118
27513012.37326254
15951826.279192353
8999847.928060437
4896387.762753365
2397004.218961877
1231367.0034525155
711200.7873019063
404400.21421908325
295060.77058141644
174373.63219191093
130598.45881834571
99198.09548520882
61555.33315556226
43750.808129656034
32044.891573167315
1024031188.3833572
302230946.7060131
122090290.93005165
70472487.68775024
40981086.4083456
25281365.23574514
15791603.613797612
10108635.809629275
5923685.57611342
3339914.1810618564
1915201.7273272926
1075171.0728787219
627225.0251913785
387383.9870214517
251513.02203635027
178176.25787036234
121201.7696440513
78264.10357584662
53328.98399864579
38248.172496081825
1000804482.2692995
350493677.05149466
137512027.25818983
76740762.21635167
44793071.357392825
28519596.296825744
17432955.205861546
10740836.426368695
6602407.154589983
3690455.2987243715
2350147.875999096
1364485.4108492173
800345.1346082791
415486.36688915716
273444.4429754014
210778.384441109
171566.2986304372
127959.65265435832
106187.6438929718
81149.36758000466
988088413.1823971
280353431.70241976
120442894.15703216
71657856.5741378
38550571.29682769
21346708.02584811
14063812.731114017
7783039.1528547015
3597259.1112639876
1782500.060055485
1045849.411734561
639615.6860383775
415592.80356917216
213281.75067927263
131626.6449512581
98014.26182256005
68160.36450439766
55521.85450460899
43597.97614630538
35020.088647204946
952429288.2414093
363777996.83805084
128171712.79288307
72566893.65486374
36726503.260352954
21036941.872162756
11574649.00976087
6350992.803284485
3122221.8685978595
1839735.4052197058
1005624.2224944285
628993.050149985
332729.5461515314
231849.570402398
160329.161603234
96350.24552330606
72064.06965102837
50031.35293363786
40953.069096006606
35723.55697795911
1044036754.9414519
238186068.40389836
137910330.14245334
76432042.42293903
46798150.68025546
25448600.35293843
16066743.760213044
9009412.02265971
5499980.204415677
2860716.190760112
1702229.1580091119
1133413.5521537673
576696.6376369142
383783.5737519115
240029.08307176837
165313.4042203537
123016.9441314736
80410.25999362313
63302.68273027455
40933.527971163596
1004667128.661191
384595480.89188945
175001359.45775366
93036888.10588856
53297644.41258158
28201334.80288329
15150145.991272321
8014647.640576975
3971196.6995892683
2488510.0826161443
1572128.6735392937
976256.1198092053
612953.8354004374
357226.49168252543
262933.5684033959
200164.98722780493
128328.60534476483
101941.11262851662
74834.42953220062
58213.40166439862
1068486572.1242311
343529271.05136406
159819647.00829053
92356781.37044781
50256408.28762919
29504865.017486937
16638686.58266891
9975417.909643311
5515347.44257302
3156549.227056149
1887558.1476238058
1155093.7330364496
659598.5516866974
459672.03254565416
299120.9559132507
208175.1832194877
125804.09950995893
77243.28663942717
54434.97886811053
46486.49788958491
1003714273.2953598
334371496.37200594
167755258.70068324
106980982.05701493
57997313.75177076
32147636.146108635
19069306.070690393
8369573.995628953
4804413.017726436
2505365.083938912
1238201.0037059376
764918.3536106745
351216.9501236492
234312.8881926312
164559.357643958
113045.05457573498
79952.43951371647
52339.332910130106
37432.83177240903
27824.97704963527
997726964.6797668
237822210.20967093
95305001.96349256
45918762.74618983
23266260.804952733
15046534.613764372
8222703.071107806
3527682.026937171
2209531.469511412
1213197.5610710059
687611.4411978181
437141.02907818754
275803.24612606183
192651.17531678212
140298.76836894942
112554.56334455167
86023.33795187695
64766.388489327044
51071.07351679863
42798.25170028431
955148231.23714
225853959.38847515
117164436.32787052
62501664.748029456
38107228.017183095
21444062.87358065
11990339.178739708
5643344.251158531
3466726.0769099765
2185366.759422197
1175967.0183745436
672321.2165381563
369038.82935928076
236045.01861539783
162558.70431210578
109739.45113893396
67154.31584813881
47481.52536768939
36850.58385856767
29185.248398317104
983969349.653698
270385631.8390582
103336246.92170703
58092603.257618986
25154474.658213474
14112337.778231267
9208169.945306344
4968219.750050365
2481346.379347757
1383339.229813418
663916.6254619535
439749.90127423836
282444.6739431542
191360.24127569993
133589.39308080712
93417.34208331093
71217.32082119999
51998.94049617622
46205.3139092002
33985.78988502256
1156974056.2578063
302633101.7823487
164757283.3291539
89510485.64330015
54769875.53827077
27620640.121694855
16741705.055203184
10503519.690672755
6769945.840602932
4235573.856230786
2681406.6699151946
1523144.871897367
873105.4436048232
540578.688795057
346330.7482789595
218833.9632396611
140980.12283866922
99883.38727255895
77708.07796906847
51919.1955357467
992095662.8424604
312660043.8542618
154268325.80397174
78112099.20609681
49831582.832447045
30859338.87255534
14692725.564474946
8382121.547926023
4077241.10765902
2364742.38466634
1378162.4053382175
849257.9453836659
460439.01989391726
304507.6659619145
207281.17827322485
131448.73334728918
81238.05626493084
54027.38818692497
37615.38037440323
32943.44631305864
1002938550.0810246
309555224.3186317
144201620.44763082
71453759.80791515
43820176.08520122
23385981.6264213
14487934.322818609
7996502.435486333
3700252.611458266
2067873.4420794991
1062389.1030120584
641374.6885062265
282898.86151282693
217342.2620049705
158670.79006961358
100419.74647651806
70840.66545407232
54328.36089857121
42592.8815641906
30928.768166073405
1188694823.6420438
332914354.46620154
132992750.94121458
70875207.38212314
45702404.3210907
23217836.062493183
15585641.325811995
9293914.585286397
4712679.259700905
2546397.2336531854
1580903.416083611
855887.8445749768
475483.7800745248
287869.5735647709
180434.05019874708
127590.45017179323
79022.33032851343
57202.26842620255
46712.08065780769
40246.14834139716
940091463.9624962
221636171.13502687
109280695.63900751
72841291.59068172
41515896.64824791
22209440.022747807
13105651.469514875
7232834.038098267
3548880.9219866516
1739161.8085740705
1167641.4273754135
711100.5153967019
436559.56420431886
275232.5382037519
190115.91416134115
127149.57016330455
92435.2135588534
50442.999034001485
37162.72275620232
35127.25001228875
1010667085.7185585
329242253.4959988
112395636.25684176
60383030.636868484
32161778.524137486
19181463.735665828
8866178.900194006
4655242.08923612
2837884.780573167
1497612.3069711844
908246.9705133325
474724.67760383856
329732.4525488597
186655.0648959406
140323.59235595667
100089.42431095323
69506.1760471675
48460.62366424079
40249.18869196035
30983.667537757567
983471332.9205287
255899506.736584
136344925.256766
74038294.47451991
47728352.06622402
26916548.603694964
15370203.308238609
9148121.925099129
3689203.923803415
2134311.863707697
1113065.8253470638
561934.2821303862
301478.25742880354
178847.36870988845
115847.80907913322
78857.82313472962
51624.65580478576
39241.23984482025
31787.497738231697
27100.01005076941
939483228.4750915
338723027.4320919
166349717.78511593
100826732.61423887
62878240.71690155
39520168.12109165
26561495.993305203
14859861.398708401
7820742.366254346
4354572.343212642
1797042.9771998657
948303.5771245196
533878.0409892556
311106.4682964734
208472.89886276703
154245.23250591473
125837.25684530301
98604.9004658755
68463.76609071452
54782.404535577014
1152177976.8442361
346202119.6840151
136283640.87533656
76063458.35705839
46235876.64760234
25606311.66593306
14224924.657043478
7127114.939033961
3327382.092305243
2107111.8391273194
1202564.0824157153
770895.8526949463
543372.2639451206
353939.01139928703
232248.08363220238
150315.1203043203
101986.44349848336
75091.93765426519
60891.553370235815
45531.15281569157
952951610.5424801
213673637.58735648
84958877.34213875
49457838.23192256
27472181.527013026
14074689.046333093
7512792.410265639
3924767.9670022298
1715997.9357319914
838879.4226972996
567411.1921913787
321092.06674996164
210697.66069630877
140532.89477695286
108266.39973602394
92245.48144291254
80977.04557010387
59742.566562766995
42327.37812323412
33093.80870365513
964173856.9086218
297185110.02027017
135686867.63502687
79934938.14787704
45846849.167486146
25303845.819165852
16785129.81546279
9290868.319804294
4727273.013180341
3025039.0015419656
1482047.4097647166
878502.5923209696
446109.2361898301
229767.54101876396
129523.41434488376
87182.38679231112
72372.08340692671
56614.27535384036
43590.67204181249
32402.30707165972
921382835.043381
297975687.0103935
107639987.21080104
67168349.81191476
40044573.98717797
21842714.67275941
11449317.324671568
5320264.351419139
2529670.9478286537
1412412.392171488
807412.0606479925
571714.0499825317
309052.36386235885
219032.59563277086
140187.8627898953
97423.58675470279
75052.03299626619
54485.16431135575
45910.95408202697
32315.69802481867
941160036.4228063
326101686.25610095
125598431.30037957
63215530.95525531
37126432.95029054
20044457.64264397
9464185.119260667
6126117.86388046
2645578.76705137
1277174.5822750735
789644.0791797567
574808.574255869
320083.8297446171
220604.82963970542
174657.49959083664
117339.06187476989
81643.19146878933
61635.840580108925
44904.43705121025
39525.71611230024
865758592.3035043
289945921.49960226
138906914.5227866
88012910.89387389
55577228.997594185
34836159.73875945
20247728.24183516
10427142.372181093
6284988.2135638455
3445051.471201251
2097466.2976632104
1327579.7469881822
839570.9442043934
551606.509541197
392036.9990334916
271880.60213732295
181445.69282551447
133919.7394718113
91282.22926594246
68454.78663555162
1026809178.3841729
231223394.9011733
109171501.71584734
61268371.60862393
35687584.94766876
19356241.20534044
9611023.128632419
5763910.7880528355
3411331.831567842
1587427.811758267
885338.8028906819
522872.89829739684
301045.02056817943
193799.22746022977
148492.9553003538
113929.0473128817
71417.60055678929
60723.755415427
45774.3293106871
39034.035624272554
1025043629.7312163
374356980.0448013
189942361.6099874
112173244.17647861
61712116.83003438
38594471.969866306
21412277.20817577
10950198.82106089
6475497.594391323
3333603.9968394786
1555133.5260520845
788734.038945379
432880.6656005535
268216.38309530076
193656.04738302244
115984.79349982792
82751.01281971189
61303.14469234988
51107.860323080255
39030.57815415386
1032443442.8065268
276174408.1390065
115348145.96200168
64120437.96998735
36730194.189492494
23918301.749306645
11741862.746132443
6773305.906304762
3628311.6319970964
2124238.412480324
966633.5072601389
524111.2104347424
320876.5373494874
207258.3125027126
105207.36724761697
70961.63972055863
58391.677875179594
48346.288737411094
41251.23250681612
32565.99234615093
1118743302.324553
257920073.49855822
115679510.99272451
53650335.10111694
32017271.682109244
16996379.858109467
9936105.15060145
4965980.00023249
2438072.401258718
1466940.9241213542
775395.6078463307
482721.28117690317
314399.84639923327
149094.5038055202
123599.70872266727
77037.11829152366
63792.86122545305
49470.54763684135
41181.496351428315
33393.61223285886
1139242673.0126994
352183941.5433346
142093456.74991003
63190343.53490156
37082823.021157004
18859231.051125992
9525651.182234295
6062224.891191154
3622062.166559555
1905467.012997239
1234113.6630688359
716862.7085842488
492920.0919756293
299993.9287157904
196598.51705988485
147358.36914118132
95996.4618064623
70848.54814599662
48971.98502512447
36485.45041765084
907305573.9824748
251335299.96839753
117558413.6176948
65034552.0278243
35292393.10265827
22840213.971986283
12248885.800565371
7939355.03671303
3789002.563558594
2153797.3107341304
1217728.2501527255
688021.0056731465
455370.6054518002
278160.6326739248
172373.70479674955
97619.34517424497
71482.96570611822
62532.00013037417
44446.77074570526
38670.843637548336
1172725582.1611683
288632412.2442744
130034314.13957885
72145763.09914587
31163566.648936972
15232566.255919924
8811756.491444446
5914874.759172846
2739563.3523878255
1342258.9556949886
841168.1961310907
450921.8990803325
297154.5837885753
171238.99091609076
120836.54415175106
90402.48367470103
73979.98390560012
60886.48801107106
46983.21047651756
31243.936110191462
1100249980.451154
307870792.699604
148774440.26465863
92245355.95859806
63776924.7653602
40556150.691342235
20948819.916469626
12880124.911109563
7079107.573545139
3554404.904876521
1616562.8383102263
898488.5006786921
537531.9189256572
283724.3936724177
168455.84301103625
123017.24124145537
87966.28259457617
71363.26332239923
45688.371747242454
41254.703145543564
907419372.9379282
338507170.89125353
146901800.68454036
84590462.29885213
47410793.8359534
28263156.11486217
17169462.6238354
9445637.720405752
5373548.473161896
2555205.687213913
1328733.5050493188
696425.6587815732
410105.0315041308
212002.93425206834
138547.53427430196
97213.34203385458
81888.1888555631
65554.6186732094
52625.167557176566
43112.42174703568
1100979015.542541
335044580.80966824
145805472.91393018
63898353.05453889
29810349.978131227
16971046.3294421
9855406.52455464
5750421.465230994
2838652.217249735
1349253.1519538972
808253.372733253
513732.8835611385
299149.26910665596
187268.35009046804
128150.2587599978
82732.78701297715
52522.18884762511
43374.04398873427
35500.354434300716
31734.48645764667
869204840.2560269
248484456.5794805
138272000.42952207
72015853.43346158
39470096.96603217
23384446.821943633
11479888.79713244
6245368.37349466
3433938.8442503144
1709456.8830357294
966753.6850619672
630989.4830958927
302143.64104781795
214263.92537131574
139157.1121286907
95259.33186099891
75461.73296440866
58188.57947556978
46620.54510030098
40317.55577329448
1044497061.8086174
328576073.2978437
162283039.9722085
101208199.23557201
63110500.70539248
33878790.72671891
20845936.020475242
11772874.853770453
6377357.91933574
4050468.7953576106
2328785.0961847696
1234672.9665011384
795146.4628370436
519623.9860881463
329671.78516018915
206563.59525366573
117324.92959292738
83129.04316034853
70473.41980358724
53622.47682939893
988479431.6283449
258152139.97970992
134896676.18317458
83884078.6690697
54079638.8435035
31854751.69759495
14280669.207123332
7717327.350274122
3886750.3749659564
1614157.1926484264
1179272.597521716
621863.3229620733
428475.66624897294
245999.43512843567
170003.05036095207
107909.08023063384
79003.6942193219
49262.415968859044
43080.83280865955
33206.13279956091
868568273.9588073
272302949.68593603
142610559.4264526
76654992.580794
50274450.540780306
28230553.48215567
13386406.836350052
7217998.246916251
4498534.003075455
2735467.90184249
1550223.1966643198
880413.5244803607
539583.5406060297
311571.21429792955
179946.45253488637
153894.57855909452
114469.90134332565
98845.05008849187
69159.23807809067
56728.91514975397
847986656.0476513
340171881.56536317
137832023.6793756
81738077.02655834
44278616.56367591
24729603.915161986
14950142.011217669
8649088.949871017
5107816.919559007
3069969.342431378
1449306.4596231247
688651.9329886861
380683.03646815947
210359.19524737904
146147.52073708625
119511.89494767266
88102.98747160776
66531.17157757061
55839.154724634864
43585.16061450967
967819132.8294988
347964688.7304916
138652919.7163866
77856901.46626133
43511705.67438527
23290175.36521045
13118203.936569601
5556720.630182172
3650379.2758450094
2393139.460076918
1371951.697991733
898061.5034805139
583528.4278269473
418134.6420500121
296012.63048017665
185928.76016835737
122115.83927872221
93091.30924518137
74409.74096486301
65529.380473874015
978823479.1310073
298350487.9375615
133046856.43958537
67853333.8256312
39929440.48917354
18304454.611844685
9566384.043626195
4918588.5343681155
2621515.5293917907
1520362.5308416567
793073.2383194353
469874.4025994994
266447.1227123813
198508.61050369858
131540.2890836238
101104.98055566102
66909.63230212145
47408.52123671955
42597.42885499969
36193.75301818237
1068327522.3492173
316777398.0313103
117349339.59262979
67058447.769916154
45550272.5323197
28342584.851189233
13284982.24822896
7833501.111395786
3706969.685885011
1849483.3982597864
966885.3254633817
538430.5262239223
303366.0016506692
180289.13898465864
125224.59573576799
91545.53024315964
58013.35219278953
50249.324867088675
44217.37862160245
35826.59403646803
1093039592.702181
259880658.42302167
109514088.90969257
62516059.04074535
33391013.136226088
17817854.86618684
11127163.153181793
6869868.902949703
3433231.1578007773
1987072.176370124
1297028.0717497668
778918.3028919296
548253.4236770116
317846.25024539826
206832.27918406672
154302.9657874427
112845.55358941676
80388.01112003735
64433.432288865064
49300.62936435553
905659257.9956045
326370984.60649383
168080394.49005082
96110424.86074959
52839440.67703392
30506855.982301366
14125214.80235621
8165979.554358422
4882093.76308205
3009345.2197964764
1383235.2269199297
706776.8714379838
420670.9304339299
266610.2141611256
159740.20821788485
99771.83861617617
75462.19214492713
50244.604062106715
41041.21236885885
33353.451628761526
1047632500.7124183
292256245.9782183
102529681.60607123
62609312.05467075
33609409.29502746
19825084.865402192
11706478.720579945
6594925.056020457
4188479.8980314685
2681400.5446687005
1020805.4303721912
632853.6487450626
425497.346730912
261167.7603615903
169923.67244361943
107898.61386994549
85400.17762968696
66574.92074120733
57677.32762446829
49563.6845329011
1125706621.2461786
350956060.8799047
125152881.35402122
69682042.21985458
41376720.7915918
22014673.044160657
12257151.681618411
7542785.966867432
4678410.967084811
2325589.5020402684
1459491.4262618336
900493.7673129163
483252.1680494006
247314.6899460933
165190.48657566778
101650.31218232181
81406.0564908801
58517.3571602705
50655.3612497033
40974.94570107457
996277931.3652092
269740259.61183643
104109632.33348516
62375518.76470362
35898296.92427246
19081470.80489722
10541248.991381668
5359974.23653614
2714700.913124773
1454205.0564845158
718728.4166504601
410389.06655626633
276618.8996094876
210822.99666688475
125830.68464832306
75120.54712417323
63755.70339416305
51950.18994966101
43525.30326895432
32996.27467909426
905025080.9276488
270460718.83855593
104325875.3832115
58919094.16094074
31036270.64466934
14714212.553346956
7881705.210801852
4730970.798400049
2469119.6493992186
1485672.6635925877
766590.2943751415
493645.7976964543
357436.8308691528
238583.56917386776
161153.8399745927
119177.62945762872
72076.67007321015
54520.934390857365
45002.33002766258
37289.45150549734
1065908327.6078769
350974997.6223918
164831469.3054459
88356319.78980614
56979064.432057336
28727098.980156314
16075595.647655161
8987733.7508269
4634674.394808471
2307935.6037426875
1296611.564348203
711675.9904082037
415952.30518966774
261381.3701818912
152220.93340532843
99940.94197859154
62310.004338467275
53038.00516164255
42188.73804439727
35989.47198624901
1028971065.6497912
322668535.23747706
124640922.58246376
70971625.94830741
42337482.008752614
25163982.703013033
13003935.18586983
7009705.423113553
3743422.3258774923
1764089.2657692034
988174.785102934
603889.6375906367
388363.812311715
228579.21627402288
147170.12178432717
113789.80003712318
83267.90881666336
49451.66451337605
44376.56494283015
39133.233050129806
935820093.8089525
278195038.17381924
132038333.08874184
68486559.50629538
38450964.78078386
24119213.545214344
11841789.830996327
6747054.427689969
3698759.08473068
1587046.4514113886
1017705.8049846356
567065.671312834
271796.25050121
141117.65388781505
100721.04091088711
85746.16598886004
62609.893640858325
44492.65693609113
34368.8493755523
27218.645995387396
900342134.8610837
219360038.9480312
102801091.98717123
53331296.933147505
26677290.00571794
14990665.759688668
6771384.034501968
3502962.1267587626
2013028.770881894
1422324.03749623
647060.4857952768
379281.7998164887
247697.2436071969
167159.34791113154
116992.5226773399
94859.49861865453
69070.78301567478
55559.28990126658
45213.521899873806
36673.1278719385
980553110.2780051
223153855.77906954
104067197.6415861
60536806.64512629
31561245.763009474
16154473.590827292
9455724.090433145
5928457.778306297
3328434.4397167126
1711396.2664016068
970776.8220493217
598480.6870559151
379024.10838137864
228876.79052775257
162182.5729795007
126218.60425297945
93724.99705890185
67487.07428275792
51373.53920597281
37856.845151019785
1106045124.3853025
349644956.5040758
144521345.4132048
84145893.81088698
38238574.27377113
17923452.513749376
10586616.214637317
5108746.091221735
2919748.537023567
1375132.2786160717
753186.0977463013
468464.36928025447
270230.9785843567
168796.55042173492
111522.36689108488
73970.92168326689
55870.03598613435
40948.21383154526
36790.13620970053
30798.90635306384
912740423.6370075
192943806.94116688
101121462.27466255
61169863.623955645
28688727.707712077
15921294.540304186
9168788.167652285
5004768.6306836195
2330494.9741701903
1028857.296341812
581292.3823700948
285447.06973766617
178772.1365179058
139933.27668473666
98857.85222039114
70576.48713328566
53880.25382093114
42033.19597041389
32726.159194482694
28642.31924582972
1108023470.6459434
307300480.6794133
114113712.4620317
67029888.71918745
36138493.39913523
19230077.652085505
9645615.3089602
5471790.820895794
2322027.862727587
1293734.2470690203
800827.6833124612
515402.78577801434
335489.93280454393
225237.77819038744
119816.91000791
83182.81645391534
63592.70607616111
50661.52633727538
32174.393449039115
25767.291336084618
983844378.3005435
328351739.07882315
157924987.63730147
103572345.28531106
49048438.65872833
26472425.473687924
13958370.705324598
8408653.32413258
4124528.986356238
2468323.3215538394
1105761.6858737946
645449.3335945227
369048.7115418332
221060.97072226673
151915.75873840376
115240.58003402715
93034.79228146348
60568.119072897505
54313.451279015964
41593.149916486946
1059698529.828929
251535032.75078124
110708363.04977702
65249304.323125
38118660.37724955
21903040.9606884
11449210.758051528
7260724.034201613
3353856.476554028
1532202.4847538124
935222.3654349181
510615.7900323862
312779.54644167295
197352.93865956296
128802.07978554629
93479.78560216834
65922.5768808556
51791.306627611775
39264.6348510121
28549.801283190794
964083535.9897978
315294509.6308798
165770177.16596386
97411408.13410921
57947415.27000172
32045716.28302631
21020787.33313152
11468356.35833432
5568407.981287893
3265587.848225594
1836257.8152640066
911683.394784736
471205.9739321057
237032.50504850806
179943.87761741623
128601.16286052695
94453.55374660695
74347.16472122178
60172.8510556189
45141.94934650413
892079882.3507104
337950482.1898053
145710293.1082286
83976658.51090515
43336088.08544221
24558789.188730523
14337960.10203041
8041718.251266362
4530653.403274514
2280918.1693556355
1247739.1922973697
835359.3003127333
543564.410183922
346494.1052802694
245346.51619863426
134017.2759099757
90383.99286961123
75873.1178981057
63236.95643931362
55221.70403788943
876664129.4708282
264139853.21047905
114057037.82533054
66123773.35742812
41078092.29723927
20106475.487121824
11351028.046064697
6681788.388775063
3544072.7304654494
1517571.2821389032
924505.202687472
437314.93948024383
276929.97344937094
168354.9412718705
103825.87002500353
72866.09585555884
66995.17078696685
55268.59222826334
43573.06467985007
34490.25538776474
1111982996.8026264
317632491.25027025
123790639.53198838
67807636.88188662
40792643.72549647
21725309.175190177
12066948.48919428
4631166.107236618
2709751.90820572
1316495.6818348619
795748.5667548919
339969.25347312907
229260.5725629889
147225.65673955498
88905.17097900856
59840.06981096759
48007.18648212686
34311.600095519476
29362.754446641942
24951.719494427263
1018871659.9854264
353073642.77948165
171448778.7524273
103643367.15871353
69393820.12510689
35805813.2513248
20475795.31779028
12905496.459747348
7466551.389082831
3921628.2548697717
2129582.4134076787
1388203.3828504968
1002859.6575401847
555750.1546302666
292054.73071181844
160988.2722934729
106682.38003729103
76157.521441578
56024.707577679656
49771.156544913654
1058866385.4137461
314757692.1899443
167100292.8304434
102720926.68581928
49158902.25302449
27707499.487417474
16132897.217277005
9653320.658479722
5167802.865732366
2581305.056045854
1301639.1653126183
773183.1366222176
466742.5524711774
341283.549988935
226002.42985953554
139899.84755867673
93087.59157973214
68633.67948809687
58521.49626017116
44958.145289104825
1100331844.487472
272961182.3801557
144506033.84063435
82868105.5203002
47939607.19353192
24014475.864053816
12499517.75245237
5600765.114853034
3201041.1568149556
1853488.1780128754
1094617.3832486887
686310.6349683015
462170.65932253585
316702.87649824395
191469.27285093185
123470.93727508403
81892.53676692756
65880.58577215903
53615.621192903796
35235.2822196801
1028419842.2413867
293590582.27808684
163161533.51723695
81047461.30251369
43242260.93633971
27476785.92645048
11933336.461937867
6958446.966135052
3516572.5226270715
2007670.7696833694
1103394.634916449
689965.2192112752
444200.5402975577
317608.39057685144
193522.04952818828
119297.93053510848
92445.62294129861
76362.81279856378
57461.220714892486
43342.92856780065
1037924741.4068036
277645225.95774263
109006431.14446746
71802176.83970033
38943114.956027634
18253776.51064246
9874036.084230727
5432755.912228748
3315911.0943130655
1707000.3229189136
920177.1861250004
539013.162768143
358454.4096204936
227037.00642262815
152882.25837189
96966.49170033475
72599.86202232736
56089.54523913104
43430.49532348854
37033.51373221247
1110026217.7290068
404637676.3554826
183258532.43690795
115042749.45024116
72915263.07736434
46106368.01257036
27050427.996152993
13005475.710723352
7444355.799804535
4250306.886374836
2201099.566552364
1162326.9946360528
697456.4530537855
426728.51066456846
244956.04902171675
183674.24134365673
134519.16287595418
84886.56218005436
61219.441906649496
47570.57197339557
1055453534.7216948
274415792.5181989
121627085.39077285
68183599.27321115
38122258.44936108
22930879.376000434
15812670.92796945
7138378.669173753
3931277.919939501
2288052.291171557
1162195704.1128986
286469835.49914277
105368096.24524328
46624967.76999442
21853791.00000806
12064510.23566583
5750115.593347231
3209716.594409528
1633717.5723732912
860841.1221583176
960246387.5853763
329019307.1396649
98137772.74060862
53283684.928484194
30244840.110475004
16002828.150821216
9223823.67770492
5092132.46698527
3453868.075448235
1869437.900304266
1139288081.6036966
297192717.14851224
123151741.69766143
71316458.55594829
32784940.068784095
18393294.100685727
12459040.167047868
7947455.309259166
4286788.776341132
2407933.5325775216
1113862574.54364
261100360.26218963
99508977.70073019
58157060.9565232
37168168.40348171
24502496.731952157
11573099.285484497
5134957.246687201
2994016.432953013
1574816.0791833508
833674906.9916439
250637902.85913414
79138253.53774944
46335475.14976136
27495351.746422146
15848182.788759764
9113652.663146684
4892357.009566837
2768392.922679761
1786562.4756993644
1051076421.5689284
241152460.83926538
85787810.90349264
47952558.32932752
26843186.389089145
14838652.26527279
8868236.78780502
4443649.964319574
2522337.0332579473
1753055.4545753053
1046995883.2769911
301577639.91684264
133804124.69239137
70190909.64085205
40887659.69182803
22068330.314693723
10261647.725783844
4849185.719283745
2234951.832672243
1298844.2895455859
1000742287.9209547
315264682.46416247
97325066.76315016
37609973.34400892
21250826.59040324
11300456.528358748
6358029.419718752
3178661.7933469005
1968277.4837654845
1037519.4100633608
999398461.4452846
274780474.1598103
103613648.1398249
52543632.84907557
27749762.880459283
15153949.590596473
7622026.446286676
4499571.939593943
2655968.387258242
1455452.5349492985
915394395.3349179
245707905.12501356
102326623.20399374
57282752.957168564
31358989.759295966
16380006.210394349
9312789.014236882
5559699.284945809
2991825.0993704465
1714456.9539060502
1111932203.499441
209362318.9219855
100204306.85625103
53782217.53097861
24211494.17319978
14284421.234687876
7783633.617118463
4776424.357087186
2900325.451867891
1519028.3079257975
1031309993.459436
264828528.8609815
99542582.78956495
57867763.84364475
37543048.02559963
20982189.056920256
10592804.12877475
5570687.78768969
3282257.890567416
1787102.6701599397
987576506.0102717
273479237.45318985
89746737.67204772
51062622.82009153
29773380.301476374
16726515.11914725
8089381.163364137
4351562.960732023
2389660.89483817
1527101.3508435206
1070037032.6295574
268408388.09598807
96007623.52918369
40394696.1212173
17463295.459070582
8992362.53963583
4618276.407462382
2381974.691082186
1390943.612120481
781420.3315724065
985687941.2660519
276452461.882554
138188596.19809723
55999273.66862318
31080332.233175498
14496230.679959457
9551663.53500101
5451042.094902735
3115486.8708899315
1695278.7212076175
939103588.3557175
255315505.89654708
110380484.21621105
57035898.28275768
28859606.630232032
14060172.165329974
8064986.855932444
4749754.7597513795
2675417.311224731
1247740.1486941979
1042613768.9276986
254310500.02813894
113311675.7356458
55013174.77399287
24173765.364025272
13312772.436412506
7224403.590030661
3993155.54881952
2270553.5304533206
1457014.3651676583
1037778701.6072484
243261568.30102712
96042174.68204343
48487049.20457298
24555763.591180302
12963060.44975836
7208783.245544609
3990045.6144481776
2281513.8126775427
1244321.5550724715
1036399075.6526656
297721980.2472813
105220493.70033993
59322498.566618405
36976102.75903187
21781629.33737768
11929190.034389008
7448281.442128505
3746358.888227288
2948228.1428081617
1073416717.3931068
274118607.2745162
110922245.82138489
54156161.194225386
32507192.82908404
15258103.24652039
8678108.663466174
5527471.608639566
2491504.9959122236
1454368.7948076895
870848813.0398068
212403443.4640818
78312855.53502958
37785864.61150052
19737028.58838673
9232829.594338931
5666335.824503747
2485970.1094487347
1156778.2400050927
764136.2406170409
983446907.2385533
253622843.59972617
98928680.97681959
40411155.98603147
18935453.630912986
10930926.730432194
6094337.2100887755
2905625.6569140186
1483441.1885621322
960933.7178075396
1115863292.5608492
284238622.06653893
97031840.77512722
49135495.80529775
26368999.838682536
15190331.927532364
9311026.670092713
5126739.741231254
3268533.6186496867
2229128.2329032836
1111346722.808095
371366240.76896495
149870154.40362838
82040384.81199135
46590224.51703844
24504481.08130309
12611527.484241826
7233661.259588279
4977378.73072028
2841343.343951929
992620789.802186
380041817.01404583
172225133.77244723
77129444.7410303
51785298.25930695
29554313.466346372
16995918.691470042
9661688.393080201
5337508.006243622
2845752.304502072
832894182.045902
320329076.796117
117533299.09703428
76931760.25634634
36086634.70155172
20631863.25597356
10429682.61794772
6014846.553619926
3099968.7043069624
1918146.767450505
976389679.2348913
258553624.54913506
136855103.15282324
80461612.44360061
46140489.09475806
28910755.30583983
16167512.787745168
10965969.303405225
5190178.657162605
2862426.027596741
1054148929.2802402
256835279.42344198
94483184.6717622
48125588.76711994
28543516.793675568
15564259.230294712
8659808.224036356
5303101.443622312
2864511.975472025
1324345.0537801534
963581413.8146513
264469958.52635834
82177449.95965667
43576659.79470809
21537695.061008547
11003280.014599133
5765854.144323207
3058171.3220299752
1491054.8020888777
756023.7697648515
958667343.9706239
362234456.1352687
141829663.4344013
85571774.9404214
47894329.96992473
23890690.585594002
12675725.227506064
5751465.960455797
3291509.0451276987
2096031.6008271677
1016003028.2971864
303263805.1573999
113365722.73159021
59228943.08083986
31939685.829734255
18003349.600116223
9781705.357088692
4617133.234963065
2533210.6922210576
1264628.418473431
1118363297.3663816
271595902.75942874
108403484.34338203
41576331.10513232
22818204.51686548
12657079.49697363
6808843.561311404
4125312.6221984173
1905775.264196572
1034128.0180779172
966204865.6554621
248187352.50286588
106975795.73446961
43837147.63306532
20593113.253416367
9477239.65703126
5034175.557795382
2446242.22295932
1292383.246996803
698390.8345368232
1053596445.3779117
293270621.9889696
89726518.14904356
36453238.65271372
17654818.745695945
9859824.499268098
5248106.511961361
2662958.362888004
1767029.3715953906
921409.3855947509
965409497.5198305
279763475.3600747
121282852.92714436
70151295.8079428
41611597.536893554
21065618.620021645
11124147.801461125
6701802.82939728
3466580.0347384308
1956543.614023854
1065400968.848527
257732090.28703493
75980668.64613633
34557263.271671735
17840127.81587876
10929568.496868834
5788279.673684812
3307146.957041847
1791328.601129844
1176981.859681497
1042346255.7902801
207998668.86917204
86421337.49977699
40639125.23869605
22440517.05530293
14410369.07912012
7925703.694570788
4473515.2346385475
2748429.0349393557
1757806.9702787513
869456274.4214412
239234981.66403005
95690992.44270478
53537700.023717284
33533194.68478599
21982582.74514754
13300596.317569897
5818448.858940527
2985067.6407335075
1577057.862188373
836330271.8198177
204773231.1582489
109676359.76664406
48973998.73743385
20394188.563278906
10260908.24531156
4673591.372154574
2566169.717728727
1451216.5708216287
965553.5495174711
1023944838.930224
355347930.9676489
152627363.05807492
67632717.56804235
31072720.49298348
14342720.295397433
7682718.888667917
3824502.9778539184
1728385.0572002556
864253.8559395974
1039576162.0692184
227709034.2083728
81220579.79934052
34923402.8608717
20915364.969011955
9966720.723599391
5304801.368408284
3074055.835956643
1688103.9158256568
916429.1678062027
896072866.3096067
284139311.1903211
80049857.2552099
34812959.06518423
14135081.1911254
6596764.350225999
3412910.7757818177
1800710.863695129
954444.8565077966
619960.3331791135
1055905115.4919901
263412507.8029589
96644207.3827225
50677807.44738864
29333553.557626255
18037702.390440915
10298668.238604581
6940423.738875325
3540239.5999240605
1730934.5102228073
1049554685.0465552
219620859.34729218
79922505.22348003
37150881.79544099
17401468.87800507
10161110.00786249
4984982.895273284
2175291.178814025
1237041.6525779886
823216.3444342684
1075339480.2224193
258145046.99533135
82721860.2784599
34911318.112299025
23505722.937097624
10927264.499259537
6079377.880114164
3515119.758507
1877854.004582234
1290716.6808607061
1010755212.4921463
322391614.5386621
98025488.69917044
51703628.1213236
23608838.649138834
13216040.31026103
6385194.824221794
4349050.308708041
2188722.9469016693
1185893.7380316758
962156386.2944942
260164812.02538365
101452777.90617089
48045813.57800717
24985675.010627683
13879844.089924397
8172227.993132543
4571864.7770276
2446696.8150282633
1424479.6463013755
1101906333.629855
266050942.8451452
90314554.46338095
45927163.85846404
28305584.524340097
17909608.12534413
8105579.154868811
3822659.338635787
1986156.7650028504
980033.4482945132
1110838605.7461922
336968041.6654009
127469696.27440952
51074393.92158696
32287817.188442208
15924275.807154309
9980966.372361507
5632938.375268361
3217376.822023617
1659056.294516072
1012389537.8001858
274306940.9186442
99560922.85906382
33212708.08954248
12109481.951392177
6077690.9706862625
2863857.7123702103
1693439.5065208839
1050544.6130837933
603202.5770668682
1059874271.0503236
289178561.6434725
109827363.88310298
39208389.045156024
19432764.343271386
11672854.342105942
6236907.410512441
3702802.1914621526
2008673.7007639257
1272050.8112360628
943412796.4986057
302449028.79595995
116125956.48606804
52712149.98792806
26438774.604726706
14411914.343765609
7609102.500821571
4605994.484672468
2523906.244894922
1422198.3272318903
906695309.875542
255383303.59309304
93277668.94770658
43149584.71201458
23625741.068055924
12826299.61717433
7027846.963401162
4201012.244595883
2539960.089875406
1180092.302829097
1094021814.2569091
323533142.09744817
141041499.62709343
63621029.640159346
31943018.585020192
15489981.692234945
8039676.49430013
3844646.610733275
2027673.588416483
1149988.941991859
964473781.0030661
303613499.4680342
115998183.72837767
65243398.132122375
32245589.1047491
16070401.205091827
7434696.94810471
4603787.124876255
2563546.9690172314
1422905.0331012968
1072260514.9049746
264118148.65407076
102560739.9740264
55852334.922301024
29185925.682323713
16462672.683363287
8980760.763897073
4728067.082571622
2640014.582205063
1316355.7427817336
985939799.2004011
206789819.20550486
76061255.93854591
41177926.55890934
19486745.88193183
11929072.63514869
6061790.146991426
3343976.7271739687
1802444.3627487181
1229683.375610649
978676566.5855649
233650726.55249873
96107064.3021167
49880868.54939177
23553602.835175276
12801423.348263275
6383210.922094756
3695742.8389862557
2151952.349467121
1246994.3365437323
1140802042.5845528
298248580.37194014
152887202.5347647
80229548.19082695
48354808.5556389
30222304.31600705
17063619.7320303
10691989.992679035
6793113.489937992
3750429.7754806704
951341866.4652786
271904454.29649013
94699576.45838904
51905611.28576273
26862420.323444054
15193056.727296099
9205800.018732257
5623202.046722537
2895823.605809728
1694860.0164146365
979085344.258524
280462692.1481722
136484077.2615615
62987350.46017701
33132479.55181142
20100975.536300376
11752845.863645904
6627889.181215258
3646139.0545152384
2226821.9609694853
1028671979.6495284
329529680.68418884
135245489.45686537
62000535.326084666
33838969.07579048
16333103.640949823
9186385.189512927
4689021.058077242
2462688.542765617
1438691.16770139
907789365.4409231
165861940.79854903
69790125.48928386
29178579.06132326
17475022.12659097
9521238.580555664
4344642.382022575
2098598.131629942
1244030.1093444566
750808.8768446331
990191635.3203481
290623518.13688505
110525101.53358757
45444777.22262505
26592505.4432877
14417813.695720892
7455599.37206821
4505361.451511013
2771000.2945489404
1304592.577930447
1049563487.7012584
329558608.14218336
113728441.57333867
56271453.40420053
33127743.538983706
18740733.600536514
8662844.130389912
5154684.197268372
3053716.602947347
1720205.2728539584
1013533215.2518469
352584527.77427673
111616944.68594642
58243184.95463073
32345948.613732427
16620581.937054047
10555597.500644024
5731746.920785576
2898886.228191882
1516320.6650409992
957894771.6677471
264354230.67293268
118528535.16378993
54573214.81658808
28795651.85466727
16281227.32364076
9153514.309331939
5528546.396623613
3303295.839546437
1877463.2765534304
1046090100.0902275
208154036.85298136
87709612.91657467
35935270.54295458
20427226.10004087
9006724.398621539
4601019.358288524
1934082.8771410657
1161288.4072242903
523295.38697338215
1051598752.691962
322685199.484688
100345502.87554057
56069671.97476371
32015066.410459254
22088660.446725078
9732446.40233822
5206314.507979305
2719201.588175036
1637982.5954381982
1052119133.7663379
235185616.7252249
70259446.77503689
44475864.14106392
23424529.16236387
11553138.513104133
6407745.946649156
3597321.1380655924
1665701.8906913176
795690.8090237365
1012341676.845604
276834875.6748372
100730881.57936461
35960403.43066742
19546076.651791703
10077266.262010658
4992995.11725379
2751535.777551792
1406980.338450436
692284.0003396206
1081039027.992047
246801088.55151924
90820186.98167765
41250015.005923696
26422375.165629014
12979982.492587857
8117060.091037306
4240594.411015332
2226190.741629593
1051220.6891430826
1017226602.7892045
193494543.77575073
69429934.90571743
30149569.77567072
17273105.511174634
8281890.236855586
4434426.995180833
2284633.074541086
1104661.9532687534
719922.9402498406
958593670.9331656
223271225.24808255
88851523.70800667
45695474.58843619
21517998.9003409
11774429.096525388
5780631.716826324
3312780.7261900604
2102708.6119096996
1210035.4776119874
1031059256.9573013
320167969.7444715
118190207.09296948
58097735.278295845
34603259.16653872
20172385.79628044
13023060.417391058
7870853.195600788
3781636.405402062
2119294.002283224
1001206472.1399479
250442416.26990137
96817356.57946913
47756656.60673085
21780691.425063074
10406932.824750898
5244679.541962122
2951403.7776946444
1627619.5187365478
916597.5041563634
1085370840.6560996
277472808.9092825
100362875.31142126
40900029.38767872
20061718.39030571
12603251.617076451
7199910.407259841
4371802.237117071
2431362.5051801475
1355288.6039161538
1058842481.0620633
264097854.62335
111266761.67283724
48838064.191151254
29640698.936233945
14776266.412644023
8384712.7982949745
4496598.526582006
2210451.7767400527
1323472.8978633678
1004826653.6663933
288653339.9014237
120622351.71967104
73559052.29114653
44179394.85663745
27211489.79125116
14113988.392352136
7873715.33666962
4852644.533485748
3117997.28638391
921412437.431667
226825625.3268674
111955600.4608438
60971383.33482414
30571292.611525763
14787655.188113596
8908139.839757593
4605322.7974113785
2602593.193535449
1419376.1211302148
1124032196.3897617
263417376.91439608
132446902.75725186
67758304.37129577
38245184.22251686
19073378.807801962
12170037.582380971
6295320.9785097325
3917300.4792159484
1950343.1446243692
1086633714.6276267
331074483.9005004
92784746.5534317
49590190.24763149
33110600.20544252
18201163.280344512
8990500.469385438
4605399.230049582
2380059.4089965494
1162513.2306758305
1065587267.3730328
274457217.29694104
101614059.72385801
40466716.57068051
17931873.312013708
9510891.979961216
5655988.770500239
3439852.80440678
1782181.5770344904
1057386.7604884407
1074015691.2526293
270737858.3850944
96368579.86881703
42126031.54157743
22747067.952107623
10218227.871135645
5879184.953607903
3225103.5704810545
1434178.9100588216
622973.8838748814
1065915638.1983601
243973924.23231038
84795806.16563459
50243435.03063605
21974974.37054047
11134842.567249263
6449525.502433774
3062458.7369326027
1522286.1439354667
920822.9169472969
947342537.7621415
245166860.53725418
105479574.51362012
47462682.7186349
24846222.5976144
13829031.130535778
6754150.406752462
3328222.309512975
1897731.3089526205
1074180.2528701609
1020142884.3732665
225289678.63360274
69625815.39674488
28412898.887947656
14743742.331482904
7560060.273997525
4088255.681573457
2208681.0897008847
1516372.3516242213
774266.6448625537
923964082.6779329
306914883.56106335
91825808.76269826
49280887.963898234
29048271.4521764
15819543.689397253
8207308.017989225
4506386.857899643
2587927.2671118896
1828680.552983869
957134159.228845
278010698.90021044
93471337.3059069
52270727.18178363
22200807.392942492
11675611.739521628
5715973.185508326
2823877.4845160297
1757203.0107307427
962571.9111525039
889756649.271994
331057809.90025467
125025349.63135281
66448913.68933894
31282633.84503298
16065885.999346899
9665599.11529945
5201703.7470193915
3221644.433319429
1734243.9647786666
1066079413.9296004
229357148.2155841
103465599.5010603
41771228.74490534
26598104.541966047
14121062.660975035
8080154.821350161
4543902.829119168
2279716.1205822555
1225957.5605410843
1006206383.3536797
258198390.5551344
85463336.89725517
49077967.639041826
27780888.949549098
17409891.988314632
10627154.599939164
4989870.50185818
2553173.0690888017
1415422.863882216
983561179.9484826
256056555.4839058
84016802.65864538
47172228.43624752
24911537.959797878
11761512.493588658
5182892.864899455
2815334.885193011
1403431.7311691153
895616.1488519863
1152214083.8319435
295925322.79753894
113397260.65445305
51880471.06916888
26831772.352898642
15875761.030559048
9851115.934223585
5162214.646154922
3320261.087360846
1956681.5362357148
923393838.6610614
326382059.45490193
111541288.71089536
58487610.96769813
27868937.88719957
16267219.734850379
9050517.67680465
5430123.564223424
2606405.104700073
1373280.2068140788
1082980391.78327
351227111.43248385
142450429.2112612
60140520.803398825
32381691.776915167
18237522.915280767
9791422.988596974
4953550.200104249
2726061.4721828634
1613583.0593835744
1107703028.9937508
222953509.44779587
104795962.57887927
54857816.792746425
27066083.614958633
16588198.245455932
9053162.669464106
4446701.9399597375
2805737.973335018
1287249.4147969577
1009058126.9420978
227967880.08680502
81914664.56653096
32364258.473985072
16254814.617264379
6611090.247743934
4168962.5441842536
1745797.9218204669
839768.4193417198
502842.8480901056
997569847.8108339
332076389.53347725
93184095.49350984
60209554.35455889
35759471.59347765
21096767.507124335
12386406.75193567
6796249.791035834
3878239.9333776557
2125373.7612382937
945798343.2596341
302877450.6277556
132364191.71282503
79659151.30612516
40429183.427479304
23365470.50684403
12499923.041367903
7416692.294654995
3776323.1433001813
1990813.012524922
867572911.5831317
324108166.3044935
168380558.74923933
97796320.60425706
51532923.9420765
31241616.30610145
16608363.24271257
8653894.109501678
4924959.6828211695
2557678.8620359604
999241802.6783984
250811663.00483254
116600929.27889803
61296849.971449114
37705466.51042779
20611224.528133806
10421456.320326485
6126413.629854713
3298100.5947635733
2190714.3457618016
1023070164.6853064
293054415.62884045
120472945.21446688
73278776.6923658
41948229.550810106
25532660.224105585
13516857.831065651
6929773.469606456
3814629.71252644
2142226.9875959605
1029984782.8436224
321877977.7683717
123019578.18633498
68487728.67982227
38557843.44492151
22140465.51794857
11644821.637949029
5625293.8390075555
2958117.2905504033
1675604.4978311907
977774478.5418066
333765491.5673884
166000497.40245456
91894114.54421529
54671188.05808244
22844796.378377978
14538937.475771423
9047776.978767011
5576039.390607973
2999849.849293733
905398982.8122437
330494695.8735286
166507453.57982624
97345009.6299025
54776644.18093064
30391137.228898875
16879270.163769215
10279961.36230901
5345819.248689306
2721525.50235153
988997920.3282304
273722685.8352421
125762318.56183416
64250658.63294433
36012780.23265267
23008773.911209807
14924122.88351505
8162687.595390741
4059192.423848962
2134857.062017788
1018789089.8506364
247097417.25832674
101475574.55407692
54949230.73091254
30555850.005569536
17430109.998458453
10060427.686050296
6028477.957306733
3292891.85025027
2008060.2271156667
965818949.4320713
327527531.2741474
174654237.188697
87748314.267517
52944323.44685443
26457048.607492305
14180748.614005284
8085819.322810042
4840789.835036994
3248963.7046806775
1059637113.2793778
250060566.72565657
124688076.6149845
78991441.37116447
53034334.864991665
22781712.260506857
13479517.836646179
7142659.723271706
3501096.872677722
2275182.6551331975
1062588669.0614445
261051725.43899158
136380468.23032844
77204487.31908979
44344640.82763905
28527663.506632086
16123599.264201023
8310462.22134747
4353918.19305088
2093962.297100701
1036861082.4246695
303786646.3483549
121391596.55127786
74884918.61285426
43905545.38138892
25702486.8325738
15098986.596305676
9764953.550257646
5844563.298324708
3330239.6728463243
995438840.3466811
242986481.3685309
93826974.03149624
56482876.09114793
31982635.713025533
17230599.92849708
9716515.141396068
6035611.662331609
2691875.617979415
1442475.8467618136
1039491894.3079621
310613369.1822319
106153916.40384583
64408268.97360817
30124279.81049609
15697906.807612583
7773885.225686318
4642021.8462671535
2545643.4837804586
1555517.0118490707
855774741.2473689
421344653.97221094
231019595.10307184
141974971.51330754
61298859.59850633
33939108.56533066
16762440.453505864
10465328.15261978
5373623.707461909
3427258.7958105695
1040527711.7921786
269989186.0604869
99468170.46704046
52712297.91490243
24535241.500920795
12789896.848912278
6020588.15264414
2820318.061453872
1740287.7082298908
1104623.7561756524
1094040068.5784411
335994396.88437116
113483682.3823696
61723627.188326046
36300827.82448414
22122861.11214552
11118839.12367817
7412687.121420729
3500291.9195176805
1901798.522613544
905312095.0558243
355220239.3681554
126783058.58027534
80840056.12074713
45102496.30657506
29663900.45393388
16358653.422108198
9466927.828103531
6198014.348872729
3627949.0877410676
1009904916.4158394
307754162.6977028
139631685.43429992
77560191.5802796
34265714.79089649
20295773.095589794
10192751.799755175
5278106.332262464
2929082.1987993834
1639311.653818464
1052629403.6711506
299455072.76814514
117815863.17606485
55629469.37941366
31647660.47318581
19685834.85819826
9381545.60646411
5337711.257592957
2286706.678575638
1323295.5179559602
1052926655.2422744
290433480.9966281
119771187.25177832
68976156.08307262
46416027.89216994
20999847.53926978
11387086.253972827
5282636.272463581
3364280.381591191
1734348.2085596423
814641873.5602694
252590618.5059938
100314864.8575066
57348690.61713184
32728777.494279657
20360782.475451306
10074638.650253188
5534429.247383203
3277053.4180836016
1593862.3542224334
947329134.0867736
297713824.4584733
164686236.51414883
97186775.73190723
55665487.484484755
32761456.38832987
21312255.17119433
12869973.897910058
7865626.36787136
3656176.7631698838
1024535267.2575282
294341329.3184305
135187584.30122
65333081.97613105
37040021.37246695
21565418.02177381
10172658.61489434
5718014.742614037
2660778.414513329
1579985.352884723
951840866.7898425
318369397.73187387
181372949.9753584
101865031.16712542
63549348.66334925
41715028.931497134
29070606.57939509
17273580.480572775
9401972.739645783
4223489.9343286725
1116350675.9977832
310775144.46777445
125957698.41807948
67074705.67057012
42067707.11097262
23461087.729471844
15845238.121093532
7541060.825335482
3367922.9624465182
1910466.345048042
1115593431.97261
285853225.16091436
162940570.7378194
93038325.1890789
58293283.53088583
36720562.06883863
21335804.055227313
11244836.70623574
5671465.382257289
2832801.4605615707
1010186019.3046926
352664450.69738144
152481913.1683332
105491427.89606589
68915949.83790766
38423207.933327295
22451642.576810338
13828520.191399455
7942241.390973416
3836999.192406022
904968181.7058648
283930985.7361381
134939222.7938663
81747450.08111376
46381776.4362266
26878449.681545302
11813328.713620689
5728903.901539066
3548546.740094495
1659245.7887360386
956897282.3358966
291792741.07386065
151341002.04082078
79481387.3049686
50061018.4327603
30865585.101797957
18286544.732416898
10216597.65590091
6264763.488347923
3567620.8430890976
906427139.0975614
279888031.56355256
150147212.29039228
78127471.72772416
39411856.43182227
19852530.053415842
12022299.783078307
6932411.599991709
3359750.992080269
2184195.3074344657
1056934806.476851
360789063.13054764
180037823.28844467
100437352.3533339
52810984.52437439
33766966.73200788
15237551.89374669
8596311.361956237
3823545.3376472862
2081071.3115770803
944349967.9006128
253818503.17665082
124679859.7455145
70085125.23151551
43117503.89636517
23307097.516326725
15799603.518096779
8959250.785113035
5120959.148029807
3041636.7576291286
928744327.3009552
285095379.08329713
145445335.46701565
96181251.02645005
50756990.22513776
30825965.696628563
17621752.351553265
9290577.206592953
5050253.4046401195
2650370.575551504
1053498076.5717198
416000233.13759965
164464135.5268176
101020358.40728833
62181933.56805088
35865894.86306413
21877945.81736846
12950982.254085494
6519792.094855031
3653672.2963707712
1057999715.3953892
317107120.175849
166869713.6818165
93967712.3031518
47547230.732168935
30747696.005824454
15509736.344002683
8707825.909910921
5214073.072967601
2686391.00477427
873269399.0016162
290332169.12723935
131771790.04510023
85805415.77029361
50810864.549431145
29140572.2187167
16491764.700236725
7510837.9668931775
4686290.662205371
2688251.8386221584
919972638.4192173
412096772.8480659
181217804.78926146
108036964.62502508
67074427.14122082
42002006.54362451
19297361.265804794
11643262.840579132
7830563.571703842
4189738.814087024
932446300.501299
301688472.2064734
145489083.34130394
80086641.88825989
51873387.319775276
33410648.657212596
22180580.136101816
12296086.351785678
5891341.76429577
3968576.0824742275
952169795.3768802
273326059.96601945
136746194.38436514
67711968.51807657
33539163.01662688
19142619.867178295
13211602.376508992
7819677.035116061
4142629.7693642094
2362325.0411388236
1063040861.8916594
274434225.4170452
119058492.00090876
66954850.1085922
39510364.0025419
23735924.398406867
13427604.60010776
8790970.569711901
4469678.180351968
2334844.4420695845
1174585518.8529785
380787229.21172357
159723716.91342202
85630597.48251346
52515699.23613469
29257946.22844549
15319733.883435044
7905583.862588626
4679603.305861355
2676879.8191583767
1058326494.2005496
290218408.6266352
106459601.15804172
51536557.88922129
28022672.00838211
15069364.577295996
9516198.87451997
5621224.0360072935
3313432.1619785745
1655889.173041641
1099434352.5897777
292525985.1349716
145219549.47127995
95551719.4772864
57119423.8624571
26854703.25998737
16607911.951981448
9600830.057708235
5702612.3358391635
2588207.3219559975
1025558404.9944103
343679990.67995024
118877479.80702329
59911358.15714894
36013361.571049124
19966628.126770575
10993883.09202238
5485984.747572127
2783477.2555836425
1559052.9536322765
800622100.2245933
247839869.03449926
108284815.45462368
66788813.23727883
34556092.00754229
20348028.79238394
10594167.294849314
5839995.710438293
3335278.558895429
1764537.0223239483
944319476.4567331
325790839.50696045
165248526.4795216
96580627.78123133
55504961.600922994
33795231.34531092
22108162.26042628
14087969.005844975
7543773.546510894
4132190.8707640683
1062347484.0068214
353352771.37255156
130060308.39485481
69225046.48128337
45513708.49887778
26327449.645100288
14138214.526857313
7053339.497625858
4499723.8184723295
2584682.8877520254
953293230.4282664
292035749.14057916
97605849.1608505
53346224.60432571
26079066.13876489
12943361.37943766
7884397.02082808
4621443.282009794
2559787.1833679695
1228314.983658836
1002631955.2445582
358224635.0651298
177642249.49004498
104590725.60510243
60118038.31616441
32645453.457934428
18614884.772653427
9514544.676717047
4785029.3886928
2391913.8546749563
1113347465.7767897
362894144.4958219
149480046.42692852
70029567.68344122
34623631.927860156
19244203.441118773
11695902.270580724
6623481.581159106
3334285.213406386
1868959.557416861
976260991.9112645
348252301.48078257
183283698.75446874
114353226.73116256
64964152.06956658
39692588.69578405
21738968.989184014
11888603.082070008
6137222.225951536
3465821.2189749004
981852444.6992265
265688491.75975853
89396436.13800704
43412915.91744466
24930020.34104433
13599086.066659031
8426101.482730145
4870836.642599444
2644382.2178418455
1527619.3633155343
1101339606.3273118
288241289.1924359
128389199.2990922
70399280.75587583
37334835.81047589
21154948.398671567
11215624.07668441
6967431.568039982
4478604.671527933
2106019.2331671207
1067796304.3577906
307156540.03384477
176778338.8693006
112902424.66007964
62802160.39578481
27290146.076507878
16338706.31048562
8775763.978092082
4227516.385674995
2285455.174974026
1036250723.3457254
259613574.23471072
144478648.58647808
67250088.53886275
32303600.645622484
19441758.441798285
9626307.381790457
5202931.258403252
2861001.5030284715
1363195.8954543553
1114257673.450947
377238447.39409894
153910505.21662727
102838151.84023802
64160229.39152158
38370001.44864011
23640963.210638843
11678614.189493341
6016247.25196468
3419232.734218159
1106630737.473242
319802542.8058907
162121158.29439917
85508783.5730947
48477397.95688096
28689825.059957985
16432468.479523288
9360587.500307592
5623629.796278145
2774026.732151027
997816070.5795598
292024629.09651214
135932617.10323113
79826498.70096178
43267192.84360022
24582818.312167093
14226064.782528346
8824141.627386387
5246453.2540112715
2854005.5443449956
927691649.2720591
245244111.60722962
102857289.67664228
67598942.9861729
36176277.10453439
17125027.330720335
10744574.555912245
5449582.0448543755
3004191.892651421
1715596.8760181773
952805549.3071139
331377072.2925061
175410998.3730228
101082963.72954321
51265248.81301511
30137667.075696297
14354802.110374738
7730835.891945953
4159841.794838592
1912230.587195951
1095802605.4538085
357510889.77672017
171100516.97758755
84941972.02598847
44613648.04982041
25223180.105485205
13192465.925596235
8090475.640911987
3674051.5897135125
1943672.4137212234
1013483219.0449705
236530157.3511242
99296222.9979326
45203251.44140212
22699312.293878317
10758850.191220468
6404941.903029939
2615603.4856767063
1485702.0223965421
688793.0627913901
1130354101.216429
364604886.92418766
201330278.32882473
111220471.11757645
64289737.78326509
33380888.75388107
19849509.43672988
12399950.418086033
6460325.951755
3458170.1798916217
1132293750.4222655
324053926.2931304
178473048.47254536
98811604.11767042
77353913.59256463
50318635.47011534
26184334.607104354
15358612.085174618
9311720.40049312
4683862.349639089
1095715214.5217373
316245549.46751255
146677873.4989655
82025698.33115332
51123345.9757732
28957201.42827866
15624314.724387603
9750301.371392356
4497884.702996022
2584448.8550705733
1066968124.9720448
231624283.43475848
108802830.09009866
68081959.71851227
38389061.96544527
22693426.954960715
12653510.56383614
7223746.828085479
4327870.443217549
2324219.3456944004
831872518.8414233
298343168.7496329
130145602.78077044
83544269.30752498
55170916.06335703
32390911.687168494
18470826.890636362
10745532.773850689
5624364.999065629
3548941.163874819
1032303008.4383847
295045580.41066164
124750532.20189683
62789243.10231389
31291059.456805523
19829867.33118308
10823027.193804063
5163106.038082435
2504193.1594142234
1209113.457832846
1041156123.2784641
284888110.5051863
115322268.7162091
66513754.16674711
33127776.967428505
21237874.882134475
10872746.558501046
6693717.007567011
3800172.239422703
2207204.5105190477
968658222.8626307
306098750.83515936
121695062.45380582
62827071.20880368
39211715.383185625
19836288.319121823
13338417.427013993
6571818.578416406
3308362.20922676
1767503.0362813338
1078042755.0585673
321574013.3135224
136269778.97450423
77673362.81191306
41362421.183350176
25919036.65471236
14933862.196613472
8347622.919424808
4914018.688954448
2858192.030324916
833873146.9403723
257368396.21760595
133139346.22247714
85797675.30312307
50889988.678765446
27794275.0640604
15324057.532094425
8322581.181189343
4993390.129355945
2423239.597123601
1100404509.7260451
353869886.66518426
152306044.43429708
81154436.34001504
49995890.74075434
24968256.276756678
13110593.821256809
7792510.67144236
4031745.3905418357
2442079.004483398
1110660159.1547072
388766345.0965377
208839433.32505488
104762945.56918073
67830336.44654268
36998313.037884496
21745069.75757161
12161027.112804191
7611433.215996386
3795934.9425645806
964394637.6373261
313111292.2559598
106850252.52950394
57880901.48072011
28667817.44889116
16539131.599128783
7127801.689242374
4244720.423601848
2018180.7399313622
1163078.0310687074
1016994296.8980855
331089838.5483522
150298466.94436786
78315511.4131404
44966587.7809331
25047986.328792125
15274400.641520292
9152215.582852477
4782556.342433204
2797434.1983923824
1051315610.9999254
359973899.6081547
152092528.5325059
83784799.89558393
54715704.569064885
35034852.8451286
21154299.616058026
11483915.026697291
6529917.5659033675
3891728.0850492488
1031691135.2570133
329855067.2113215
134718311.89545545
68441203.52817647
29257519.465117075
17772456.486991644
10668385.191208018
6552804.9842028245
3434301.438029488
2138174.7920284206
895715622.2132138
218694918.69220316
121310204.54971081
71654339.99331504
38311531.626752265
24886393.43603809
11162306.015663596
6591961.993501292
3712905.891655007
2006648.1319120561
1114068055.1649652
345005680.82408077
149219555.85729602
84055125.93433078
44478539.85300744
26210877.443669684
15844589.224450344
9721878.900583697
5238580.108740844
2486066.410285613
1030775343.9787357
284354381.59063786
135939935.51952928
66080069.908288285
37129943.20421016
20617127.501399454
11275712.57522372
6643445.099775168
4000233.2909259074
2104870.941804578
1025041257.4830887
293651561.968838
139000445.7067609
74256755.96496484
36239398.91046484
18525810.493939925
12278622.24219559
6526404.729240544
4005265.665065515
2059545.468328347
1051087629.9566296
222004226.1303167
125298708.47977582
64239283.76777946
38768410.352266185
23710107.114616785
14423117.280360471
7238735.226632799
3823882.59823434
2044011.4277577423
1069099930.9659102
319992118.9186001
159562764.40528554
86969586.27020633
42322169.72936957
22304527.128123015
11970888.148729887
8186007.446369087
3957934.598299227
2303378.2770376247
1062239575.2452176
271911019.20945126
131561814.37916623
84901064.53093877
49416443.43447841
30012073.066286005
16581769.02426508
9899427.588434188
5199487.358949053
3105575.0306179654
1082226867.0526552
330892152.5831969
149935925.55563378
96477071.49061774
59211762.97189551
35861142.11864987
17486413.094916876
8670563.336494878
5357686.061602934
2864167.541997193
932043921.2664818
326655001.05022955
142431254.15964064
78806452.84455355
48525262.08446862
27902762.65886906
14026207.321498742
7612377.831315113
4481478.253322693
2190558.246808201
1105250748.9164858
332368468.2202684
119567467.8384424
62680291.118901104
29641723.700565547
16686112.401700536
9683294.55794717
5378631.182624245
2699133.8356750156
1389644.8027071003
1068628190.9331119
337110146.228915
135894544.9509333
83395387.00426735
41712606.11569867
23093312.23882868
14824406.90946551
8890273.973927023
5143810.248288209
2628567.894145941
1017851498.7887721
341599454.4450715
131433565.28505749
77650475.04282825
44299256.79452628
23202693.17281363
13294961.932555797
7570924.144905192
4590604.075061539
2306716.438002638
1036121447.3618035
293935834.03144515
141256788.8064414
79541070.0593977
39327452.01116218
23527848.2944095
13733516.232942995
6859411.174963281
3938193.376138174
2212402.631943825
988559964.3189211
296275937.8472393
93316429.74352793
41319090.43351619
23146966.075846802
10911815.055923983
5479871.5633733915
3277803.6568678557
1881856.624000005
1032459.8189394105
775483992.4045159
299196590.1473557
151474241.16004458
88708644.86242226
56087920.78094081
29266669.25540368
16244289.953253714
9652472.781407863
4730514.239697997
2737455.3951354865
1050655278.6413842
284760637.6971312
99966622.14551198
54673013.28003642
30306184.97155016
18609302.19884699
10000929.662933325
5462426.709788449
2668706.924984567
1722076.6798559066
1008149386.0135572
258925964.24662635
93413306.17695399
53169018.66734293
31598310.488903966
16484686.75099331
9426962.809000451
5084523.925418754
2946380.244004274
1820799.6345731132
1037433870.1619344
227344955.03802818
84824375.91802111
38945851.23126922
22186584.563267894
11975246.35029725
6397187.280945406
3390538.0013681822
1848999.1075392629
925241.051055438
1088370333.142363
328398362.2763134
99146684.84892029
52696165.18299063
32547917.31604389
16217543.799666118
6406991.911104892
3393166.2541703423
1726604.4968313978
937778.9953387296
986274740.8671983
336878857.03633434
182955191.75798312
84945356.83170782
50281716.702551596
26213599.243384384
15726628.167678751
9559739.839355635
4995680.056024509
2671483.331282104
