[[[ 4.75005662e-07  7.77606238e-06  5.94587805e-06  1.16216630e-05
    1.97075104e-06  7.27345752e-06  1.27348111e-05  2.24903417e-06
    2.50746275e-07  5.97536798e-06]
  [ 4.95873858e-08  3.99774184e-09  7.91347212e-08  3.22810680e-08
    5.53296104e-07  1.47412769e-09  6.10489621e-09  5.53966800e-08
    2.65936036e-07  1.04153372e-08]
  [-4.33370712e-02 -6.71529759e-02 -8.68558817e-02 -1.27091212e-01
   -4.34941978e-02 -4.69587653e-03 -3.19501451e-01 -6.40077985e-02
   -4.18674069e-02 -3.78120431e-02]]

 [[ 4.66798221e-06  2.94281332e-06  7.38680300e-07  4.60122728e-07
    2.72148005e-08  8.72105443e-07  1.22626485e-06  5.75334184e-06
    3.12569471e-07  1.43341636e-06]
  [ 3.89833218e-08  2.47932640e-08  7.98178977e-08  1.37888098e-07
    2.79317225e-07  1.70224686e-08  4.60808009e-10  3.47955071e-08
    4.34725545e-08  2.77938106e-09]
  [-6.38482700e-02 -1.63384205e-02 -6.15087812e-02 -7.52898392e-02
   -1.49880109e-01 -1.94143988e-02 -1.16771823e-02 -3.09356397e-02
   -7.79189369e-02 -6.64342431e-02]]

 [[ 2.89267505e-06  7.02383221e-06  1.10304136e-06  5.78861356e-05
    8.07481795e-08  1.91814307e-06  3.50653392e-07  1.22379488e-05
    6.22530284e-05  1.82672357e-05]
  [ 2.29266695e-09  4.20691223e-08  5.08551224e-07  4.82793545e-08
    5.09763553e-07  6.32274001e-07  4.53792622e-07  1.96776642e-07
    1.49442872e-08  7.55820241e-08]
  [-7.10363384e-03 -2.13176051e-04 -6.38662622e-03 -1.12468908e-02
   -2.49482346e-02 -1.58030992e-02 -7.26307755e-02 -2.30118231e-02
   -3.59462372e-03 -2.30768724e-02]]

 [[ 1.76145984e-06  6.71392620e-05  1.02142706e-06  1.15573333e-05
    2.23602152e-05  1.48647202e-06  2.57364633e-05  1.70893729e-06
    7.81838731e-06  2.83975924e-05]
  [ 6.36645034e-09  1.68409184e-07  1.28846790e-07  3.50346843e-08
    6.33760809e-07  5.02175174e-07  3.54191651e-08  3.22417593e-07
    7.21824863e-08  5.76226548e-08]
  [-2.47405496e-02 -2.10522219e-01 -2.63620102e-03 -1.52364177e-01
   -3.28043612e-02 -7.72543907e-03 -5.51916029e-02 -6.95620210e-03
   -1.29948154e-02 -2.11583022e-02]]

 [[ 3.12252170e-05  5.77212432e-05  1.44883594e-06  2.65185442e-06
    3.28564306e-06  5.16906569e-05  1.56882244e-05  9.40807920e-07
    1.45368502e-06  4.54139223e-08]
  [ 3.46545485e-09  3.40224055e-08  2.91818501e-08  3.15535010e-06
    7.63219778e-09  3.84177176e-09  1.23199928e-07  5.55963723e-08
    7.37351270e-08  9.35906854e-08]
  [-2.49026906e-03 -3.25931797e-02 -2.28041087e-02 -1.55853401e-01
   -5.07443230e-02 -2.19555594e-02 -2.04570595e-02 -2.48472079e-02
   -2.49427925e-01 -1.97735958e-03]]

 [[ 1.72955171e-04  3.27572825e-05  4.23609753e-06  1.49157745e-05
    5.24556944e-04  8.50947147e-05  6.81989872e-04  2.11466165e-06
    3.66764156e-04  2.47458339e-05]
  [ 1.51354610e-06  1.17430272e-06  8.41025027e-08  2.57903473e-06
    5.05151719e-06  8.09572254e-08  1.78141088e-07  2.58309252e-06
    1.26196282e-06  6.41785701e-07]
  [-4.29828043e-02 -5.50727250e-02 -1.70571846e-01 -1.08039516e-01
   -1.74393146e-02 -1.19233551e-04 -4.35523222e-02 -1.26566565e-01
   -7.13947291e-02 -1.69847276e-01]]

 [[ 3.86929599e-04  2.19084114e-05  6.58414295e-06  6.78577386e-05
    1.50888268e-04  1.26207871e-05  1.22472463e-05  1.86201352e-04
    9.47461684e-05  3.65278223e-05]
  [ 3.77581500e-11  1.59898660e-09  2.95330060e-07  6.71584241e-17
    1.57009159e-05  7.93851292e-07  1.27332049e-06  7.29961135e-07
    4.50574191e-08  6.81473998e-06]
  [-1.14895295e-01 -8.60732683e-03 -3.86783301e-02 -8.98440171e-03
   -1.77692969e-01 -1.79771766e-02 -1.67157940e-02 -7.33115303e-02
   -1.92702112e-02 -7.49808888e-02]]

 [[ 3.05041113e-05  9.14836366e-07  2.26200789e-08  1.73806272e-08
    2.52746864e-05  4.67722747e-05  2.85305543e-05  3.30536109e-04
    7.33664197e-06  8.07693708e-04]
  [ 1.00104243e-05  1.18569974e-07  8.30518175e-06  1.20751600e-08
    2.02606622e-07  3.43044278e-06  1.87400306e-06  2.36630462e-06
    5.45413987e-06  1.90664605e-07]
  [-5.19282661e-02 -5.23084088e-02 -4.75247797e-02 -2.99645260e-02
   -1.63723501e-02 -9.74352564e-03 -1.09635639e-02 -4.84416430e-02
   -1.34520829e-03 -6.50815329e-03]]

 [[ 4.58744060e-10  6.24443692e-11  7.33831497e-12  3.70963256e-10
    4.60505411e-11  6.96809122e-10  3.12244992e-10  2.88293376e-10
    1.94044439e-10  1.10947569e-13]
  [ 1.71874185e-11  6.10034883e-12  1.08324557e-11  3.94092503e-13
    5.25673129e-15  7.08015054e-14  2.48661779e-25  1.50048924e-12
    5.89434434e-12  2.29683704e-13]
  [ 7.57321336e-01 -1.37133771e-05 -1.30969580e-04  5.86745002e-03
   -3.63554925e-04 -1.45512095e-03 -2.47980398e-04  4.10719144e+00
   -2.91258784e-04 -1.00077896e-03]]

 [[ 1.13820750e-10  3.50354589e-11  8.78473872e-11  2.51339704e-10
    6.95128558e-10  1.46874093e-11  1.01496050e-10  8.03726543e-11
    2.32608335e-11  2.30830897e-10]
  [ 8.83117470e-12  3.26478095e-12  2.89278560e-14  2.58388164e-12
    2.40212018e-12  6.48910502e-12  1.53268994e-12  4.54934317e-13
    1.62466496e-12  1.24963682e-12]
  [ 4.45239211e-01 -4.24482191e-04 -4.06749609e-04 -5.16605701e-03
   -8.64990557e-04 -1.61678450e-03 -1.07270355e-03 -1.37138972e-04
    7.18591135e-02 -2.49790775e-04]]

 [[ 2.23174948e-11  1.72391595e-11  1.82164136e-11  3.45275643e-11
    9.95115389e-11  1.84546264e-10  1.24228810e-10  2.57815453e-10
    4.00243570e-12  1.05470688e-10]
  [ 2.73706685e-14  1.46322000e-14  2.66517740e-13  7.85109065e-13
    5.51471681e-12  5.18171965e-13  6.76338922e-14  3.92083442e-21
    8.92078711e-13  6.19090015e-12]
  [-8.16137720e-05 -1.89873269e-03 -1.17783465e-03  6.36473234e-02
   -5.00266287e-04  8.39473759e-01 -5.78687299e-04  6.80857490e-02
   -3.94188414e-04 -3.10885156e-04]]

 [[ 1.34861191e-08  4.54556780e-08  1.06843114e-07  6.02630955e-08
    1.26688271e-07  1.23337174e-06  6.61039927e-08  2.18641914e-08
    5.37884160e-08  2.17151430e-09]
  [ 6.48326808e-09  3.95542430e-10  1.34391236e-11  9.92692693e-11
    6.05585143e-10  5.06835767e-10  1.70449533e-09  4.45715658e-09
    4.79500497e-10  1.01004415e-09]
  [-1.62869888e-03 -1.41376387e-02 -4.57759671e-02 -2.50596814e-02
   -7.52474518e-03 -4.84044711e-02 -8.74288981e-03 -8.85122516e-03
   -6.63762628e-03 -2.37379284e-02]]

 [[ 4.53795691e-09  7.08042265e-08  2.76392455e-09  5.97590335e-08
    5.86664730e-08  9.39716842e-08  4.85820873e-07  1.29819475e-08
    7.75563366e-10  9.58773670e-09]
  [ 4.03785904e-09  2.94264259e-09  1.59833371e-09  7.04607935e-10
    1.94744857e-10  6.25073149e-09  5.69494981e-09  8.01288759e-12
    4.69214189e-10  2.63361602e-10]
  [-6.81658719e-03 -1.77393355e-02  7.00515061e-02 -2.17779177e-03
   -2.70069272e-04 -8.70092792e-03  1.92953763e-01 -3.79432889e-03
   -5.36150882e-04 -1.80921850e-02]]

 [[ 1.94347415e-09  1.15700943e-08  3.48748423e-09  3.04103552e-09
    9.53718067e-08  7.74327966e-08  3.93632201e-08  3.52087680e-08
    2.18276868e-07  5.21534050e-12]
  [ 1.47205313e-10  8.54908042e-10  6.49154535e-09  1.91614766e-10
    6.99303472e-11  8.52256614e-10  3.53962262e-09  1.54721957e-08
    8.30836265e-14  1.65860832e-10]
  [-8.80055212e-03 -3.06151532e-04  7.18591197e-02 -4.72363162e-03
   -7.45755753e-03  1.32720166e+00 -1.53031787e-02 -4.55222896e-03
   -2.11421817e-02 -4.41088650e-04]]

 [[ 4.01972006e-07  1.56849096e-07  5.42059999e-07  3.77991211e-06
    2.00088282e-07  1.29928525e-07  7.33892136e-08  1.01245817e-07
    9.96487109e-08  4.25817708e-08]
  [ 2.77782650e-08  6.60336067e-11  2.42153095e-08  6.03607205e-09
    1.08071618e-08  8.85971202e-10  9.34168011e-10  2.02917300e-08
    2.24488962e-08  1.83642489e-08]
  [-4.04145399e-02 -3.26644478e-02 -3.03137930e-01 -1.06031915e-03
   -2.95017156e-03 -2.72502161e-03 -3.33767652e-02 -2.62818240e-02
   -5.33150352e-02 -4.12340745e-02]]

 [[ 2.70127196e-10  2.26263687e-06  1.73969083e-07  6.26342006e-07
    1.49347181e-07  9.58804882e-07  1.53918477e-07  1.27711743e-06
    6.41841347e-08  2.08698625e-07]
  [ 1.44794494e-08  9.39422025e-09  1.72156934e-09  1.66964107e-08
    7.32442733e-09  3.37551519e-09  8.83370771e-10  6.96833347e-09
    1.00954176e-09  1.19570835e-10]
  [-5.00440436e-02 -1.19724650e-02 -9.79226651e-03 -1.71338420e-02
   -1.90939371e-01 -5.49800329e-03 -4.53388099e-03 -1.74518228e-01
   -8.69135357e-02 -2.15941881e-02]]

 [[ 1.31440348e-07  5.11092086e-07  5.13434686e-09  1.26876042e-08
    2.96903259e-09  1.16944736e-07  1.40077342e-07  8.04124065e-07
    2.56817717e-07  1.08699939e-06]
  [ 1.40630318e-08  5.40317096e-09  5.29099465e-08  8.19869052e-09
    6.68477899e-09  1.12223531e-10  7.77404050e-08  1.93264651e-08
    7.22046393e-10  8.30430792e-09]
  [-2.35485325e-02 -6.19807839e-02 -2.22547529e-02 -1.62653086e-02
   -1.71770974e-02 -4.99820209e-02 -1.68375483e-03 -2.69393833e-02
   -7.28957793e-02 -5.73489286e-03]]

 [[ 3.19787505e-07  1.77971364e-06  3.53713703e-06  1.50858454e-07
    4.50126313e-07  1.96230932e-07  4.60347502e-08  2.01931791e-07
    5.22635095e-07  2.01020416e-08]
  [ 5.43281377e-08  3.79973216e-09  1.22335023e-08  1.36818038e-08
    1.59610807e-08  1.04703911e-08  1.37038869e-09  5.23080625e-08
    4.09404026e-09  3.74530207e-08]
  [-5.74898838e-03 -8.75445859e-03 -1.05233616e-02 -1.56623151e-02
   -1.18697948e-01 -4.85025910e-03 -1.94920820e-02 -3.14343613e-02
   -1.52562009e-02 -3.43352171e-02]]

 [[ 2.70148922e-07  6.02121299e-07  2.74317574e-06  7.77635293e-06
    1.61740710e-06  1.11377398e-06  2.82666678e-07  1.30140780e-06
    3.63070721e-07  2.97031150e-08]
  [ 3.42740009e-11  2.82242800e-09  4.11647791e-09  1.59881787e-09
    1.81577234e-08  2.20623599e-09  9.44136162e-09  1.78736421e-09
    1.32536583e-07  1.12193139e-09]
  [-3.74672648e-02 -8.92040571e-02 -3.60015490e-02 -1.64643215e-03
   -6.20214129e-02 -2.19710045e-02 -2.01081268e-02 -1.72586036e-01
   -6.68330158e-03 -9.95914834e-03]]

 [[ 1.46073094e-06  6.28831451e-07  1.42096481e-07  4.58514978e-06
    5.50356028e-07  4.30774743e-07  7.55985781e-08  1.59916670e-07
    1.32202391e-08  1.11789846e-08]
  [ 2.17432183e-09  1.88965446e-08  7.05591276e-13  1.94314353e-10
    1.41946425e-08  6.12452658e-09  9.50583797e-09  4.04907022e-09
    2.22127123e-08  2.14152164e-09]
  [-5.71351833e-02 -9.53906496e-03 -9.51768655e-02 -1.50521283e-02
   -2.22659316e-02 -1.41334206e-02 -3.38371026e-02 -5.36052997e-04
   -1.09332294e-02 -3.02559576e-02]]

 [[ 9.49787060e-06  1.27107464e-06  4.94013786e-07  2.99316297e-06
    7.31242765e-06  2.49171214e-06  8.77784955e-07  5.33691526e-06
    6.70848890e-07  2.73657319e-05]
  [ 3.08656378e-07  2.09261001e-10  2.17531293e-07  7.19960121e-08
    3.03169711e-07  1.67922794e-08  2.43009050e-09  1.74241334e-10
    5.50149548e-09  9.99999200e-08]
  [-4.05414060e-02 -2.07611053e-02 -4.13253722e-02 -6.25919476e-04
   -2.17647426e-03 -3.47645752e-02 -4.24383385e-02 -1.97450576e-01
   -1.29107102e-01 -5.56386338e-02]]

 [[ 6.91814822e-06  1.06828902e-05  4.04811018e-07  8.20816111e-06
    6.55590200e-06  1.67569909e-05  2.41138435e-05  4.95231889e-06
    6.49752538e-06  1.67879125e-06]
  [ 1.17657280e-08  1.90733086e-08  5.76057734e-09  1.53618339e-07
    3.57725282e-08  1.07807485e-07  5.09708336e-07  2.13734513e-08
    3.66519734e-07  9.07357501e-09]
  [-9.28630461e-02 -1.87491118e-03 -4.27578292e-02 -7.23213644e-02
   -9.65690711e-02 -2.34606362e-02 -4.97995659e-02 -8.66099964e-02
   -7.56084952e-02 -2.35808031e-01]]

 [[ 2.13640366e-08  1.03949341e-05  3.17294241e-06  8.67072246e-05
    3.69944552e-06  2.34667777e-07  1.82684710e-05  4.17757776e-06
    8.62112677e-05  2.11888819e-06]
  [ 8.26843967e-08  8.37578508e-08  1.91680299e-08  7.02051805e-08
    1.75537046e-08  2.91823195e-07  4.45213847e-09  2.55311054e-07
    4.79179056e-07  4.22975914e-08]
  [-9.12105167e-02 -2.25626845e-03 -9.92637446e-02 -2.08807760e-01
   -2.73677421e-02 -1.34424995e-01 -8.04373748e-02 -1.38337228e-01
   -2.27788680e-01 -6.96632006e-02]]

 [[ 3.96747970e-06  1.44153726e-05  7.22165344e-05  7.41407477e-06
    2.73520847e-05  5.27450294e-05  4.24790689e-05  2.56387940e-07
    8.69891140e-05  3.50441306e-05]
  [ 1.39623124e-06  6.16412157e-07  3.23406252e-07  1.36526818e-07
    1.49531158e-06  1.36243786e-07  1.75804195e-08  1.24200875e-06
    1.01724718e-07  1.29157572e-07]
  [-1.52537697e-01 -5.86248499e-02 -2.42686363e-02 -5.95598081e-03
   -1.61714460e-02 -1.43884727e-01 -1.59275446e-01 -1.36511487e-02
   -4.58625810e-02 -2.37988458e-01]]

 [[ 1.67020385e-05  1.22563711e-04  1.89994938e-07  4.20443700e-07
    9.58594906e-06  5.49282524e-05  1.51601598e-07  1.85622979e-05
    7.07354045e-05  1.46305987e-06]
  [ 4.66082023e-09  1.69507499e-07  4.52874691e-09  1.65014999e-08
    8.47663166e-10  8.28070895e-08  2.16086085e-07  2.43510603e-07
    1.15063537e-07  2.76549079e-09]
  [-4.32262087e-02 -1.83582783e-02 -4.24311647e-02 -7.81332638e-02
   -6.75341293e-03 -1.02927177e-01 -2.51355802e-02 -3.96663031e-02
   -2.35517215e-03 -1.13661213e-01]]

 [[ 6.39848535e-06  7.73539979e-09  8.41417278e-05  2.10810363e-05
    7.51400239e-08  3.04862382e-04  2.07330222e-06  4.54639706e-05
    1.00167276e-07  2.65667393e-06]
  [ 7.97798757e-10  2.67711129e-07  1.64320996e-06  3.76798398e-07
    2.24780161e-08  1.04137275e-06  5.69000333e-07  6.31774434e-09
    5.38087152e-08  1.32128576e-08]
  [-2.41387499e-01 -3.74002906e-02 -4.35050329e-01 -1.24818276e-01
   -5.92889922e-02 -2.22456425e-01 -2.16886430e-01 -8.49958091e-02
   -1.35640966e-01 -3.99677773e-02]]

 [[ 1.62008404e-10  6.13090699e-10  2.50491010e-10  2.68095829e-11
    1.66372246e-10  5.69570928e-10  1.99453502e-10  2.07017399e-11
    2.09471204e-10  1.66757985e-11]
  [ 5.03152566e-12  9.64801062e-13  2.09942856e-13  9.09302550e-13
    6.15908799e-12  9.77668422e-13  7.42378379e-13  2.01215759e-15
    7.37748451e-12  3.78812662e-12]
  [-1.57661889e-02 -1.83669583e-03 -3.59237070e-05 -2.28081864e-02
   -6.88037299e-05 -1.71525822e-02 -2.08665068e-03 -5.35244438e-02
   -6.73585817e-05 -7.61995590e-03]]

 [[ 2.15158660e-12  3.61359655e-10  4.45805738e-11  6.60184026e-11
    2.02771638e-10  6.00324205e-10  5.48827265e-10  8.61245213e-12
    1.34580976e-11  2.38920951e-11]
  [ 1.39249417e-13  2.65887536e-14  8.65703033e-13  1.61344022e-11
    4.00063982e-13  8.07329520e-12  2.39468822e-12  1.84208644e-12
    1.33191374e-11  1.65263662e-11]
  [-1.86451884e-03 -1.67367940e-03 -3.33284605e-04 -7.15935131e-05
   -4.19156150e-02 -2.79948105e-02 -2.01937276e-02 -7.96097688e-02
   -1.52971385e-04 -6.28935031e-04]]

 [[ 1.23279724e-11  3.32005076e-10  4.46051399e-11  1.60273889e-10
    8.88934547e-12  3.76797490e-10  9.11022524e-11  2.14353283e-15
    2.20205659e-12  1.57774981e-11]
  [ 4.93420436e-12  1.03624268e-12  1.34801405e-12  8.69027339e-13
    3.59105751e-13  1.66390573e-12  1.89282586e-11  3.82997893e-12
    4.59925412e-13  1.88827648e-12]
  [-3.21069835e-03 -1.98242450e-01 -6.34533439e-04 -3.22693301e-03
   -4.52740890e-03 -2.01984905e-03 -1.77597044e-01  6.94450420e-01
   -9.98757923e-02 -2.45361509e-03]]

 [[ 1.65665683e-08  1.48960370e-07  3.98979155e-08  1.12833737e-08
    4.33363890e-08  5.81994529e-07  7.24095026e-08  7.02342176e-09
    5.57917109e-08  1.21481402e-07]
  [ 6.68854958e-09  5.38819229e-09  4.22964213e-09  2.64239296e-10
    2.08474717e-09  6.89337574e-11  2.76478551e-09  1.01271661e-10
    3.39598632e-10  1.34138695e-09]
  [-5.19410127e-03 -1.22729993e-02 -1.71777071e-02 -1.01504478e-01
   -8.40320568e-02 -1.01122386e-02 -3.63003627e-03 -5.01027096e-02
   -1.47269269e-01 -4.01440620e-01]]

 [[ 1.57576970e-07  6.12205514e-09  2.26010594e-07  4.20896200e-08
    1.72675894e-07  6.39592622e-09  1.66927457e-08  3.07042992e-08
    1.17906759e-07  1.25789436e-07]
  [ 1.93618758e-09  2.20733618e-09  3.34047762e-09  3.02914702e-10
    1.18439297e-10  6.40158818e-09  3.24697755e-11  1.78262100e-09
    7.44737116e-10  1.08102265e-08]
  [-3.43859522e-01 -7.01485788e-03  7.46916027e-03 -2.07573754e-01
   -2.56696269e-02 -4.50709348e-04 -3.99541459e-02 -1.71086195e-03
   -3.47994684e-04 -1.16069683e-01]]

 [[ 4.29707199e-08  3.55643401e-08  8.98129745e-08  2.04144428e-08
    2.68348412e-09  8.08493154e-09  5.87496391e-08  2.00923538e-10
    4.97037652e-10  1.05154364e-07]
  [ 6.00972905e-11  2.09364677e-10  6.55253917e-11  4.31762237e-11
    7.26839362e-10  2.13993928e-11  2.11269990e-11  2.47890899e-10
    6.86126893e-10  1.46564210e-10]
  [-4.24250195e-03 -3.02465157e-04 -1.73082525e-01 -8.45373970e-02
   -6.90171737e-02 -2.97040141e-03 -4.54601592e-02 -2.30081658e-02
   -3.82319055e-02 -6.13658505e-03]]

 [[ 7.85880003e-08  6.09801845e-07  4.80508615e-08  7.10867504e-07
    8.25204971e-07  4.73371189e-07  7.22245715e-07  8.75968505e-07
    1.56831457e-07  2.57945901e-07]
  [ 9.11756247e-09  1.77792657e-12  2.22087555e-08  2.78348360e-08
    3.73447157e-09  1.16530830e-08  5.33650779e-10  6.28747128e-09
    6.10589151e-09  3.15165330e-10]
  [-9.17413228e-02 -3.10691992e-02 -1.35369960e-03 -1.83865126e-02
   -1.62585976e-02 -1.59348082e-02 -1.26804350e-02 -2.99459534e-02
   -4.74251336e-02 -2.69114181e-01]]

 [[ 1.81221496e-07  1.12513523e-06  6.56062743e-07  5.72487587e-07
    9.93088638e-08  1.42741302e-06  4.74713173e-07  4.42927204e-07
    7.62161046e-07  1.11367824e-06]
  [ 5.31474455e-09  1.70379186e-09  5.17359678e-11  3.99523618e-10
    2.66802422e-09  3.38612631e-09  7.25718709e-08  2.63537923e-09
    2.71652062e-08  2.69818206e-09]
  [-6.04408919e-02 -1.14129825e-01 -3.22982139e-02 -4.14595971e-02
   -8.46737474e-02 -3.65284824e-02 -6.50497883e-03 -1.50817588e-01
   -7.65917730e-02 -9.46346188e-04]]

 [[ 4.95665267e-09  1.41198036e-06  2.54509728e-08  3.79166887e-08
    3.10745756e-07  2.94697003e-07  5.88428336e-08  3.36920881e-07
    1.57398901e-07  2.50145717e-08]
  [ 5.85397545e-10  3.61551894e-09  1.96910387e-09  6.19710666e-09
    5.29357963e-09  7.90707537e-10  2.05852012e-09  4.04423221e-08
    6.57446809e-10  1.99591235e-11]
  [-2.97026373e-02 -1.85294063e-03 -1.30562468e-01 -1.36504576e-01
   -4.94684014e-03 -6.34980382e-02 -1.02694331e-04 -3.26122430e-02
   -2.91885702e-02 -2.55968332e-01]]

 [[ 2.24186480e-06  5.25389545e-07  5.88783595e-06  5.14724941e-07
    1.64642764e-06  1.27143510e-06  1.24692563e-06  3.19682515e-06
    8.42770747e-07  9.86720607e-08]
  [ 1.30816824e-08  6.86578313e-09  4.36056555e-09  4.24387937e-10
    6.85477499e-09  1.76930631e-08  8.46903794e-09  4.27953708e-09
    1.68232656e-08  3.74569962e-09]
  [-8.60674150e-02 -1.04950169e-02 -1.41502265e-02 -2.39654474e-01
   -5.59065522e-02 -2.05227923e-01 -9.94906405e-02 -1.21550939e-02
   -2.82369650e-02 -1.43716075e-01]]

 [[ 3.28751751e-07  7.51474144e-07  7.52743018e-07  2.67688093e-07
    3.15364871e-07  1.25589744e-07  3.92083165e-07  1.18881475e-06
    1.91386474e-06  7.45767228e-06]
  [ 2.15613246e-16  4.10148994e-09  3.09425108e-09  4.34905897e-10
    4.13815149e-09  4.82192725e-09  3.71722103e-08  4.20704157e-08
    2.00056716e-09  2.01696230e-08]
  [-3.51341411e-02 -4.08142479e-02 -2.65880668e-02 -2.95093119e-02
   -1.48303912e-01 -1.10456288e-04 -9.36750110e-02 -6.73406562e-02
   -5.31477391e-04 -1.81083877e-02]]

 [[ 1.27699043e-08  2.16104516e-07  2.43858439e-08  1.06481086e-07
    4.26263539e-06  3.29185215e-06  9.52520963e-08  5.95299416e-07
    6.73460659e-08  1.35389576e-06]
  [ 1.96681401e-09  1.92030655e-08  7.45323404e-09  6.88963775e-10
    1.89037386e-08  1.27446791e-08  6.44934527e-09  4.36975792e-08
    1.97180717e-08  2.18689575e-08]
  [-2.26630994e-02 -7.45153514e-02 -1.42492502e-01 -1.27497998e-01
   -1.12100355e-01 -9.67740839e-03 -9.20929105e-02 -1.10346193e-02
   -5.44560898e-03 -1.18438339e-01]]

 [[ 5.24014503e-06  1.32710461e-06  4.60202703e-07  1.08307122e-05
    9.18735022e-06  9.58376347e-06  1.85479227e-06  7.07395497e-07
    2.17994907e-06  1.68476157e-05]
  [ 9.25834815e-10  1.24054248e-07  4.22441004e-07  1.77624934e-08
    1.04140780e-07  1.31898241e-08  8.13431066e-08  5.18358101e-08
    2.58020241e-07  6.39488757e-09]
  [-8.09826594e-02 -8.17053572e-03 -1.08186275e-01 -3.75500538e-01
   -2.00149907e-02 -3.93963757e-02 -1.46500400e-01 -4.71929667e-03
   -6.32505435e-03 -8.83291903e-02]]

 [[ 8.46019787e-06  5.17996211e-06  8.80732257e-07  1.29106434e-06
    5.95790934e-05  1.41718697e-04  9.52617660e-08  5.31955373e-07
    3.27538413e-06  4.42669161e-06]
  [ 8.32890962e-09  3.15895050e-08  1.29562481e-07  1.24836896e-07
    1.25937897e-08  3.44624980e-07  8.71326433e-10  5.08152671e-08
    9.52616021e-09  6.85206989e-08]
  [-5.79124027e-02 -6.67908371e-02 -2.16819098e-01 -9.32293052e-02
   -5.80914349e-03 -2.91040878e-02 -1.51508033e-02 -8.39697648e-02
   -2.62634913e-02 -1.95438695e-02]]

 [[ 7.44266474e-07  5.18583927e-06  1.61715118e-08  2.82942518e-06
    1.75834324e-06  1.92444834e-06  2.65800145e-07  3.67015807e-08
    1.27511789e-06  1.67990916e-06]
  [ 2.17744042e-08  5.55561885e-09  2.06949991e-09  3.16511925e-09
    1.94268753e-07  3.77162779e-07  3.00871497e-09  9.53561158e-09
    8.38290195e-08  2.52272037e-10]
  [-6.80200711e-03 -8.63976365e-02 -3.95991547e-01 -1.14141191e-01
   -1.67980848e-01 -2.64309910e-01 -1.15119157e-01 -1.44149929e-01
   -1.64031880e-02 -1.80396823e-01]]

 [[ 1.52276791e-05  7.05105881e-06  1.30347950e-05  1.09452557e-05
    4.81265562e-06  1.78450408e-05  6.24157489e-05  2.93313334e-06
    4.96092303e-05  6.94210268e-05]
  [ 7.33132065e-09  2.80836532e-06  1.76685135e-07  3.21659529e-08
    9.98313667e-09  4.46303035e-08  1.60576152e-08  2.96800289e-07
    6.58610319e-08  1.16596798e-07]
  [-8.91473878e-03 -9.69574461e-02 -1.01284940e-01 -3.32738494e-02
   -3.92406790e-02 -1.89585895e-02 -5.76136645e-02 -8.80444261e-02
   -1.13687267e-02 -9.15588309e-02]]

 [[ 1.46586583e-05  2.48278052e-04  2.28510607e-05  2.15996107e-05
    3.80395727e-05  5.80582318e-05  7.82785872e-06  1.03754707e-04
    7.63031531e-05  6.19776216e-06]
  [ 1.37129909e-08  2.90143288e-07  2.36989424e-07  5.86288619e-08
    1.33457022e-06  1.24838926e-06  1.15523950e-06  4.57681825e-09
    3.08024618e-08  1.34793653e-07]
  [-1.13584496e-01 -6.45070789e-02 -3.63948058e-02 -9.68445110e-03
   -2.14362421e-01 -7.10096730e-02 -1.30255092e-01 -4.74667383e-02
   -3.44278673e-02 -1.09963626e-01]]

 [[ 1.67867141e-04  6.60317579e-06  2.61802021e-06  2.65736035e-05
    8.35768647e-05  5.47143501e-06  7.56912702e-06  9.29556526e-06
    2.42006699e-06  2.81924875e-05]
  [ 1.57395437e-07  3.60635293e-07  2.03845586e-08  2.70502817e-06
    9.03207521e-07  2.00289074e-07  5.68013979e-09  1.17480305e-07
    4.78618948e-09  9.80611643e-08]
  [-7.18596028e-03 -1.72232165e-01 -2.35987376e-02 -6.55666595e-02
   -2.06455142e-02 -1.55677811e-01 -1.85268998e-01 -5.28197673e-02
   -3.18535831e-02 -3.56144206e-02]]

 [[ 2.13966811e-10  4.59710357e-11  2.71043264e-10  9.89103652e-11
    5.51707871e-12  3.86198486e-10  2.65832876e-11  2.40582137e-11
    7.13324965e-11  9.42088940e-11]
  [ 2.21870648e-12  1.78848607e-13  2.61823923e-13  2.91153543e-12
    2.62022318e-13  4.02351670e-12  2.08018882e-16  2.97934922e-12
    1.09827069e-12  3.34404741e-12]
  [-2.05186912e-05 -4.25640805e-03 -2.63270034e-02 -5.59566646e-04
   -4.07981651e-05 -3.14065096e-04 -1.35674283e-03 -2.86673091e-04
    5.71761585e-01  2.50693801e-01]]

 [[ 2.46926960e-10  4.06601727e-11  1.24990357e-10  1.76753468e-13
    6.80815322e-10  1.86428890e-10  6.20649883e-12  3.01713338e-10
    4.94162727e-12  1.38938867e-11]
  [ 4.82100754e-15  1.40418540e-12  7.73643532e-13  1.88785477e-12
    1.38071975e-13  1.21572690e-11  1.70412721e-14  3.88377830e-12
    3.17871804e-12  1.54067534e-13]
  [-2.19883293e-04 -6.09487874e-04 -3.16920664e-04 -2.93495185e-03
   -1.68655494e-04  7.59259761e-01 -1.03851911e-04 -2.08681194e-04
   -8.22924817e-04 -1.87000632e-03]]

 [[ 2.47308314e-11  2.58582915e-11  4.89624750e-11  3.85486540e-10
    9.47435969e-11  1.17207663e-11  3.29756886e-10  4.60216446e-11
    3.33959354e-12  2.51643450e-10]
  [ 1.60031481e-12  1.13365021e-13  5.54276595e-12  1.19468952e-12
    1.65009426e-14  1.32085450e-13  3.08899265e-13  2.57925136e-12
    8.89716703e-14  3.15355932e-13]
  [-1.52765400e-02 -5.98844287e-04 -7.23778094e-04  3.47782180e+00
   -2.37985992e-02 -2.73642540e-04 -3.36472774e-03 -9.75892295e-05
   -5.41162623e-04 -4.21374953e-04]]

 [[ 1.84281422e-08  7.74868010e-08  2.33416741e-09  7.86507583e-09
    3.01842393e-08  1.77760349e-09  1.29902329e-07  9.38617131e-08
    5.05767826e-08  1.38217409e-07]
  [ 3.56424330e-10  4.46304171e-10  1.43278411e-10  1.63435330e-09
    1.09042894e-09  1.19016877e-09  1.62457881e-11  6.03604043e-10
    3.28970042e-10  2.00386618e-09]
  [-3.33458491e-02 -2.77279590e-02 -1.88162047e-02 -1.76553807e-02
   -1.46428548e-02 -5.15088631e-03  1.32249660e-01 -2.98517677e-02
   -6.00216867e-02 -2.43728797e-02]]

 [[ 2.40225026e-08  3.04934261e-07  8.54352071e-09  1.17193508e-07
    1.81863941e-08  6.33037799e-08  1.03815643e-08  5.87986642e-09
    9.11224820e-08  2.19631734e-08]
  [ 2.89474227e-13  1.49841077e-10  3.68086018e-10  1.37497742e-09
    1.95048790e-09  1.63398073e-09  1.43040411e-10  3.51237230e-09
    2.06289095e-09  4.54041162e-10]
  [-8.83111241e-02 -8.39709970e-03 -1.24368385e-02 -3.89257509e-02
   -2.21892586e-02 -1.86839739e-02  5.71785834e-01 -7.44913473e-02
   -2.28421662e-03 -3.14334835e-03]]

 [[ 1.94616908e-11  2.92587501e-08  4.01927951e-08  1.35484532e-08
    3.84844422e-07  1.57159766e-08  2.01534038e-08  2.57812016e-09
    4.77075975e-08  9.64199490e-08]
  [ 9.84249532e-10  6.76868944e-09  1.27606523e-10  1.12222445e-09
    1.58600630e-09  3.83419088e-14  4.03971622e-10  2.33460993e-11
    1.32513684e-11  9.18270463e-11]
  [-6.48125727e-02 -5.27204166e-03 -2.12655262e-01  8.18334232e-01
   -2.51097016e-02 -2.90399246e-04 -1.82341665e-02 -3.03886156e-02
   -1.18651907e-02 -7.38833071e-02]]

 [[ 2.17751647e-07  1.83558414e-06  3.02790522e-07  1.03202118e-07
    9.68586593e-07  2.35045361e-07  1.44720145e-07  4.30430664e-07
    1.71789962e-07  5.64659793e-08]
  [ 8.63761663e-11  9.43125458e-09  9.37553923e-10  1.79501979e-09
    2.14910217e-08  1.53110912e-09  4.35733645e-11  1.95282591e-11
    7.38957165e-09  3.93747040e-09]
  [-2.34438948e-02 -2.79493984e-02 -1.26215781e-02 -6.39191932e-02
   -9.78697212e-03 -1.27914361e-03 -6.00691484e-03 -1.69107557e-02
   -1.87185198e-04 -4.00819819e-02]]

 [[ 3.64925390e-08  4.69967006e-07  4.77137060e-08  4.61851400e-07
    1.00901095e-08  1.66571125e-07  9.74531788e-08  9.45162225e-08
    6.35566150e-09  8.97241933e-07]
  [ 3.93344643e-10  2.43574633e-09  3.91626573e-10  4.13417798e-09
    6.12702967e-10  5.02870074e-10  1.37571944e-09  3.51143739e-09
    9.93382173e-10  5.10821315e-09]
  [-4.54741576e-02 -1.28506362e-01 -3.01565792e-03 -7.79941789e-02
   -6.06942848e-03 -9.00053948e-02 -3.89923543e-04 -9.54318939e-02
   -1.85535840e-02 -1.70360224e-02]]

 [[ 3.75452837e-09  7.52639495e-07  2.11844633e-07  9.96923423e-08
    5.04757553e-08  4.51112115e-08  4.51835221e-09  1.25946633e-07
    1.17533138e-07  2.19111764e-07]
  [ 8.42068893e-10  7.21785665e-09  2.38673609e-09  3.13807617e-11
    5.06677995e-10  8.01457307e-10  1.06504408e-08  1.33614046e-09
    7.25344079e-10  8.45049932e-10]
  [-5.65393200e-02 -1.73775145e-02 -3.78193715e-02 -2.89831719e-02
   -2.82241900e-02 -2.47198666e-02 -7.44490240e-02 -4.93063180e-02
   -1.30208697e-01 -2.27211212e-01]]

 [[ 1.04363057e-07  2.46127851e-06  3.27755131e-07  1.58327286e-07
    1.58290641e-06  5.55888736e-07  2.58975008e-07  3.94757385e-06
    1.02259912e-06  2.49948355e-06]
  [ 4.30861103e-09  2.66732248e-10  8.46562935e-09  4.57887182e-09
    2.22669327e-08  3.61194022e-10  2.19413695e-08  1.21228919e-08
    4.49059539e-09  1.02450013e-08]
  [-7.08977612e-02 -9.01578223e-04 -4.95717481e-02 -1.34900654e-01
   -1.23386290e-01 -4.05918093e-02 -6.14416477e-02 -1.81987871e-02
   -4.15315425e-02 -1.38207649e-02]]

 [[ 6.68074736e-08  2.48966668e-06  4.90229400e-06  3.13622546e-07
    2.52408596e-06  5.91154684e-07  3.73171510e-07  1.94855184e-07
    2.18919968e-07  1.06502487e-07]
  [ 8.29946872e-09  5.67606341e-09  1.24597335e-08  5.45435419e-09
    7.59516342e-10  1.54506095e-09  1.48505033e-08  1.07726157e-08
    2.85506299e-09  3.41716106e-10]
  [-4.61312485e-02 -7.70921831e-02 -5.08002089e-03 -3.59108270e-02
   -3.92590184e-02 -5.82139997e-02 -6.83940504e-02 -8.16710979e-02
   -4.56315838e-02 -3.87020716e-02]]

 [[ 4.88042844e-08  1.31227568e-06  4.50856478e-08  1.55911412e-06
    5.18966467e-08  8.11280918e-07  3.58113857e-07  8.07721770e-07
    1.73199367e-08  1.11888014e-06]
  [ 4.23845174e-09  1.40604297e-08  3.93032677e-08  7.48270333e-09
    1.80756492e-09  5.56405011e-09  3.31876182e-08  1.35548175e-08
    2.84129163e-08  1.34258935e-09]
  [-1.19955467e-02 -2.32253306e-01 -5.19639042e-02 -6.68711751e-03
   -9.62672118e-02 -1.37420520e-03 -4.59826206e-02 -3.93331845e-02
   -9.00361731e-02 -2.57542462e-02]]

 [[ 5.99339589e-06  5.28827028e-06  4.91624018e-06  9.36447098e-07
    5.98511303e-05  3.04393011e-06  8.72578676e-06  1.29834156e-05
    1.22519257e-05  8.34176222e-07]
  [ 2.25980786e-09  5.90122490e-08  9.85699996e-08  9.01893035e-08
    3.17291642e-08  6.38146493e-09  2.95433035e-08  2.61216101e-07
    8.62224542e-09  2.84347010e-07]
  [-2.62975860e-02 -1.39457246e-02 -4.05802026e-02 -2.50528868e-02
   -1.18237854e-01 -2.52792528e-01 -6.66890714e-02 -9.59101059e-02
   -9.73129504e-03 -1.07589337e-01]]

 [[ 3.53609617e-06  8.06862289e-08  2.28867836e-06  5.40171099e-06
    1.27641887e-06  1.65663781e-06  1.21059254e-06  7.82612541e-06
    2.95065365e-06  3.16571442e-06]
  [ 9.16334062e-09  2.72563773e-08  4.77862338e-09  7.87760023e-10
    1.25501837e-09  4.58328502e-08  1.47006633e-08  1.06897914e-07
    1.78797944e-08  5.48213991e-08]
  [-1.93323899e-01 -6.73793726e-03 -5.73632597e-02 -4.04037409e-02
   -1.64850662e-01 -4.29302965e-02 -2.41052803e-04 -1.57482873e-01
   -7.65495159e-02 -4.15800156e-02]]

 [[ 5.69701987e-07  1.68979845e-07  1.99048694e-07  5.22517087e-06
    3.52431564e-06  1.67027019e-05  2.99144587e-07  2.73559741e-08
    6.19413911e-07  2.16869058e-06]
  [ 2.50304165e-09  1.91110546e-08  4.91064099e-08  1.24722807e-10
    1.35252237e-07  7.10428049e-08  9.35088188e-08  1.27676694e-08
    1.78968083e-07  1.60178222e-08]
  [-1.30808418e-01 -2.93955543e-02 -3.10341539e-02 -3.38722083e-02
   -2.21935449e-01 -1.97094606e-01 -4.42133358e-02 -5.88030158e-02
   -1.07607445e-02 -2.11626324e-01]]

 [[ 1.66963470e-05  8.21236371e-05  9.64357480e-06  1.30496027e-05
    3.90836251e-07  2.35642760e-06  8.32274175e-07  6.96594073e-07
    2.79115527e-06  1.47838795e-04]
  [ 1.73037943e-07  6.27782215e-07  6.47245949e-10  2.32123859e-07
    2.66674456e-06  1.52498200e-07  7.20583170e-07  1.92711156e-07
    7.80566642e-09  6.29722025e-08]
  [-2.15846260e-02 -8.39658884e-02 -1.76639383e-02 -1.54723002e-01
   -1.43798413e-01 -1.02801672e-01 -3.42454482e-02 -8.10308620e-02
   -5.87304874e-02 -2.75665676e-02]]

 [[ 9.85743020e-05  4.06676835e-06  9.29936703e-06  2.29520063e-06
    2.69019043e-05  6.50021071e-05  9.73987122e-05  1.09834236e-06
    6.50248083e-06  4.26443211e-06]
  [ 1.35961183e-08  1.21720150e-07  4.09309669e-07  6.20634300e-07
    9.81208854e-10  9.33333501e-08  7.58795446e-08  1.00152893e-07
    2.99198016e-09  6.63392346e-07]
  [-2.77293388e-01 -4.17178676e-02 -1.25934794e-02 -8.44222375e-02
   -8.69081438e-02 -1.20866102e-01 -1.87935428e-03 -2.03195575e-02
   -9.83418424e-02 -1.40603984e-01]]

 [[ 2.69624842e-06  2.18852412e-05  3.53227241e-06  7.92852396e-07
    2.40827790e-05  3.81109432e-05  3.46583091e-06  1.28207187e-05
    1.41576241e-05  1.62928040e-04]
  [ 1.84896479e-06  2.27160735e-07  1.47072883e-09  1.78948289e-07
    1.42853447e-07  3.90113589e-07  1.09671698e-08  4.91186841e-08
    1.60281440e-07  1.23085231e-07]
  [-2.17980473e-02 -1.76595306e-02 -8.94908048e-02 -6.05247011e-02
   -1.59114570e-01 -5.11557704e-03 -1.07259615e-01 -4.56623010e-02
   -2.03962657e-02 -1.75578930e-02]]

 [[ 4.75077075e-11  2.79308006e-10  1.19068212e-10  1.28318811e-10
    3.45334053e-11  4.41286381e-10  1.34175470e-10  8.90003275e-12
    4.44030853e-11  8.87640495e-11]
  [ 8.80923783e-13  7.21600654e-13  1.71310384e-12  6.61898451e-13
    1.50882100e-13  7.90398137e-14  8.80177848e-14  1.06725327e-12
    2.96587866e-13  8.86914683e-12]
  [-2.22233691e-03 -5.84472513e-04 -4.87530252e-04 -6.12138653e-02
   -1.97756645e-04 -1.34168053e-04 -5.36797561e-05 -1.18802931e-03
   -2.66244503e-03 -4.08834622e-02]]

 [[ 1.05347413e-09  3.00622444e-11  8.02387176e-11  3.17873190e-10
    4.11515257e-10  2.97351873e-11  5.17801830e-11  2.93475587e-12
    5.94201068e-10  4.14314384e-11]
  [ 3.79365320e-13  3.82225238e-12  7.77252420e-15  2.54082486e-12
    9.49915856e-13  3.21385599e-13  2.94667141e-13  4.34169855e-13
    6.11619151e-12  8.99330284e-13]
  [-2.97734593e-04 -9.88897456e-02 -5.54155932e-02 -1.95766426e-04
   -9.51373434e-04 -1.34019027e-02 -1.24727456e-03 -3.73146599e-02
    9.44970949e-01 -6.40064801e-02]]

 [[ 2.44636389e-10  3.00403305e-13  9.96121668e-13  7.83636371e-12
    1.24387385e-10  1.12647998e-11  4.66600325e-11  1.61342169e-10
    2.97022614e-10  1.16977264e-11]
  [ 3.60021832e-13  2.13769414e-12  1.35833127e-12  4.23643641e-12
    2.45844578e-13  1.20629329e-13  3.27268348e-13  1.19040306e-11
    1.18226383e-13  1.31737803e-12]
  [-1.39187491e-03 -3.54656723e-04 -1.40587059e-01 -3.75127689e-04
   -4.26053795e-03 -7.91664383e-04 -1.35193099e-03  1.30241372e-01
   -2.74700586e-02 -4.82480064e-03]]

 [[ 5.19493499e-09  2.82740174e-07  8.93083510e-08  3.50186930e-09
    1.71245675e-07  5.96070859e-08  7.30398684e-08  2.70053334e-08
    9.31554628e-08  2.91362155e-07]
  [ 6.47398700e-10  8.72098274e-10  1.60741054e-09  1.94172433e-11
    3.35389857e-10  4.07234596e-09  3.00972409e-10  2.13102747e-11
    2.56890096e-10  1.27529630e-09]
  [-9.22040834e-03 -2.01448503e-02 -1.01507569e-02 -2.94261832e-02
   -9.69269649e-04 -7.21662506e-03 -1.71942592e-01 -5.35274803e-02
   -1.71482022e-02 -3.90213872e-02]]

 [[ 2.12668706e-07  4.53545897e-09  3.20772919e-07  3.37385015e-08
    1.11544959e-07  1.64068402e-07  2.85711943e-07  1.65961727e-09
    1.63287392e-07  8.42001789e-08]
  [ 2.19673583e-09  8.29416476e-11  9.46347957e-13  7.82677491e-10
    1.87454368e-10  1.51652074e-09  1.34236251e-10  4.05178173e-11
    3.46968861e-10  5.59060065e-11]
  [ 7.46916026e-03 -1.21042643e-01 -1.37935403e-01 -2.73962406e-03
   -1.57150527e-01 -5.56010013e-02 -4.41825121e-03 -1.76823209e-02
   -2.74719922e-02 -3.93917274e-02]]

 [[ 1.07833318e-09  9.07074597e-09  3.94987683e-08  1.35698951e-08
    8.85773915e-09  2.76815083e-09  2.09700449e-08  8.14541052e-08
    2.69599043e-08  7.94029844e-09]
  [ 1.66268614e-09  5.21815183e-11  1.23382807e-09  1.29052963e-11
    4.47660236e-10  3.87365638e-09  1.58297300e-10  4.91331396e-10
    1.71500296e-09  3.87484881e-10]
  [-2.07992281e-02 -4.03439723e-02 -1.13979632e-03 -2.93457273e-02
   -4.58284716e-02  5.08186890e-01 -4.51352402e-02 -1.03713188e-02
   -3.96590993e-02 -5.97277848e-02]]

 [[ 1.60713243e-09  9.46746529e-08  6.51276144e-07  4.91808535e-07
    7.79482668e-07  7.01354437e-07  3.58921995e-07  3.93203944e-08
    2.16455763e-07  5.28360993e-07]
  [ 2.09355786e-09  5.91914058e-09  1.10594466e-09  2.68353615e-09
    6.21979621e-09  2.16749871e-08  1.02305650e-09  1.20784953e-08
    1.50028876e-08  3.44898819e-09]
  [-1.86111240e-01 -4.64507013e-03 -2.57258640e-04 -5.31777216e-02
   -8.17302620e-03 -4.09000178e-02 -3.91472112e-02 -1.17998765e-02
   -7.15064156e-02 -8.94545123e-03]]

 [[ 6.00131726e-08  5.74096559e-07  2.86879285e-07  1.94714031e-07
    1.25847976e-07  6.47696377e-08  7.79025127e-08  1.33466396e-06
    2.07792197e-07  9.47320551e-07]
  [ 3.02619689e-10  5.85156360e-09  7.24328950e-10  3.45361549e-10
    1.91902580e-09  5.93479030e-10  5.82634196e-10  2.14696944e-09
    1.27290566e-09  1.28005137e-09]
  [-1.30480249e-01 -2.40964581e-02 -1.94084656e-03 -1.95836476e-02
   -6.04259081e-02 -5.09567742e-04 -8.50864951e-02 -4.11856271e-02
   -1.13902125e-01 -1.58413111e-02]]

 [[ 3.12711938e-07  8.81928221e-07  6.82858046e-07  9.65167809e-07
    3.40015574e-09  1.51740543e-06  2.08207558e-07  4.14073144e-08
    9.83716267e-08  3.48260398e-07]
  [ 7.14211914e-09  6.52647943e-09  2.84615142e-09  8.67434345e-09
    3.70392300e-10  4.61325645e-09  2.18833028e-12  9.81882917e-09
    3.17735774e-09  5.61403086e-09]
  [-3.80772197e-01 -3.07906754e-02 -3.22482486e-02 -6.65955159e-04
   -7.39249439e-02 -4.46650700e-02 -2.22063845e-01 -3.86649900e-02
   -3.50074459e-02 -8.50599622e-03]]

 [[ 5.15627902e-07  1.57407041e-06  6.32720134e-07  2.94484661e-07
    8.87531999e-07  9.19161704e-07  1.58856112e-07  2.26368723e-07
    1.47165374e-06  1.12580531e-06]
  [ 7.73031888e-09  6.05368552e-09  1.07050915e-09  9.22524606e-09
    3.54775580e-08  5.60361967e-09  2.19449649e-08  6.79131521e-10
    2.98340630e-08  3.01921535e-09]
  [-6.46759263e-02 -6.90151765e-03 -1.59817281e-02 -5.82090792e-02
   -1.36267590e-01 -2.52804393e-03 -1.20838877e-01 -4.67776750e-02
   -6.07819033e-02 -5.59846548e-02]]

 [[ 3.18896831e-06  2.84001614e-06  1.11668765e-06  6.82760107e-08
    1.98819450e-07  8.85719531e-07  1.27520029e-06  6.35693108e-07
    1.55292778e-06  4.35415684e-07]
  [ 1.02359768e-09  3.82156692e-09  8.95535012e-10  1.13088944e-08
    2.84480280e-09  6.21632456e-09  2.24908160e-09  4.72937566e-10
    2.08456281e-09  8.87970765e-08]
  [-5.02314435e-02 -1.39604642e-02 -9.62905933e-03 -3.30677396e-02
   -7.31023099e-02 -3.78644418e-02 -1.28341273e-02 -9.88844593e-03
   -5.71245463e-02 -7.12604733e-02]]

 [[ 2.11137885e-07  2.65072188e-08  7.78687254e-07  6.30639469e-07
    2.28581313e-06  6.38373326e-07  6.50369504e-07  1.30814412e-07
    2.37994744e-07  4.42991813e-08]
  [ 2.32902905e-10  1.84120934e-08  1.42349400e-08  1.31724951e-08
    3.43161196e-08  8.31415695e-10  1.08150698e-09  1.32523502e-07
    3.55325182e-08  4.74370881e-09]
  [-2.61771408e-01 -3.79058852e-02 -2.20138529e-02 -5.86664375e-04
   -7.25422349e-02 -3.16686373e-02 -8.53290089e-02 -2.53342575e-02
   -1.96181368e-01 -1.49263711e-01]]

 [[ 2.40049762e-08  5.83455855e-06  7.38903447e-06  1.80854430e-06
    6.44483646e-07  1.72963485e-06  1.77006456e-06  2.64569616e-06
    8.35543473e-06  8.23824072e-08]
  [ 5.29391417e-08  5.68572431e-08  1.62031050e-10  2.51949709e-07
    8.07145710e-09  4.37149257e-08  1.11543418e-09  5.35904751e-08
    1.24582785e-07  6.80153627e-08]
  [-1.44555619e-01 -8.23156539e-02 -1.29264658e-01 -3.21497502e-02
   -6.12904144e-02 -1.10678227e-01 -1.16680460e-01 -8.91230053e-02
   -3.55886902e-02 -2.69150930e-01]]

 [[ 3.63630171e-06  9.09151635e-06  1.19565254e-06  1.05626935e-05
    6.82558730e-07  1.07729855e-06  4.17976187e-06  1.37564474e-05
    2.96515721e-06  6.96967054e-06]
  [ 3.11964869e-09  2.19028237e-08  5.59677749e-09  1.22525477e-08
    2.68189639e-08  2.08356636e-09  5.71750965e-07  5.63538114e-09
    1.03931766e-07  2.45524248e-08]
  [-3.67892773e-02 -8.82276258e-02 -3.54074901e-02 -1.22584133e-01
   -2.16279118e-02 -7.04805727e-02 -3.94798111e-02 -5.81859106e-02
   -6.54152103e-02 -1.14220141e-01]]

 [[ 9.42692291e-06  4.45020385e-06  2.32493867e-07  6.00034928e-07
    3.07589130e-06  5.04966717e-06  5.55482956e-06  6.92261010e-07
    2.71596636e-07  1.55076492e-06]
  [ 1.73907610e-08  9.81266166e-08  1.99861453e-08  5.18367381e-08
    1.58309551e-10  1.96709474e-08  2.96284313e-11  2.61823314e-08
    2.34572717e-09  6.60991080e-09]
  [-1.71132543e-01 -3.02471080e-02 -2.58249149e-01 -8.29502251e-02
   -3.01741396e-01 -4.72349066e-03 -2.96695537e-02 -3.58092256e-03
   -1.59413102e-02 -2.23083388e-01]]

 [[ 1.73682904e-05  3.40321349e-04  1.06347590e-05  3.77954778e-05
    5.52602019e-05  6.05510455e-05  3.20497167e-05  3.22294183e-05
    2.79520168e-05  1.61349264e-05]
  [ 2.54324034e-07  7.30404400e-08  3.21224999e-07  2.06386652e-06
    4.28699979e-07  3.13952606e-06  2.65361173e-07  7.51250805e-07
    7.85057968e-09  5.81985917e-07]
  [-1.22863616e-02 -4.71836495e-02 -6.74256020e-02 -4.17916365e-02
   -2.94562336e-02 -8.91387556e-02 -1.97113582e-02 -9.58165622e-02
   -9.05161635e-02 -1.67708807e-03]]

 [[ 1.31706417e-05  3.76954020e-05  2.66881552e-04  1.64071138e-05
    3.85587136e-05  1.60906073e-06  8.42828321e-05  1.10020204e-05
    1.18799025e-05  6.02942607e-06]
  [ 3.88724014e-07  2.43662356e-07  2.69085994e-07  1.51473213e-07
    3.95876873e-09  7.98710114e-07  3.23542353e-07  1.14039359e-07
    2.59598141e-07  8.86247526e-07]
  [-1.28243248e-02 -3.46180637e-02 -1.00938379e-01 -7.00193215e-03
   -2.86525158e-01 -1.55636899e-01 -1.04452108e-01 -6.08685537e-03
   -1.64053060e-03 -8.13699505e-02]]

 [[ 3.54801176e-05  7.25382222e-07  5.30580205e-07  2.26568165e-05
    7.35783609e-05  3.71731270e-05  2.28548380e-05  7.15867775e-05
    1.68596054e-05  3.47190723e-05]
  [ 1.80441436e-07  2.26246392e-08  6.45216573e-07  2.46865402e-07
    3.35816441e-07  6.55739609e-07  4.09226705e-07  8.39901197e-08
    4.72404547e-09  7.13206781e-07]
  [-5.16473414e-02 -9.41170589e-02 -2.10879249e-01 -6.80183338e-02
   -3.29481119e-02 -2.10451268e-03 -8.76487985e-03 -6.26908104e-02
   -8.43091100e-02 -1.88727691e-01]]

 [[ 4.29095349e-11  1.38390857e-09  5.20676288e-10  1.58314806e-11
    8.66527197e-10  7.59518728e-11  4.51884126e-11  2.30833506e-11
    2.73890461e-10  1.04034242e-10]
  [ 3.69594145e-13  4.89935232e-13  7.73577456e-12  1.23443079e-12
    2.20265853e-11  1.16365284e-12  6.87479428e-13  2.18295155e-12
    4.63966905e-12  7.20782780e-13]
  [-7.32876352e-03 -7.39949240e-04 -1.06630039e-01 -1.30298635e-03
    7.38165262e-03 -8.20740731e-04 -4.35700910e-05 -1.26851807e-03
   -4.06945985e-03 -7.89055510e-04]]

 [[ 1.73724205e-10  4.79609554e-10  2.09559452e-10  7.43855828e-11
    3.20693156e-11  3.75804445e-10  1.00428895e-10  1.89915037e-09
    1.03653026e-10  5.09334405e-11]
  [ 5.24942737e-15  3.14882502e-12  6.95041856e-13  9.28606891e-12
    4.42429904e-12  2.07006384e-13  1.99725651e-12  3.49405901e-13
    1.19199253e-11  1.68909574e-13]
  [-4.58985354e-04 -1.94611658e-04 -4.34508445e-04 -7.34217812e-03
   -1.41601297e-03 -1.88462652e-03  4.43108151e-01 -1.32165644e-04
   -4.55515695e-03 -5.20859250e-02]]

 [[ 4.43654071e-10  6.71918963e-11  1.92213126e-11  3.97914730e-11
    2.24604074e-10  7.29639741e-10  1.40657488e-10  8.10617837e-11
    1.17443403e-11  1.99015182e-10]
  [ 1.28408043e-12  1.01953326e-12  6.55141165e-13  3.37919919e-12
    6.06117291e-13  8.47386551e-13  1.98849376e-12  3.52975407e-15
    5.40726121e-13  1.18337272e-12]
  [-2.33953295e-02 -4.42655348e-02 -1.18891534e-03 -2.62945666e-02
    2.58159365e-01 -6.61743860e-04 -8.77605944e-04 -3.18973254e-04
    1.96205741e-01  6.94778649e-01]]

 [[ 2.62962141e-08  1.45285048e-08  7.97743711e-08  1.35802002e-08
    1.58446032e-08  5.30237153e-08  3.77561229e-09  8.91000121e-08
    3.35672117e-08  1.17753688e-07]
  [ 3.59690923e-09  8.05214302e-09  1.44327822e-08  4.23244958e-09
    2.13201179e-09  2.18689039e-09  4.06379705e-11  9.84553095e-11
    1.20027784e-09  1.19768718e-09]
  [-4.29595415e-02  5.71791145e-01 -3.55996402e-02 -2.13084031e-02
   -4.50515108e-03  1.95161142e-01 -5.32159461e-03 -8.60458720e-03
   -1.25571841e-01 -2.80362311e-02]]

 [[ 1.16163794e-07  1.48241518e-07  1.08918080e-07  1.00196926e-07
    5.64669801e-07  1.14616723e-07  5.35628913e-08  1.41109078e-07
    5.33333991e-08  2.89145627e-08]
  [ 7.47940305e-09  3.85971297e-11  1.48846827e-09  8.42857942e-10
    1.62129683e-10  7.12668340e-10  1.52193507e-10  1.34836723e-10
    9.08248115e-10  2.28322184e-11]
  [-8.22897216e-03 -4.45668183e-02 -1.76138005e-01 -1.68901484e-02
   -7.26442060e-02 -1.87565474e-01  7.07837899e-02 -6.80246459e-03
   -3.78328934e-02 -5.45843458e-03]]

 [[ 4.46272270e-09  2.03305832e-07  4.22223252e-08  2.65660645e-07
    1.17403678e-06  1.25951291e-07  5.01672062e-09  7.73766479e-08
    1.08107171e-08  7.04764444e-08]
  [ 1.59455275e-09  1.61251590e-09  4.42983669e-10  1.60110961e-09
    1.39698553e-09  4.59426023e-09  2.07259116e-09  1.16098718e-09
    6.78490010e-11  3.23910939e-09]
  [-8.46882898e-03 -2.05368826e-02 -7.28278194e-02 -7.19051037e-03
   -1.79253696e-02 -1.05741191e-02 -5.92143113e-02 -2.05548659e-02
   -2.04893192e-01  7.60262135e-01]]

 [[ 3.69838692e-07  6.30985131e-07  9.14222757e-07  1.48543534e-06
    6.86569957e-07  3.13665771e-06  4.86003310e-07  1.72312399e-06
    4.23649391e-07  1.52285143e-07]
  [ 6.80089721e-09  2.40824528e-09  2.44163063e-08  2.32934082e-09
    1.87017462e-08  5.86375808e-09  2.22369080e-08  9.57169239e-09
    4.10984971e-09  1.15414025e-08]
  [-2.09336353e-02 -5.40124436e-02 -6.00135456e-02 -2.56957952e-01
   -2.46932533e-02 -3.54288329e-03 -1.89188428e-02 -4.51026100e-02
   -1.55587099e-02 -5.62466713e-03]]

 [[ 1.69015285e-06  4.00194949e-07  4.80816752e-07  2.02786870e-06
    8.25916208e-08  1.44014651e-06  1.07533652e-07  1.03284633e-06
    2.84261910e-06  3.93208322e-08]
  [ 2.40822948e-08  1.88820503e-08  9.27005705e-10  3.15619501e-08
    1.09731424e-08  3.47019547e-10  1.87991670e-09  2.12478817e-09
    7.26101238e-09  1.83057000e-09]
  [-1.92912565e-02 -1.98275974e-03 -1.66498213e-01 -3.81966503e-02
   -2.99241034e-02 -1.20948334e-01 -2.12179330e-02 -4.30115781e-03
   -2.23853147e-01 -1.20536896e-02]]

 [[ 3.74216726e-08  1.47023665e-06  9.77388408e-08  2.47085339e-07
    4.16881156e-08  5.78078388e-08  3.25029432e-07  3.30378678e-07
    4.30032314e-07  8.10740304e-07]
  [ 5.69074262e-10  9.45411485e-10  6.23546159e-09  4.88725227e-10
    1.57400221e-10  1.03422464e-10  1.56331671e-09  3.25228201e-08
    2.43024711e-13  1.75672253e-08]
  [-3.58325468e-03 -1.12095042e-01 -2.07103183e-02 -3.49244087e-02
   -6.21404575e-03 -1.37521477e-01 -4.77132272e-03 -1.30283934e-02
   -5.35193093e-02 -1.06291700e-02]]

 [[ 5.19415964e-06  1.89729953e-07  1.27756748e-06  1.37037955e-06
    7.18260867e-07  1.09554332e-05  1.71361423e-06  3.43800553e-06
    1.14266163e-06  1.09041206e-06]
  [ 2.30735677e-08  4.41795073e-08  1.07769817e-07  3.46340811e-08
    6.56426094e-08  5.61689324e-10  1.81276244e-09  1.79092499e-09
    4.82607537e-09  6.12307572e-09]
  [-7.60990163e-03 -6.00326647e-04 -6.82495535e-02 -3.68190656e-02
   -5.49028622e-02 -4.42609342e-03 -9.94081624e-03 -6.80097722e-03
   -3.59725209e-02 -2.18288717e-01]]

 [[ 8.28817888e-08  4.49316166e-07  1.34196098e-06  3.46696458e-06
    7.98839301e-07  4.15736056e-06  1.08409548e-05  7.08706104e-06
    1.70987492e-07  2.49281670e-06]
  [ 2.33065485e-08  2.12615421e-09  2.01709047e-08  2.01931956e-08
    4.58680552e-10  1.49162957e-07  1.10614874e-08  3.46344529e-08
    7.07793554e-08  4.68859898e-09]
  [-8.37997603e-02 -2.83171575e-01 -6.47083877e-02 -1.41404086e-01
   -1.89485313e-03 -3.49410849e-02 -1.36587831e-02 -7.35094818e-02
   -2.55803829e-01 -3.69993397e-03]]

 [[ 7.89856075e-08  8.42082469e-07  3.24666816e-06  6.19945085e-07
    9.81494085e-08  2.60347160e-06  1.19887064e-05  1.59277224e-06
    1.81384748e-06  5.31901699e-07]
  [ 2.81961646e-09  4.31838452e-08  3.82966970e-08  5.83052000e-09
    3.00041232e-08  3.76218065e-08  3.73787292e-08  1.46011222e-08
    1.11210078e-08  3.28572219e-08]
  [-3.36255307e-02 -2.20727291e-02 -3.59710437e-03 -5.31214918e-02
   -8.31114501e-03 -7.34189060e-03 -1.31536549e-01 -3.94626268e-03
   -2.29832992e-01 -1.36784981e-01]]

 [[ 1.91533838e-05  1.40359174e-05  4.42580798e-06  1.50467688e-05
    1.22330956e-05  2.93020285e-06  3.36038278e-06  1.10143750e-05
    7.94002566e-06  7.35158890e-06]
  [ 6.35949449e-07  1.33486237e-08  2.51566211e-07  3.85982886e-08
    1.62012441e-07  7.03779050e-08  3.60588120e-08  6.93909427e-08
    2.06905789e-08  8.19785185e-08]
  [-1.36189677e-01 -1.12566654e-02 -5.05823543e-02 -3.37329126e-02
   -2.21748273e-02 -2.76168631e-02 -2.05831409e-01 -8.44857753e-02
   -1.10214336e-02 -3.12684457e-02]]

 [[ 1.53005826e-05  3.42906456e-05  6.29629206e-06  2.95618476e-05
    2.78894188e-07  1.71489662e-06  1.72778536e-06  4.58449779e-05
    3.06089536e-06  6.02790393e-06]
  [ 8.28395845e-09  4.57735412e-08  7.92660445e-10  3.02874603e-08
    7.19137394e-08  1.58581585e-07  1.08086366e-07  1.21215033e-07
    4.73378010e-08  7.80957552e-08]
  [-6.04493362e-02 -1.10376119e-01 -1.87229228e-01 -5.90026545e-02
   -2.12698520e-02 -1.24959084e-01 -8.57617166e-02 -2.35365562e-02
   -1.69214912e-01 -5.97634619e-02]]

 [[ 2.07015853e-07  4.42195442e-06  1.21158496e-05  1.42598084e-05
    6.04593043e-06  1.22212355e-06  2.79518486e-05  8.44482118e-07
    2.60793670e-06  1.87191034e-06]
  [ 3.89293181e-09  5.47252957e-08  9.95561611e-08  1.27997871e-08
    1.28383220e-08  2.06830207e-07  2.84330013e-07  1.00658228e-07
    1.49662317e-08  1.38762572e-08]
  [-1.22919319e-01 -3.06609483e-02 -1.22598520e-01 -1.09413440e-01
   -2.13241369e-01 -5.71863598e-02 -2.91908394e-02 -5.40894053e-02
   -7.74340579e-03 -9.93196105e-02]]

 [[ 4.06275884e-05  4.05814766e-05  1.37733069e-05  1.80955722e-05
    2.20562267e-05  3.91311028e-05  9.53791933e-05  1.55368492e-04
    8.26098811e-05  3.04081756e-05]
  [ 1.58635846e-07  2.09823748e-06  2.28422258e-06  6.61357347e-07
    5.59737661e-07  7.52863902e-07  1.42122361e-06  3.72939139e-07
    4.58510674e-06  8.69308134e-07]
  [-5.54484347e-02 -5.29920172e-02 -2.08408619e-02 -8.88192265e-02
   -1.37441548e-01 -2.91973673e-02 -8.60851528e-02 -2.01403162e-01
   -5.91714732e-02 -5.52369639e-02]]

 [[ 1.39665321e-05  2.07342455e-04  1.97167709e-04  6.13063537e-06
    6.43717529e-05  1.84922154e-04  7.51559703e-06  5.43283752e-05
    3.30548318e-05  1.68122720e-05]
  [ 3.76497274e-08  2.24559051e-06  3.21663691e-06  1.62508704e-09
    7.28692376e-07  6.27375835e-09  2.83049242e-06  1.42429217e-09
    7.59459655e-08  1.91058919e-07]
  [-1.34845378e-02 -1.02304388e-02 -4.92016507e-03 -3.17669462e-01
   -5.45194721e-02 -1.34605517e-01 -3.80480125e-02 -2.75926704e-01
   -1.73623992e-02 -5.53849228e-05]]

 [[ 1.84161242e-04  9.88008334e-08  5.19570895e-05  6.89480088e-06
    7.23734119e-05  4.10666906e-05  7.75152576e-06  1.27889064e-05
    2.13741687e-05  8.06048736e-06]
  [ 3.44441713e-08  2.02906291e-07  5.37853092e-07  5.16110245e-07
    8.36535776e-08  3.88916669e-08  1.14780754e-06  8.71043946e-07
    2.31018839e-09  2.52583558e-06]
  [-1.98310962e-01 -6.08491929e-02 -3.86583858e-01 -1.05371893e-01
   -5.87880498e-02 -3.45437769e-01 -9.61623128e-02 -4.70251379e-02
   -2.20766071e-02 -2.99644241e-03]]

 [[ 8.57015589e-10  1.12006755e-10  2.03592364e-10  3.45409039e-11
    1.71185156e-10  1.09462376e-10  4.12457663e-10  3.73433017e-10
    7.78247077e-11  3.15083931e-11]
  [ 1.50965288e-12  3.12044896e-12  5.82182319e-12  7.32358435e-12
    4.67739525e-12  2.74471115e-14  5.68286024e-12  1.25317683e-11
    2.35178231e-12  1.69315648e-12]
  [-2.50173609e-04 -7.42848393e-04 -3.02354753e-02 -1.09819873e-03
   -1.26957310e-03 -3.91857017e-03 -3.76852927e-04 -1.00463166e-03
   -7.92443901e-04 -3.19033413e-05]]

 [[ 8.11421719e-11  9.49939121e-11  4.01274639e-10  1.21986131e-12
    8.71640651e-10  5.61821644e-10  6.57560425e-12  1.31895015e-10
    7.08288951e-11  2.97922323e-10]
  [ 4.73409747e-13  8.20327072e-12  1.21060548e-12  8.90969722e-12
    1.01360388e-11  2.75013366e-12  5.00313430e-13  6.80372120e-13
    2.21548489e-12  8.96845904e-12]
  [-6.02685345e-04 -2.31733002e-03 -1.05881848e-01 -9.66844803e-02
   -2.06225812e-03 -7.15210917e-02 -1.51113358e-03 -2.29050610e-01
   -8.03764176e-04 -5.90862711e-02]]]