[[[ 1.51336131e-11  4.65392071e-11  3.35470079e-12  6.17064650e-12
    4.00561842e-11  1.48605573e-12  5.45900861e-12  1.12681186e-11
    1.91114326e-09  4.15939639e-01]
  [ 3.00000000e+00  3.00000000e+00  3.00000000e+00  3.00000000e+00
    3.00000000e+00  3.00000000e+00  3.00000000e+00  3.00000000e+00
    3.00000000e+00  3.00000000e+00]
  [-2.75193356e+00 -1.04029047e+01 -1.04028249e+01 -1.04028015e+01
   -1.04028106e+01 -1.04028286e+01 -1.04028691e+01 -2.76589733e+00
   -2.75193356e+00 -1.04028447e+01]]

 [[ 9.83632449e-12  9.44584307e-12  3.34844056e-13  8.89874779e-12
    7.25944206e-12  6.76417730e-13  9.68574962e-13  1.67350961e-11
    2.24585912e-11  9.32995775e+00]
  [ 3.00000000e+00  3.00000000e+00  3.00000000e+00  3.00000000e+00
    3.00000000e+00  3.00000000e+00  3.00000000e+00  3.00000000e+00
    3.00000000e+00  3.00000000e+00]
  [-1.04028784e+01 -5.12882280e+00 -1.04028120e+01 -2.75193356e+00
   -5.12882280e+00 -1.04028279e+01 -2.76589733e+00 -3.72430035e+00
   -1.04028036e+01 -1.04028750e+01]]

 [[ 9.97477919e-11  1.10392644e-11  1.12415257e-11  1.53988070e-11
    7.78388054e-12  1.82279268e-11  1.39486811e-12  3.13945659e-10
    4.51761459e-11  2.35575808e-11]
  [ 3.00000000e+00  3.00000000e+00  3.00000000e+00  3.00000000e+00
    3.00000000e+00  3.00000000e+00  3.00000000e+00  3.00000000e+00
    3.00000000e+00  3.00000000e+00]
  [-2.75193356e+00 -1.04028269e+01 -5.12882280e+00 -3.72430035e+00
   -3.72430035e+00 -5.12882280e+00 -2.76589733e+00 -2.76589733e+00
   -2.76589733e+00 -2.76589733e+00]]

 [[ 5.55366407e-09  4.75440112e-09  9.62911413e-11  7.63642366e-10
    4.97347057e-11  2.73453242e-09  4.45914460e-09  3.09305555e-10
    1.72766414e-09  6.88500032e-09]
  [ 3.00000006e+00  3.00000010e+00  3.00000000e+00  3.00000000e+00
    3.00000009e+00  3.00000001e+00  3.00000001e+00  3.00000001e+00
    3.00000003e+00  3.00000001e+00]
  [-2.75193356e+00 -2.76589733e+00 -2.76589733e+00 -1.04028849e+01
   -1.04029193e+01 -3.72430034e+00 -1.04029184e+01 -2.75193356e+00
   -1.04028983e+01 -3.72430034e+00]]

 [[ 2.47253539e-11  5.10299382e-10  1.14528562e-09  7.74189869e-10
    1.67710415e-09  3.96665860e-10  6.91830804e-09  4.10964807e-11
    4.17101931e-10  6.65533646e-12]
  [ 3.00000000e+00  3.00000000e+00  3.00000001e+00  3.00000002e+00
    3.00000009e+00  3.00000003e+00  3.00000002e+00  3.00000000e+00
    3.00000000e+00  3.00000002e+00]
  [-2.76589733e+00 -3.72430035e+00 -1.04029376e+01 -3.72430035e+00
   -2.76589732e+00 -2.76589733e+00 -3.72430034e+00 -1.04028338e+01
   -5.12882280e+00 -1.04028509e+01]]

 [[ 7.91800563e-11  9.82072872e-12  2.97967258e-09  3.61486461e-09
    2.05793962e-09  3.17406626e-09  4.55099282e-10  2.46889164e-10
    2.76978632e-09  1.04204061e-09]
  [ 3.00000000e+00  3.00000000e+00  3.00000009e+00  3.00000007e+00
    3.00000012e+00  3.00000000e+00  3.00000002e+00  3.00000002e+00
    3.00000000e+00  3.00000000e+00]
  [-1.04028592e+01 -1.04028742e+01 -2.76589733e+00 -2.75193356e+00
   -1.04029053e+01 -1.04028474e+01 -1.04029044e+01 -2.75193356e+00
   -3.72430034e+00 -5.08767183e+00]]

 [[ 4.27641945e-11  2.36856113e-08  1.09695162e-08  2.55164040e-09
    7.73036610e-09  5.57067680e-10  5.62887338e-09  3.62803137e-09
    9.66386665e-09  3.46537561e-09]
  [ 3.00000001e+00  3.00000007e+00  3.00000000e+00  3.00000004e+00
    3.00000006e+00  3.00000070e+00  3.00000000e+00  3.00000000e+00
    3.00000004e+00  3.00000000e+00]
  [-1.04029145e+01 -2.75193355e+00 -3.72430033e+00 -2.76589732e+00
   -1.04029333e+01 -1.04028725e+01 -5.08767177e+00 -1.04028060e+01
   -3.72430035e+00 -5.08767182e+00]]

 [[ 2.10986714e-08  8.21534579e-09  4.94551625e-09  4.32814185e-09
    2.06067941e-08  3.03630515e-08  5.99889904e-09  1.37426401e-09
    2.58753418e-09  8.80592253e-09]
  [ 3.00000002e+00  3.00000005e+00  3.00000015e+00  3.00000001e+00
    3.00000001e+00  3.00000007e+00  3.00000001e+00  3.00000000e+00
    3.00000015e+00  3.00000011e+00]
  [-2.75193355e+00 -1.04028346e+01 -3.72430035e+00 -3.72430034e+00
   -1.04029296e+01 -1.04028847e+01 -1.04029124e+01 -2.75193356e+00
   -1.04029128e+01 -2.75193356e+00]]

 [[ 7.93133426e-10  8.05574101e-08  3.52832856e-09  3.87987506e-09
    5.26894604e-08  3.61859366e-09  1.13826055e-08  7.71149361e-09
    1.49306440e-08  3.91483848e-12]
  [ 3.00000052e+00  3.00000000e+00  3.00000000e+00  3.00000000e+00
    3.00000022e+00  3.00000012e+00  3.00000034e+00  3.00000000e+00
    3.00000000e+00  3.00000000e+00]
  [-2.76589733e+00 -2.76589733e+00 -5.08767182e+00 -2.75193356e+00
   -1.04029249e+01 -2.75193356e+00 -3.72430030e+00 -1.04029298e+01
   -2.75193356e+00 -1.04029399e+01]]

 [[ 3.78143190e-08  1.67261098e-10  9.41565119e-09  1.86988649e-08
    1.76903813e-08  6.71306616e-08  2.21013783e-08  2.31473664e-07
    1.34650276e-07  7.78453680e-09]
  [ 3.00000002e+00  3.00000042e+00  3.00000006e+00  3.00000040e+00
    3.00000043e+00  3.00000001e+00  3.00000023e+00  3.00000223e+00
    3.00000036e+00  3.00000047e+00]
  [-5.12882280e+00 -1.04029355e+01 -2.75193355e+00 -5.12882257e+00
   -2.76589719e+00 -1.04028845e+01 -1.04029373e+01 -2.76589731e+00
   -3.72430030e+00 -1.04028073e+01]]

 [[ 7.03109395e-09  3.55697711e-08  1.19044165e-10  2.87485163e-09
    2.49597365e-08  7.32092757e-08  1.16988068e-08  2.08708896e-10
    1.21719293e-09  2.23469775e-08]
  [ 3.00000002e+00  3.00000011e+00  3.00000058e+00  3.00000020e+00
    3.00000035e+00  3.00000014e+00  3.00000072e+00  3.00000000e+00
    3.00000005e+00  3.00000000e+00]
  [-1.04028364e+01 -1.04028190e+01 -2.76589733e+00 -2.75193356e+00
   -2.76589723e+00 -3.72430033e+00 -1.04029215e+01 -1.04028202e+01
   -1.04028153e+01 -1.04028380e+01]]

 [[ 1.29594760e-08  8.86121819e-08  2.01426035e-08  2.81051789e-09
    1.46245138e-10  1.36100478e-08  3.40855025e-09  3.22695156e-08
    7.89957412e-09  4.62354673e-08]
  [ 3.00000047e+00  3.00000004e+00  3.00000038e+00  3.00000036e+00
    3.00000035e+00  3.00000033e+00  3.00000000e+00  3.00000000e+00
    3.00000007e+00  3.00000002e+00]
  [-2.76589732e+00 -3.72430033e+00 -1.04029230e+01 -5.12882279e+00
   -2.76589733e+00 -3.72430034e+00 -2.75193352e+00 -3.72430033e+00
   -2.75193356e+00 -1.04028784e+01]]

 [[ 2.52490878e-09  5.39186525e-07  1.23242872e-06  9.74638597e-08
    4.89034301e-08  1.01651768e-07  8.82041901e-10  1.85425917e-08
    1.21822074e-07  4.81088504e-09]
  [ 3.00000001e+00  3.00000058e+00  3.00000093e+00  3.00000142e+00
    3.00000523e+00  3.00000016e+00  3.00000111e+00  3.00000451e+00
    3.00000081e+00  3.00000242e+00]
  [-2.76589732e+00 -2.76589730e+00 -5.12881628e+00 -2.75193350e+00
   -2.76589733e+00 -1.04029026e+01 -2.75193355e+00 -3.72430034e+00
   -1.04028071e+01 -3.72430024e+00]]

 [[ 8.48037079e-08  1.82373019e-08  1.59301872e-08  5.67123198e-08
    5.11928740e-07  3.86046508e-08  3.02846259e-07  1.12140045e-07
    6.88966414e-10  1.27818341e-07]
  [ 3.00000000e+00  3.00000270e+00  3.00000104e+00  3.00000924e+00
    3.00000023e+00  3.00000395e+00  3.00000014e+00  3.00000163e+00
    3.00000000e+00  3.00000006e+00]
  [-1.83759297e+00 -2.76589733e+00 -1.04029347e+01 -5.08767182e+00
   -2.76589732e+00 -1.83759297e+00 -2.75193346e+00 -1.04029353e+01
   -1.04029209e+01 -2.76589733e+00]]

 [[ 1.36263437e-08  4.03290474e-07  2.36066117e-08  6.81315087e-08
    4.65457616e-07  8.42845758e-09  2.00661724e-07  6.48829694e-07
    3.89542362e-08  2.15361821e-08]
  [ 3.00000261e+00  3.00000071e+00  3.00000000e+00  3.00001461e+00
    3.00000295e+00  3.00000009e+00  3.00000013e+00  3.00000022e+00
    3.00000150e+00  3.00000349e+00]
  [-5.08767181e+00 -1.04028403e+01 -5.12882259e+00 -1.04028039e+01
   -5.12882279e+00 -1.04028809e+01 -1.04028988e+01 -3.72430027e+00
   -2.76589733e+00 -2.75193356e+00]]

 [[ 2.54019828e-07  4.98222785e-07  1.09423438e-06  4.12775422e-06
    4.21046130e-07  4.74500561e-07  6.30852775e-06  5.65633485e-07
    6.03122950e-08  1.16612379e-07]
  [ 3.00000317e+00  3.00000000e+00  3.00000824e+00  3.00000048e+00
    3.00000196e+00  3.00000079e+00  3.00008888e+00  3.00000035e+00
    3.00001033e+00  3.00000048e+00]
  [-3.72429984e+00 -1.04029340e+01 -1.04028045e+01 -2.76588829e+00
   -2.76589731e+00 -3.72430014e+00 -2.76589693e+00 -1.04028894e+01
   -1.04028690e+01 -1.04028149e+01]]

 [[ 7.77316555e-07  1.26271035e-07  1.97966659e-07  6.17783112e-07
    2.72817666e-07  9.46327378e-07  2.43686527e-07  8.52098263e-07
    1.00171398e-06  1.98006261e-06]
  [ 3.00000317e+00  3.00000007e+00  3.00002015e+00  3.00000017e+00
    3.00000376e+00  3.00000436e+00  3.00000034e+00  3.00000001e+00
    3.00000004e+00  3.00000337e+00]
  [-1.04029284e+01 -1.04028404e+01 -2.76589436e+00 -2.76589729e+00
   -1.04029294e+01 -2.76589729e+00 -3.72430032e+00 -1.04028167e+01
   -2.76589732e+00 -5.12882263e+00]]

 [[ 7.82317411e-10  8.59962571e-08  7.86838639e-08  9.58836931e-09
    1.61278449e-09  2.80936133e-08  1.62094383e-07  4.00632723e-07
    7.89393119e-08  9.56552136e-08]
  [ 3.00000062e+00  3.00000131e+00  3.00000159e+00  3.00000171e+00
    3.00001116e+00  3.00000131e+00  3.00000523e+00  3.00001937e+00
    3.00007541e+00  3.00000018e+00]
  [-2.75193279e+00 -5.12882278e+00 -2.76589728e+00 -5.12882262e+00
   -1.04028533e+01 -1.04028675e+01 -2.76589717e+00 -1.04028950e+01
   -1.04029153e+01 -2.76589650e+00]]

 [[ 9.04255452e-11  2.50245633e-13  8.35507712e-11  2.12249298e-11
    1.10564196e-11  2.87483930e-12  1.49749513e-12  5.37068279e-10
    7.87206156e-12  1.24963353e-12]
  [ 3.00000000e+00  3.00000000e+00  3.00000000e+00  3.00000000e+00
    3.00000000e+00  3.00000000e+00  3.00000000e+00  3.00000000e+00
    3.00000000e+00  3.00000000e+00]
  [-1.04028396e+01 -1.04028048e+01 -1.04028383e+01 -2.76589733e+00
   -2.76589733e+00 -1.04028010e+01 -2.76589733e+00 -2.76589733e+00
   -2.75193356e+00 -5.08767183e+00]]

 [[ 2.00101609e-12  2.60644188e-11  4.17654221e-12  1.66414802e-11
    9.87960134e-11  7.74105093e-12  5.65609657e-12  2.66657138e-13
    4.34604956e-13  8.59215356e-13]
  [ 3.00000000e+00  3.00000000e+00  3.00000000e+00  3.00000000e+00
    3.00000000e+00  3.00000000e+00  3.00000000e+00  3.00000000e+00
    3.00000000e+00  3.00000000e+00]
  [-2.75193356e+00 -2.75193356e+00 -1.04028002e+01 -1.04028298e+01
   -1.04028300e+01 -5.12882280e+00 -1.04028038e+01 -1.04028046e+01
   -2.75193356e+00 -2.75193356e+00]]

 [[ 1.90940905e-11  1.36766389e-12  2.39931472e-12  9.59901297e-14
    4.10348652e-12  2.72816090e-12  6.92850678e-12  2.99989960e-13
    3.48052097e-12  1.46139428e-12]
  [ 3.00000000e+00  3.00000000e+00  3.00000000e+00  3.00000000e+00
    3.00000000e+00  3.00000000e+00  3.00000000e+00  3.00000000e+00
    3.00000000e+00  3.00000000e+00]
  [-1.04028815e+01 -1.04028909e+01 -1.04028174e+01 -3.72430035e+00
   -1.04028392e+01 -1.04028119e+01 -1.04028209e+01 -1.04028246e+01
   -2.76589733e+00 -2.75193356e+00]]

 [[ 8.51982762e-10  5.32743226e-09  6.71048074e-11  1.86814285e-09
    2.79353362e-09  4.66292892e-09  1.47180997e-08  1.73160637e-08
    2.37721543e-08  9.22080550e-10]
  [ 3.00000000e+00  3.00000000e+00  3.00000001e+00  3.00000000e+00
    3.00000001e+00  3.00000000e+00  3.00000000e+00  3.00000007e+00
    3.00000001e+00  3.00000002e+00]
  [-5.12882280e+00 -1.04028162e+01 -1.04029235e+01 -5.12882279e+00
   -3.72430034e+00 -1.04028778e+01 -3.72430035e+00 -2.76589733e+00
   -1.04028019e+01 -1.04028341e+01]]

 [[ 2.34029469e-09  2.53405612e-09  3.06647822e-09  1.30519710e-10
    6.14381312e-09  1.27200229e-10  1.18772661e-09  1.22232259e-09
    8.97143756e-09  2.90437762e-10]
  [ 3.00000000e+00  3.00000000e+00  3.00000002e+00  3.00000001e+00
    3.00000006e+00  3.00000000e+00  3.00000000e+00  3.00000002e+00
    3.00000000e+00  3.00000004e+00]
  [-5.12882279e+00 -5.08767183e+00 -1.04028922e+01 -1.04028622e+01
   -1.04028309e+01 -1.04028797e+01 -1.04028710e+01 -1.04028006e+01
   -1.04028046e+01 -2.76589733e+00]]

 [[ 3.00911962e-09  3.59608905e-10  2.10872584e-09  4.37267500e-10
    1.05815754e-09  5.66479507e-10  1.16131734e-09  6.05772141e-11
    2.21971506e-09  6.54313519e-10]
  [ 3.00000000e+00  3.00000001e+00  3.00000000e+00  3.00000000e+00
    3.00000000e+00  3.00000000e+00  3.00000000e+00  3.00000000e+00
    3.00000000e+00  3.00000000e+00]
  [-1.04028009e+01 -1.04028061e+01 -3.72430035e+00 -1.04028003e+01
   -2.75193356e+00 -1.04029133e+01 -3.72430035e+00 -1.04028860e+01
   -1.04028025e+01 -1.04028387e+01]]

 [[ 2.53381655e-09  1.05497127e-09  3.55050503e-10  3.41784769e-09
    3.34117574e-09  3.35096292e-09  1.80028863e-09  4.38798044e-09
    3.81214166e-08  1.39587383e-08]
  [ 3.00000000e+00  3.00000000e+00  3.00000014e+00  3.00000001e+00
    3.00000005e+00  3.00000002e+00  3.00000035e+00  3.00000000e+00
    3.00000000e+00  3.00000001e+00]
  [-2.76589733e+00 -1.04028258e+01 -1.04028315e+01 -3.72430035e+00
   -1.04028384e+01 -1.04028476e+01 -1.04028428e+01 -2.76589733e+00
   -1.04028906e+01 -5.12882278e+00]]

 [[ 1.10221618e-08  3.13757395e-09  1.14336127e-08  1.99308188e-10
    4.48921173e-08  5.40972952e-09  1.02960365e-08  1.67993014e-08
    4.70530517e-09  3.04645497e-09]
  [ 3.00000002e+00  3.00000000e+00  3.00000002e+00  3.00000000e+00
    3.00000000e+00  3.00000007e+00  3.00000005e+00  3.00000012e+00
    3.00000002e+00  3.00000000e+00]
  [-2.75193356e+00 -1.04028094e+01 -2.75193356e+00 -1.04028931e+01
   -3.72430034e+00 -1.04029198e+01 -1.04028136e+01 -1.04028891e+01
   -2.76589733e+00 -1.04029229e+01]]

 [[ 9.03840889e-08  3.16753466e-09  6.21855745e-11  6.20004146e-09
    3.70662159e-12  2.77438082e-09  4.14289637e-08  1.19253716e-08
    4.47354697e-09  3.90852748e-09]
  [ 3.00000000e+00  3.00000000e+00  3.00000000e+00  3.00000001e+00
    3.00000013e+00  3.00000037e+00  3.00000001e+00  3.00000000e+00
    3.00000000e+00  3.00000000e+00]
  [-1.04029064e+01 -2.76589733e+00 -2.75193356e+00 -1.04028682e+01
   -1.04028902e+01 -5.12882280e+00 -1.04028775e+01 -2.76589733e+00
   -1.04029154e+01 -1.04028781e+01]]

 [[ 1.57313455e-08  8.86716559e-10  8.04161054e-08  2.09563703e-08
    1.69206079e-08  6.52010594e-11  2.86140935e-08  1.39560920e-07
    1.11797306e-07  2.58336819e-07]
  [ 3.00000003e+00  3.00000000e+00  3.00000000e+00  3.00000000e+00
    3.00000023e+00  3.00000121e+00  3.00000000e+00  3.00000036e+00
    3.00000003e+00  3.00000000e+00]
  [-1.04029141e+01 -1.04029179e+01 -2.75193356e+00 -3.72430034e+00
   -1.04028722e+01 -3.72430034e+00 -1.04029352e+01 -1.04028378e+01
   -1.04028289e+01 -1.04028758e+01]]

 [[ 4.10638588e-07  1.11790890e-07  7.78158733e-09  3.99710350e-09
    1.08754103e-08  1.23227153e-08  1.66734282e-07  2.81306092e-08
    1.90316501e-08  7.39814965e-08]
  [ 3.00000000e+00  3.00000000e+00  3.00000000e+00  3.00000000e+00
    3.00000000e+00  3.00000093e+00  3.00000000e+00  3.00000000e+00
    3.00000005e+00  3.00000065e+00]
  [-2.76589733e+00 -2.75193356e+00 -3.72430035e+00 -1.04028317e+01
   -3.72430028e+00 -1.04028534e+01 -3.72430034e+00 -1.83759295e+00
   -1.04028108e+01 -1.04028012e+01]]

 [[ 4.63848213e-09  1.44541105e-08  7.92003657e-09  4.50222653e-09
    4.82727574e-09  1.08053577e-08  1.04464901e-07  2.44515331e-08
    8.20266169e-09  1.80897883e-08]
  [ 3.00000024e+00  3.00000000e+00  3.00000001e+00  3.00000145e+00
    3.00000000e+00  3.00000000e+00  3.00000032e+00  3.00000033e+00
    3.00000000e+00  3.00000000e+00]
  [-3.72430034e+00 -2.75193356e+00 -2.75193356e+00 -2.76589733e+00
   -2.76589732e+00 -2.76589733e+00 -1.04028275e+01 -1.04028412e+01
   -2.76589732e+00 -1.04029043e+01]]

 [[ 1.16350090e-07  8.87692534e-08  9.36550268e-07  8.81717336e-08
    8.05770146e-08  2.04270178e-09  1.65451434e-08  1.20100369e-06
    2.29612499e-08  2.04282851e-07]
  [ 3.00000000e+00  3.00000130e+00  3.00000000e+00  3.00000000e+00
    3.00000261e+00  3.00000004e+00  3.00000000e+00  3.00000000e+00
    3.00000000e+00  3.00000316e+00]
  [-1.04028304e+01 -1.04029252e+01 -1.04029387e+01 -1.04028060e+01
   -1.04028878e+01 -2.75193351e+00 -1.04029094e+01 -2.75193356e+00
   -2.75193346e+00 -1.04029036e+01]]

 [[ 8.08365641e-07  2.81295367e-07  4.15937383e-11  2.26097025e-08
    4.37715058e-08  3.12357396e-08  1.72742523e-08  2.69379296e-08
    1.40240376e-07  1.36234012e-07]
  [ 3.00000037e+00  3.00000000e+00  3.00000005e+00  3.00000000e+00
    3.00000000e+00  3.00000003e+00  3.00000002e+00  3.00000031e+00
    3.00000498e+00  3.00000000e+00]
  [-5.08767178e+00 -2.76589733e+00 -1.04029283e+01 -1.04029090e+01
   -1.04028869e+01 -1.04028640e+01 -1.04029061e+01 -1.04028170e+01
   -1.04029141e+01 -2.76589733e+00]]

 [[ 4.88413709e-08  8.55447535e-07  5.74015258e-10  1.60559463e-07
    5.89797646e-08  1.90992215e-07  1.37221554e-07  7.41406805e-10
    4.21678480e-08  1.56797308e-07]
  [ 3.00000431e+00  3.00000083e+00  3.00000001e+00  3.00000059e+00
    3.00000040e+00  3.00000000e+00  3.00000064e+00  3.00000072e+00
    3.00000000e+00  3.00000000e+00]
  [-2.76589713e+00 -1.04028895e+01 -1.04029349e+01 -3.72430032e+00
   -1.04028754e+01 -3.72430034e+00 -1.04028164e+01 -1.04028548e+01
   -2.75193355e+00 -3.72430030e+00]]

 [[ 5.09126476e-06  5.49358095e-07  3.00514399e-06  1.40037285e-06
    4.02655666e-09  3.29457336e-07  7.74046158e-07  2.58604193e-06
    2.31181483e-07  7.89207253e-07]
  [ 3.00000112e+00  3.00000002e+00  3.00000071e+00  3.00000000e+00
    3.00002759e+00  3.00000000e+00  3.00000002e+00  3.00000000e+00
    3.00000000e+00  3.00000228e+00]
  [-2.75193356e+00 -1.04028828e+01 -1.04029217e+01 -2.76589122e+00
   -2.75193344e+00 -1.04028649e+01 -1.04029061e+01 -2.76589687e+00
   -2.75193353e+00 -2.75193356e+00]]

 [[ 2.65868129e-07  1.64417306e-07  3.52121698e-07  1.20982232e-06
    1.36172000e-06  3.88159492e-07  3.89467543e-06  1.82506701e-08
    1.26810268e-06  2.34001913e-06]
  [ 3.00000000e+00  3.00000000e+00  3.00000078e+00  3.00000000e+00
    3.00000176e+00  3.00000000e+00  3.00000032e+00  3.00000000e+00
    3.00000000e+00  3.00000018e+00]
  [-1.04029304e+01 -1.04028788e+01 -1.04028399e+01 -1.04029331e+01
   -5.12882144e+00 -1.04028861e+01 -2.76589729e+00 -1.04028187e+01
   -3.72429967e+00 -1.04028251e+01]]

 [[ 1.48180635e-06  1.67677373e-06  4.61841931e-06  3.41407019e-06
    1.50583047e-07  7.98562976e-07  3.24524254e-07  1.27772824e-06
    3.94636069e-08  3.48769604e-08]
  [ 3.00000000e+00  3.00000000e+00  3.00001454e+00  3.00000004e+00
    3.00000018e+00  3.00000082e+00  3.00000000e+00  3.00000000e+00
    3.00000000e+00  3.00000000e+00]
  [-5.12882273e+00 -3.72429753e+00 -2.76589726e+00 -3.72430035e+00
   -2.76589546e+00 -2.75193356e+00 -3.72430010e+00 -1.04028468e+01
   -1.04028988e+01 -2.75193330e+00]]

 [[ 1.89517958e-12  1.25803920e-12  9.76129176e-13  1.10802689e-11
    5.21187410e-13  2.88060446e-11  1.57023440e-13  5.29445187e-11
    2.93407627e-12  3.04671141e-12]
  [ 3.00000000e+00  3.00000000e+00  3.00000000e+00  3.00000000e+00
    3.00000000e+00  3.00000000e+00  3.00000000e+00  3.00000000e+00
    3.00000000e+00  3.00000000e+00]
  [-1.04028660e+01 -5.08767183e+00 -1.04028414e+01 -1.04028542e+01
   -1.04028293e+01 -3.72430035e+00 -1.83759297e+00 -1.04028789e+01
   -1.04029194e+01 -1.04028771e+01]]

 [[ 5.90511619e-13  3.69843092e-12  3.19901150e-12  7.14273910e-12
    1.72749316e-12  2.57876967e-12  1.10083889e-11  2.90361377e-12
    1.90732488e-12  6.34585917e-13]
  [ 3.00000000e+00  3.00000000e+00  3.00000000e+00  3.00000000e+00
    3.00000000e+00  3.00000000e+00  3.00000000e+00  3.00000000e+00
    3.00000000e+00  3.00000000e+00]
  [-5.12882280e+00 -2.76589733e+00 -1.04028168e+01 -1.04028050e+01
   -1.04028903e+01 -2.75193356e+00 -1.04028896e+01 -2.75193356e+00
   -1.04028031e+01 -1.04028013e+01]]

 [[ 9.53686089e-12  8.00233688e-14  4.21679470e-12  2.40541905e-12
    4.01257681e-13  5.46143136e-13  7.23170834e-13  4.14560727e-12
    1.86193907e-12  1.29661974e-11]
  [ 3.00000000e+00  3.00000000e+01  3.00000000e+00  3.00000000e+00
    3.00000000e+00  3.00000000e+00  3.00000000e+01  3.00000000e+00
    3.00000000e+00  3.00000000e+00]
  [-2.76589733e+00 -5.12882280e+00 -1.04028608e+01 -5.08767183e+00
   -3.72430035e+00 -1.04028579e+01 -5.12882280e+00 -1.04028405e+01
   -3.72430035e+00 -2.75193356e+00]]

 [[ 3.46937201e-10  1.38695233e-09  2.77601619e-09  3.45379798e-12
    7.81962595e-11  5.36384810e-10  1.05941001e-09  3.31025775e-11
    4.06291396e-10  5.87993108e-10]
  [ 3.00000001e+00  3.00000002e+00  3.00000000e+00  3.00000000e+00
    3.00000001e+00  3.00000000e+00  3.00000000e+00  3.00000001e+00
    3.00000002e+00  3.00000008e+00]
  [-3.72430035e+00 -1.04028740e+01 -1.04028389e+01 -1.04028604e+01
   -3.72430035e+00 -1.04028087e+01 -3.72430035e+00 -3.72430032e+00
   -1.04028050e+01 -1.04028233e+01]]

 [[ 3.33912619e-11  1.27268222e-10  8.58022525e-13  1.26632294e-11
    2.71613549e-12  5.37927211e-09  4.80593128e-09  1.02425254e-11
    1.23846281e-09  5.12216245e-09]
  [ 3.00000001e+00  3.00000003e+00  3.00000000e+00  3.00000001e+00
    3.00000000e+00  3.00000000e+00  3.00000000e+00  3.00000000e+00
    3.00000000e+00  3.00000002e+00]
  [-1.04028135e+01 -1.04028999e+01 -2.75193356e+00 -3.72430035e+00
   -2.75193356e+00 -1.04028068e+01 -1.04028929e+01 -1.04028108e+01
   -1.04028988e+01 -5.08767182e+00]]

 [[ 1.21278775e-10  1.84209110e-10  2.74295613e-11  1.84641779e-11
    1.98214410e-10  8.19223784e-12  5.30265825e-11  7.45738303e-10
    3.29006356e-10  5.87417085e-10]
  [ 3.00000002e+00  3.00000000e+00  3.00000000e+00  3.00000006e+00
    3.00000000e+00  3.00000000e+00  3.00000000e+00  3.00000000e+00
    3.00000001e+00  3.00000000e+00]
  [-1.04029328e+01 -1.04028498e+01 -1.04028496e+01 -2.75193356e+00
   -5.12882279e+00 -3.72430035e+00 -1.04029380e+01 -1.04028664e+01
   -2.75193356e+00 -1.04029361e+01]]

 [[ 6.77076089e-09  3.05847360e-09  2.26894145e-09  6.87393757e-10
    5.44896927e-09  1.91911012e-11  5.16235687e-09  4.25209626e-10
    1.02083990e-08  6.61528246e-10]
  [ 3.00000002e+00  3.00000001e+00  3.00000000e+00  3.00000000e+00
    3.00000016e+00  3.00000001e+00  3.00000000e+00  3.00000003e+00
    3.00000002e+00  3.00000000e+00]
  [-1.04028079e+01 -1.04029361e+01 -1.04028785e+01 -2.76589733e+00
   -3.72430034e+00 -1.04029398e+01 -1.04028040e+01 -1.04029392e+01
   -3.72430033e+00 -1.04028172e+01]]

 [[ 6.44151091e-09  9.27311042e-09  3.66676128e-10  7.76444773e-10
    1.14734227e-10  6.58265166e-09  6.49263072e-10  2.86040690e-08
    1.39251210e-09  4.47411727e-10]
  [ 3.00000000e+00  3.00000007e+00  3.00000000e+00  3.00000002e+00
    3.00000007e+00  3.00000005e+00  3.00000001e+00  3.00000002e+00
    3.00000003e+00  3.00000001e+00]
  [-2.75193356e+00 -1.04029234e+01 -2.76589733e+00 -2.76589733e+00
   -1.04028063e+01 -3.72430035e+00 -1.04028397e+01 -1.04028750e+01
   -1.04028492e+01 -1.04029226e+01]]

 [[ 3.20838154e-09  2.01816485e-09  1.99322941e-08  7.42303849e-12
    2.39783315e-08  1.19178586e-09  1.80233141e-09  1.41724124e-09
    8.87836264e-10  5.10132535e-09]
  [ 3.00000000e+00  3.00000000e+00  3.00000003e+00  3.00000005e+00
    3.00000002e+00  3.00000000e+00  3.00000002e+00  3.00000000e+00
    3.00000000e+00  3.00000022e+00]
  [-2.76589733e+00 -2.75193356e+00 -5.12882279e+00 -2.75193354e+00
   -5.08767182e+00 -3.72430035e+00 -5.12882279e+00 -1.04028392e+01
   -1.04028498e+01 -1.04028063e+01]]

 [[ 3.30204786e-08  1.12039351e-08  1.45482766e-08  1.61732666e-09
    1.40828269e-08  1.25682407e-08  1.08758265e-07  2.22006054e-08
    6.13350295e-08  4.12911401e-09]
  [ 3.00000004e+00  3.00000006e+00  3.00000001e+00  3.00000010e+00
    3.00000020e+00  3.00000001e+00  3.00000011e+00  3.00000019e+00
    3.00000006e+00  3.00000008e+00]
  [-2.76589733e+00 -1.04028329e+01 -1.04028528e+01 -1.04028264e+01
   -1.04028117e+01 -2.76589733e+00 -5.12882279e+00 -2.75193346e+00
   -2.75193356e+00 -3.72430034e+00]]

 [[ 3.24554134e-09  1.11337358e-08  3.60019175e-10  1.38074980e-08
    6.38020974e-10  3.31050975e-09  1.41599848e-08  1.03652211e-08
    1.08779299e-08  4.11031505e-08]
  [ 3.00000000e+00  3.00000017e+00  3.00000000e+00  3.00000011e+00
    3.00000002e+00  3.00000000e+00  3.00000003e+00  3.00000001e+00
    3.00000015e+00  3.00000057e+00]
  [-1.04028137e+01 -1.04028209e+01 -2.75193356e+00 -1.04028986e+01
   -3.72430035e+00 -1.04028671e+01 -2.75193349e+00 -2.75193356e+00
   -1.04028512e+01 -1.04028712e+01]]

 [[ 7.13808438e-10  3.11274544e-09  3.07921352e-08  1.44138119e-08
    6.08105446e-09  3.29509090e-09  5.66499671e-09  2.31600194e-08
    1.52060768e-09  2.03363283e-09]
  [ 3.00000002e+00  3.00000003e+00  3.00000000e+00  3.00000019e+00
    3.00000010e+00  3.00000014e+00  3.00000001e+00  3.00000005e+00
    3.00000000e+00  3.00000004e+00]
  [-3.72430033e+00 -2.75193356e+00 -1.04028543e+01 -2.76589733e+00
   -1.04029082e+01 -1.04029373e+01 -2.76589733e+00 -1.04029269e+01
   -3.72430035e+00 -1.04028652e+01]]

 [[ 1.40556322e-08  8.64365605e-09  2.80086993e-09  1.33028343e-07
    6.55050164e-08  6.44303057e-08  1.20540370e-07  4.19553906e-08
    4.04592627e-09  8.44114716e-15]
  [ 3.00000027e+00  3.00000017e+00  3.00000004e+00  3.00000003e+00
    3.00000011e+00  3.00000022e+00  3.00000043e+00  3.00000003e+00
    3.00000000e+00  3.00000000e+00]
  [-3.72430035e+00 -1.83759297e+00 -3.72430034e+00 -2.76589719e+00
   -1.04028895e+01 -2.75193356e+00 -2.75193346e+00 -3.72430034e+00
   -3.72430034e+00 -2.75193356e+00]]

 [[ 5.29023556e-07  2.43943916e-08  8.83067051e-11  1.33024082e-07
    6.61692813e-10  1.03379406e-09  2.38522701e-07  1.71414577e-08
    1.11425926e-07  2.06753555e-08]
  [ 3.00000030e+00  3.00000009e+00  3.00000030e+00  3.00000078e+00
    3.00000017e+00  3.00000013e+00  3.00000031e+00  3.00000004e+00
    3.00000001e+00  3.00000006e+00]
  [-1.04028028e+01 -1.04029289e+01 -1.04028707e+01 -1.04029266e+01
   -1.04029393e+01 -5.12882279e+00 -3.72430034e+00 -1.04029293e+01
   -2.76589711e+00 -1.04028583e+01]]

 [[ 5.18170510e-09  2.02383919e-07  7.12437666e-09  3.76442902e-09
    6.21501571e-08  6.25397318e-08  8.68161528e-08  2.47810782e-08
    6.26049822e-08  5.64987824e-08]
  [ 3.00000004e+00  3.00000014e+00  3.00000000e+00  3.00000014e+00
    3.00000012e+00  3.00000059e+00  3.00000041e+00  3.00000025e+00
    3.00000038e+00  3.00000029e+00]
  [-2.75193339e+00 -2.76589731e+00 -1.04029191e+01 -5.08767180e+00
   -1.04028689e+01 -2.76589730e+00 -5.12882268e+00 -2.76589724e+00
   -1.04028720e+01 -1.04028207e+01]]

 [[ 8.15010181e-08  5.55875812e-07  1.65556484e-07  2.40012694e-08
    3.85429305e-07  1.57518493e-06  6.07743433e-07  1.23624830e-08
    1.36454713e-07  6.65845476e-07]
  [ 3.00000053e+00  3.00000079e+00  3.00000025e+00  3.00000455e+00
    3.00000000e+00  3.00008985e+00  3.00000056e+00  3.00000207e+00
    3.00001002e+00  3.00000002e+00]
  [-5.12882280e+00 -1.04029217e+01 -1.04029003e+01 -1.04029274e+01
   -1.04028018e+01 -1.04028721e+01 -1.04028268e+01 -1.04029367e+01
   -1.04029361e+01 -1.04028890e+01]]

 [[ 5.96144982e-07  5.20819811e-07  5.39838396e-08  2.25836699e-08
    5.07225134e-07  2.46531967e-07  7.30238987e-07  1.01424137e-06
    1.34010459e-07  1.27033362e-07]
  [ 3.00000003e+00  3.00000033e+00  3.00000152e+00  3.00000017e+00
    3.00000000e+00  3.00000000e+00  3.00000425e+00  3.00000000e+00
    3.00000010e+00  3.00000023e+00]
  [-5.08767181e+00 -2.75193356e+00 -3.72429997e+00 -5.12882275e+00
   -2.75193352e+00 -1.04029172e+01 -1.04028486e+01 -1.04028640e+01
   -2.76589721e+00 -2.75193348e+00]]

 [[ 2.95678864e-07  4.76930096e-08  2.27266814e-08  1.14054430e-07
    1.92256224e-07  3.91773921e-09  2.27415866e-07  1.08490407e-06
    3.48200554e-07  1.08875486e-06]
  [ 3.00000188e+00  3.00000058e+00  3.00000018e+00  3.00000000e+00
    3.00000575e+00  3.00000110e+00  3.00000001e+00  3.00000512e+00
    3.00000010e+00  3.00000009e+00]
  [-2.75193350e+00 -1.04029229e+01 -2.75193328e+00 -1.04028215e+01
   -2.76589733e+00 -3.72430006e+00 -1.04028007e+01 -2.76589706e+00
   -1.04028193e+01 -2.75193341e+00]]

 [[ 6.56277546e-12  2.60442161e-11  1.33583299e-12  2.59753664e-11
    9.49633609e-13  4.86573707e-12  8.20778984e-13  6.02392121e-13
    1.33416978e-11  1.42118233e-12]
  [ 3.00000000e+00  3.00000000e+00  3.00000000e+00  3.00000000e+00
    3.00000000e+00  3.00000000e+00  3.00000000e+00  3.00000000e+00
    3.00000000e+00  3.00000000e+00]
  [-1.04028268e+01 -1.04028370e+01 -2.75193356e+00 -3.72430035e+00
   -2.75193356e+00 -1.04028453e+01 -3.72430035e+00 -1.04028192e+01
   -2.76589733e+00 -5.12882280e+00]]

 [[ 1.66016153e-11  4.95633706e-12  2.67801167e-12  2.47987345e-12
    2.11972095e-12  1.04381064e-12  1.21523336e-11  9.83161582e-12
    4.67941540e-12  9.31534302e-14]
  [ 3.00000000e+00  3.00000000e+00  3.00000000e+00  3.00000000e+00
    3.00000000e+00  3.00000000e+00  3.00000000e+00  3.00000000e+00
    3.00000000e+00  3.00000000e+00]
  [-1.04028736e+01 -1.04028323e+01 -1.04028566e+01 -3.72430035e+00
   -3.72430035e+00 -1.04028002e+01 -1.04028453e+01 -1.04028640e+01
   -2.76589733e+00 -2.75193356e+00]]

 [[ 1.22320217e-13  8.96623770e-12  4.27032615e-13  4.46554843e-13
    4.26501766e-12  6.15906024e-14  6.13865297e-12  5.01623044e-12
    3.03933822e-12  4.32453764e-13]
  [ 3.00000000e+00  3.00000000e+00  3.00000000e+00  3.00000000e+00
    3.00000000e+00  3.00000000e+00  3.00000000e+00  3.00000000e+00
    3.00000000e+00  3.00000000e+00]
  [-1.04028580e+01 -3.72430035e+00 -1.04028459e+01 -2.75193356e+00
   -1.04028127e+01 -1.04028061e+01 -5.12882280e+00 -1.04028373e+01
   -3.72430035e+00 -1.04028020e+01]]

 [[ 2.94923265e-11  3.38502356e-12  6.04022294e-09  2.68445655e-09
    9.41230125e-10  3.55624784e-10  1.67746268e-10  3.94924513e-10
    2.10817315e-10  2.30220310e-09]
  [ 3.00000000e+00  3.00000000e+00  3.00000000e+00  3.00000000e+00
    3.00000000e+00  3.00000000e+00  3.00000001e+00  3.00000000e+00
    3.00000000e+00  3.00000000e+00]
  [-1.04028275e+01 -1.04028254e+01 -2.75193356e+00 -1.04028966e+01
   -5.12882280e+00 -1.04028146e+01 -2.75193356e+00 -5.12882280e+00
   -3.72430035e+00 -1.04028320e+01]]

 [[ 1.26588634e-09  1.83085769e-11  8.62408992e-10  6.56476225e-10
    1.99511797e-09  3.26936989e-10  3.96479204e-10  3.05973218e-14
    5.31438125e-10  5.00188499e-09]
  [ 3.00000000e+00  3.00000001e+00  3.00000000e+00  3.00000000e+00
    3.00000000e+00  3.00000000e+00  3.00000000e+00  3.00000000e+00
    3.00000000e+00  3.00000000e+00]
  [-1.04029193e+01 -1.04028702e+01 -1.04028959e+01 -1.04029302e+01
   -1.04028019e+01 -1.04029250e+01 -3.72430034e+00 -2.75193356e+00
   -5.12882280e+00 -2.75193356e+00]]

 [[ 1.05348397e-09  2.98950163e-11  2.60694174e-09  4.75324536e-10
    7.52716344e-10  8.60531588e-10  4.83989456e-09  3.27889934e-09
    1.15371230e-10  8.87238522e-10]
  [ 3.00000000e+00  3.00000000e+00  3.00000000e+00  3.00000000e+00
    3.00000000e+00  3.00000000e+00  3.00000001e+00  3.00000004e+00
    3.00000000e+00  3.00000000e+00]
  [-1.04028784e+01 -3.72430034e+00 -1.04029183e+01 -3.72430035e+00
   -5.08767182e+00 -1.04028562e+01 -1.04028300e+01 -1.04028686e+01
   -1.04028807e+01 -1.04028334e+01]]

 [[ 4.63460360e-09  4.30010206e-08  2.31962567e-09  1.19878651e-09
    3.02935480e-11  2.77189380e-09  2.97383023e-10  1.55153711e-09
    2.59269313e-09  1.48739735e-08]
  [ 3.00000002e+00  3.00000000e+00  3.00000011e+00  3.00000010e+00
    3.00000000e+00  3.00000000e+00  3.00000000e+00  3.00000003e+00
    3.00000000e+00  3.00000000e+00]
  [-1.04028591e+01 -5.08767182e+00 -2.76589733e+00 -3.72430034e+00
   -1.04028639e+01 -1.83759297e+00 -1.04029001e+01 -3.72430034e+00
   -2.75193356e+00 -2.76589733e+00]]

 [[ 5.02183778e-09  3.28403844e-09  7.90167018e-10  6.26106367e-10
    2.79514539e-09  1.35051378e-09  6.02970824e-10  1.18468858e-09
    8.37111830e-10  5.35669411e-09]
  [ 3.00000000e+00  3.00000000e+00  3.00000000e+00  3.00000000e+00
    3.00000000e+00  3.00000004e+00  3.00000000e+00  3.00000001e+00
    3.00000001e+00  3.00000000e+00]
  [-2.75193356e+00 -1.04028801e+01 -1.04028204e+01 -2.76589733e+00
   -5.08767182e+00 -3.72430035e+00 -1.04028399e+01 -1.04028603e+01
   -1.04029261e+01 -1.04029009e+01]]

 [[ 9.89263480e-09  4.95596523e-10  4.49451189e-10  4.93014567e-10
    3.07151680e-10  2.30189173e-09  1.02985676e-09  3.55903570e-09
    6.97471838e-10  5.99173802e-10]
  [ 3.00000000e+00  3.00000000e+00  3.00000000e+00  3.00000000e+00
    3.00000000e+00  3.00000000e+00  3.00000009e+00  3.00000000e+00
    3.00000000e+00  3.00000000e+00]
  [-5.12882279e+00 -2.76589728e+00 -2.75193356e+00 -2.76589729e+00
   -3.72430034e+00 -1.04029390e+01 -2.76589732e+00 -2.76589733e+00
   -3.72430035e+00 -5.08767182e+00]]

 [[ 3.47260611e-09  1.11144680e-08  6.10844760e-08  2.97151516e-08
    5.67799934e-10  1.69335648e-08  1.79662926e-09  1.44694754e-08
    3.79875668e-08  1.56151070e-09]
  [ 3.00000000e+00  3.00000000e+00  3.00000004e+00  3.00000007e+00
    3.00000015e+00  3.00000000e+00  3.00000000e+00  3.00000030e+00
    3.00000000e+00  3.00000000e+00]
  [-1.04028221e+01 -2.76589733e+00 -1.04029300e+01 -1.04028532e+01
   -5.12882278e+00 -1.04028201e+01 -2.75193356e+00 -2.76589733e+00
   -2.76589732e+00 -1.04029013e+01]]

 [[ 1.75476235e-08  1.58077056e-09  6.19600043e-17  1.05462102e-08
    3.78298190e-08  5.85092096e-08  1.05997055e-08  1.23093787e-08
    1.65408924e-09  2.00491928e-09]
  [ 3.00000004e+00  3.00000001e+00  3.00000000e+00  3.00000000e+00
    3.00000000e+00  3.00000003e+00  3.00000000e+00  3.00000000e+00
    3.00000000e+00  3.00000026e+00]
  [-5.08767182e+00 -1.83759296e+00 -2.76589733e+00 -3.72430034e+00
   -1.04028503e+01 -1.04028904e+01 -2.75193356e+00 -1.04029382e+01
   -2.75193356e+00 -1.04028313e+01]]

 [[ 5.45456592e-09  4.43973806e-10  6.83581534e-09  7.69651555e-09
    6.20142194e-09  2.12287319e-08  5.41009747e-09  2.45253095e-10
    6.84366675e-08  2.83606875e-09]
  [ 3.00000000e+00  3.00000000e+00  3.00000000e+00  3.00000000e+00
    3.00000001e+00  3.00000001e+00  3.00000009e+00  3.00000004e+00
    3.00000000e+00  3.00000000e+00]
  [-1.04029022e+01 -5.08767182e+00 -2.75193356e+00 -5.12882280e+00
   -2.75193356e+00 -5.08767182e+00 -1.04028082e+01 -1.04029251e+01
   -2.75193355e+00 -1.04029243e+01]]

 [[ 1.70332634e-07  7.63871757e-08  1.07368459e-08  2.93196076e-08
    1.95127575e-08  1.18872886e-08  1.20205651e-08  5.71384724e-09
    1.25864401e-08  4.99362923e-07]
  [ 3.00000002e+00  3.00000000e+00  3.00000000e+00  3.00000000e+00
    3.00000001e+00  3.00000006e+00  3.00000071e+00  3.00000000e+00
    3.00000001e+00  3.00000000e+00]
  [-1.04029151e+01 -1.04028435e+01 -1.04029205e+01 -1.04028250e+01
   -1.04028303e+01 -2.76589732e+00 -1.04029062e+01 -1.04028051e+01
   -5.12882266e+00 -2.76589732e+00]]

 [[ 1.35570252e-07  4.22372525e-08  6.74101558e-08  5.06026405e-09
    5.53064692e-09  1.06752007e-07  3.01414943e-08  1.63772660e-08
    5.12899934e-08  1.08114436e-08]
  [ 3.00000000e+00  3.00000001e+00  3.00000001e+00  3.00000000e+00
    3.00000000e+00  3.00000002e+00  3.00000000e+00  3.00000000e+00
    3.00000009e+00  3.00000036e+00]
  [-2.76589732e+00 -2.76589717e+00 -1.04028017e+01 -2.76589727e+00
   -1.04028164e+01 -2.75193356e+00 -1.04028598e+01 -5.12882277e+00
   -1.04028307e+01 -1.04028427e+01]]

 [[ 2.21239704e-08  1.21943091e-07  9.64739004e-08  1.20966704e-09
    6.06369315e-08  4.84571588e-08  8.23590429e-08  8.28168607e-09
    6.37906590e-07  8.22619650e-09]
  [ 3.00000000e+00  3.00000000e+00  3.00000000e+00  3.00000000e+00
    3.00000006e+00  3.00000050e+00  3.00000000e+00  3.00000157e+00
    3.00000000e+00  3.00000000e+00]
  [-1.04028752e+01 -1.04028883e+01 -5.08767182e+00 -2.76589730e+00
   -1.04029270e+01 -1.04028887e+01 -1.04029368e+01 -1.04028467e+01
   -2.75193352e+00 -3.72430031e+00]]

 [[ 7.77380250e-07  5.26810143e-07  2.34078288e-07  7.67178232e-07
    1.31465374e-07  9.47424558e-08  1.08228401e-07  9.73541935e-08
    2.72001621e-07  4.06311411e-07]
  [ 3.00000000e+00  3.00000000e+00  3.00000099e+00  3.00000000e+00
    3.00000001e+00  3.00000211e+00  3.00000004e+00  3.00000000e+00
    3.00000023e+00  3.00000003e+00]
  [-2.76589732e+00 -1.04029065e+01 -1.04028578e+01 -5.08767164e+00
   -1.04028489e+01 -1.04029371e+01 -2.76589733e+00 -2.76589655e+00
   -1.04028325e+01 -2.75193356e+00]]

 [[ 2.44047393e-07  2.24579221e-06  2.14225693e-07  1.89189510e-07
    9.44388967e-08  4.42761867e-08  6.83681423e-08  8.83007459e-08
    2.07017160e-07  1.35933666e-06]
  [ 3.00000000e+00  3.00000207e+00  3.00000017e+00  3.00000026e+00
    3.00000000e+00  3.00000032e+00  3.00000000e+00  3.00000000e+00
    3.00000000e+00  3.00000000e+00]
  [-1.04028343e+01 -1.04028032e+01 -2.75193356e+00 -1.04028572e+01
   -1.04029086e+01 -1.04028950e+01 -2.76589711e+00 -1.04029309e+01
   -1.04028261e+01 -2.75193356e+00]]

 [[ 4.94414674e-07  1.74254240e-07  7.25462846e-07  7.00662943e-07
    1.70352790e-06  5.17081270e-07  2.69722717e-07  1.25550133e-07
    3.68677088e-06  4.88230318e-08]
  [ 3.00000000e+00  3.00000000e+00  3.00000000e+00  3.00000000e+00
    3.00000035e+00  3.00000001e+00  3.00000000e+00  3.00000000e+00
    3.00000000e+00  3.00000000e+00]
  [-1.04028652e+01 -2.76589719e+00 -2.76589725e+00 -2.75193350e+00
   -2.76589730e+00 -2.76589713e+00 -2.76589710e+00 -1.04029305e+01
   -1.04028392e+01 -2.76589708e+00]]

 [[ 2.53830974e-12  3.88313534e-12  6.56971134e-13  7.77755339e-13
    1.32610007e-12  2.84707507e-14  2.66685286e-12  1.80346942e-11
    1.12781457e-12  1.60319884e-11]
  [ 3.00000000e+00  3.00000000e+00  3.00000000e+00  3.00000000e+00
    3.00000000e+00  3.00000000e+00  3.00000000e+00  3.00000000e+00
    3.00000000e+00  3.00000000e+00]
  [-1.04028380e+01 -1.04028331e+01 -2.75193356e+00 -2.75193356e+00
   -2.75193356e+00 -2.76589733e+00 -1.04028058e+01 -1.04028379e+01
   -1.83759297e+00 -1.04028333e+01]]

 [[ 4.86240714e-13  1.39108205e-11  2.41470439e-12  1.79316099e-13
    1.70175442e-13  3.71395902e-13  6.62166806e-13  9.90334586e-14
    3.66725294e-14  8.92322430e-13]
  [ 3.00000000e+00  3.00000000e+00  3.00000000e+00  3.00000000e+00
    3.00000000e+00  3.00000000e+00  3.00000000e+00  3.00000000e+00
    3.00000000e+00  3.00000000e+00]
  [-1.04028752e+01 -2.75193356e+00 -2.75193356e+00 -1.04028267e+01
   -2.76589733e+00 -1.04028068e+01 -2.76589733e+00 -2.75193356e+00
   -1.04028867e+01 -1.04028661e+01]]

 [[ 1.82543538e-13  5.90093250e-12  1.44541788e-12  1.57361566e-12
    1.54180391e-12  4.52087758e-12  4.83431158e-12  4.00662308e-12
    2.67401634e-12  5.59480639e-16]
  [ 3.00000000e+00  3.00000000e+00  3.00000000e+00  3.00000000e+00
    3.00000000e+00  3.00000000e+00  3.00000000e+00  3.00000000e+00
    3.00000000e+00  3.00000000e+01]
  [-2.75193356e+00 -1.04028076e+01 -2.76589733e+00 -1.04028161e+01
   -5.08767183e+00 -1.04028556e+01 -1.04028017e+01 -5.12882280e+00
   -1.04028735e+01 -2.76589733e+00]]

 [[ 9.58021848e-10  3.44754536e-17  2.69883810e-10  1.02107891e-10
    1.86459140e-10  3.30173672e-10  1.10441178e-11  2.97871942e-11
    8.28028515e-12  1.21602967e-09]
  [ 3.00000001e+00  3.00000000e+00  3.00000000e+00  3.00000000e+00
    3.00000000e+00  3.00000001e+00  3.00000000e+00  3.00000000e+00
    3.00000000e+00  3.00000001e+00]
  [-1.04028413e+01 -3.72430035e+00 -2.75193356e+00 -3.72430035e+00
   -2.76589733e+00 -1.04028351e+01 -1.04028111e+01 -2.76589733e+00
   -1.04028290e+01 -2.75193356e+00]]

 [[ 8.56129029e-11  2.92151251e-10  3.17659652e-10  1.27997009e-09
    5.56804908e-11  1.04059279e-10  5.15677571e-10  2.29346783e-09
    1.06610222e-09  2.67149314e-11]
  [ 3.00000000e+00  3.00000000e+00  3.00000000e+00  3.00000004e+00
    3.00000002e+00  3.00000000e+00  3.00000002e+00  3.00000000e+00
    3.00000000e+00  3.00000002e+00]
  [-1.04028436e+01 -1.04028986e+01 -1.04028746e+01 -1.04029303e+01
   -2.75193356e+00 -2.75193356e+00 -1.04028335e+01 -2.75193356e+00
   -1.04028124e+01 -3.72430035e+00]]

 [[ 2.87217932e-09  1.43570492e-11  7.09322295e-09  2.98917510e-11
    2.53150164e-12  1.64797087e-09  2.66593448e-09  4.17203764e-09
    4.64836179e-11  8.55109336e-12]
  [ 3.00000000e+00  3.00000000e+00  3.00000002e+00  3.00000002e+00
    3.00000002e+00  3.00000000e+00  3.00000000e+00  3.00000002e+00
    3.00000000e+00  3.00000001e+00]
  [-1.04029373e+01 -1.04028796e+01 -1.04028834e+01 -2.75193356e+00
   -2.75193356e+00 -1.04028016e+01 -5.08767183e+00 -1.04029287e+01
   -2.76589733e+00 -3.72430035e+00]]

 [[ 5.64923939e-09  4.50494273e-10  1.48264929e-09  1.07433868e-08
    1.66512534e-08  3.28199821e-09  1.83887656e-09  1.92050687e-10
    7.26212688e-09  9.22528058e-09]
  [ 3.00000001e+00  3.00000000e+00  3.00000003e+00  3.00000009e+00
    3.00000002e+00  3.00000003e+00  3.00000000e+00  3.00000002e+00
    3.00000003e+00  3.00000011e+00]
  [-2.75193356e+00 -2.75193356e+00 -1.04029016e+01 -5.08767182e+00
   -1.04028797e+01 -1.04029315e+01 -1.04028449e+01 -3.72430035e+00
   -1.04028081e+01 -3.72430034e+00]]

 [[ 2.86959889e-10  1.03889473e-10  6.17476588e-09  1.42970128e-08
    1.75149603e-09  4.67020043e-09  1.70423737e-11  2.89100563e-08
    5.70597357e-09  1.13821945e-09]
  [ 3.00000000e+00  3.00000000e+00  3.00000000e+00  3.00000000e+00
    3.00000008e+00  3.00000001e+00  3.00000000e+00  3.00000000e+00
    3.00000001e+00  3.00000010e+00]
  [-3.72430035e+00 -3.72430035e+00 -2.75193356e+00 -2.75193356e+00
   -2.76589733e+00 -1.04029154e+01 -1.04028840e+01 -2.76589732e+00
   -5.08767182e+00 -2.75193356e+00]]

 [[ 7.97098875e-10  2.71304926e-10  1.07551749e-09  8.92243255e-10
    3.72402905e-08  3.30149811e-09  6.37839044e-09  2.74816823e-10
    1.89754439e-09  4.78996234e-10]
  [ 3.00000016e+00  3.00000000e+00  3.00000002e+00  3.00000005e+00
    3.00000000e+00  3.00000002e+00  3.00000000e+00  3.00000001e+00
    3.00000000e+00  3.00000003e+00]
  [-5.08767182e+00 -2.75193356e+00 -3.72430034e+00 -5.12882280e+00
   -3.72430033e+00 -1.04029178e+01 -2.76589733e+00 -2.75193356e+00
   -2.75193356e+00 -2.75193356e+00]]

 [[ 4.12715638e-09  2.85769280e-09  2.88878153e-09  1.72897728e-09
    8.65647830e-09  1.55747063e-08  1.23946052e-09  5.89440635e-09
    9.42551000e-09  4.05090849e-09]
  [ 3.00000001e+00  3.00000044e+00  3.00000008e+00  3.00000004e+00
    3.00000016e+00  3.00000000e+00  3.00000000e+00  3.00000006e+00
    3.00000002e+00  3.00000003e+00]
  [-1.04028101e+01 -1.04028192e+01 -1.04029001e+01 -1.04028603e+01
   -1.04029010e+01 -2.76589733e+00 -1.04028115e+01 -1.04028788e+01
   -2.76589732e+00 -1.04029039e+01]]

 [[ 3.54749898e-08  1.00867010e-10  1.54063633e-09  1.82537190e-09
    2.00269335e-08  3.02737831e-09  5.18923974e-09  6.93784256e-09
    1.02517147e-08  3.41678849e-08]
  [ 3.00000006e+00  3.00000000e+00  3.00000000e+00  3.00000018e+00
    3.00000004e+00  3.00000000e+00  3.00000001e+00  3.00000000e+00
    3.00000000e+00  3.00000003e+00]
  [-1.04028862e+01 -1.04028678e+01 -1.04029298e+01 -1.04029125e+01
   -1.04029096e+01 -1.04029220e+01 -2.75193356e+00 -1.04029129e+01
   -1.04028287e+01 -5.08767177e+00]]

 [[ 4.72520541e-11  1.13803960e-08  1.45296703e-08  4.19357666e-09
    9.14001272e-11  4.82086768e-09  8.95114049e-09  1.79353085e-09
    2.15296257e-09  2.95251087e-09]
  [ 3.00000001e+00  3.00000001e+00  3.00000009e+00  3.00000000e+00
    3.00000003e+00  3.00000000e+00  3.00000003e+00  3.00000001e+00
    3.00000000e+00  3.00000005e+00]
  [-5.12882279e+00 -1.04028322e+01 -2.75193356e+00 -2.75193356e+00
   -1.04028491e+01 -2.75193354e+00 -5.08767182e+00 -1.04028070e+01
   -1.04028284e+01 -2.76589722e+00]]

 [[ 2.97579585e-09  1.01824316e-07  9.14579060e-08  6.91189782e-08
    1.47377015e-08  6.58496473e-09  2.03172347e-07  4.24559693e-08
    1.36093891e-10  1.14696879e-08]
  [ 3.00000000e+00  3.00000476e+00  3.00000001e+00  3.00000194e+00
    3.00000002e+00  3.00000001e+00  3.00000017e+00  3.00000009e+00
    3.00000220e+00  3.00000001e+00]
  [-1.04029025e+01 -2.75193356e+00 -1.04028641e+01 -2.75193356e+00
   -2.75193356e+00 -1.04029266e+01 -1.04028350e+01 -2.75193356e+00
   -1.04028119e+01 -1.04029234e+01]]

 [[ 2.45329663e-08  2.45802310e-08  5.30508211e-08  8.96558412e-08
    1.07659922e-07  1.51901712e-07  8.11401298e-10  1.14651794e-08
    1.95570219e-09  2.43952218e-08]
  [ 3.00000000e+00  3.00000006e+00  3.00000030e+00  3.00000059e+00
    3.00000000e+00  3.00000019e+00  3.00000055e+00  3.00000016e+00
    3.00000060e+00  3.00000002e+00]
  [-1.04029322e+01 -1.04029188e+01 -2.76589732e+00 -1.04029003e+01
   -2.75193347e+00 -2.76589733e+00 -2.76589732e+00 -1.83759297e+00
   -2.76589730e+00 -1.04028319e+01]]

 [[ 2.49130604e-12  3.61077700e-09  8.00758223e-12  1.14845398e-07
    2.37384513e-08  8.32651925e-08  1.25716478e-08  8.84982045e-09
    1.72691588e-07  1.26101253e-07]
  [ 3.00000000e+00  3.00000000e+00  3.00000095e+00  3.00000000e+00
    3.00000000e+00  3.00000021e+00  3.00000002e+00  3.00000011e+00
    3.00000052e+00  3.00000000e+00]
  [-1.04028057e+01 -5.12882280e+00 -2.76589733e+00 -5.08767183e+00
   -2.75193356e+00 -1.04029389e+01 -2.76589730e+00 -1.04029320e+01
   -2.75193355e+00 -2.75193356e+00]]

 [[ 2.71726969e-07  1.23311306e-07  1.71748401e-07  4.52254577e-08
    1.16358100e-07  4.62184398e-08  2.75911306e-07  1.79130851e-07
    1.16637794e-08  6.28880289e-09]
  [ 3.00000166e+00  3.00000462e+00  3.00000129e+00  3.00000229e+00
    3.00000167e+00  3.00000036e+00  3.00000001e+00  3.00000356e+00
    3.00000001e+00  3.00000230e+00]
  [-1.04029059e+01 -1.04028136e+01 -5.12882252e+00 -2.76589731e+00
   -1.04029063e+01 -3.72430033e+00 -1.04028632e+01 -1.04028554e+01
   -1.04028456e+01 -1.04028034e+01]]

 [[ 2.23041697e-07  1.44764668e-07  3.51567256e-08  5.21251684e-07
    1.93184499e-07  8.11139069e-08  2.91230595e-08  1.70112105e-07
    3.07224779e-08  1.10925300e-07]
  [ 3.00000094e+00  3.00000163e+00  3.00000132e+00  3.00000000e+00
    3.00000000e+00  3.00000071e+00  3.00000033e+00  3.00000000e+00
    3.00000066e+00  3.00000067e+00]
  [-1.04029074e+01 -1.04028131e+01 -3.72429977e+00 -5.12882279e+00
   -2.75193355e+00 -1.04028537e+01 -2.75193356e+00 -2.75193356e+00
   -1.04028974e+01 -3.72430029e+00]]

 [[ 7.44583507e-09  2.33924382e-07  5.22827010e-07  1.46421937e-06
    7.53942758e-07  5.76241039e-08  4.68575035e-07  1.72404569e-07
    1.90060572e-07  2.37268889e-08]
  [ 3.00000092e+00  3.00000126e+00  3.00000040e+00  3.00000071e+00
    3.00000000e+00  3.00000103e+00  3.00000000e+00  3.00000000e+00
    3.00000003e+00  3.00000000e+00]
  [-2.75193355e+00 -3.72430028e+00 -1.04028769e+01 -5.08767150e+00
   -1.04028146e+01 -3.72430034e+00 -1.04029082e+01 -2.76589698e+00
   -3.72430032e+00 -2.75193356e+00]]

 [[ 4.19808700e-12  1.20674977e-10  4.65868649e-12  1.02550231e-11
    2.72600029e-13  1.88077420e-14  1.72138107e-11  2.98384557e-12
    3.44029806e-12  1.80447248e-12]
  [ 3.00000000e+00  3.00000000e+00  3.00000000e+00  3.00000000e+00
    3.00000000e+00  3.00000000e+00  3.00000000e+00  3.00000000e+00
    3.00000000e+00  3.00000000e+00]
  [-1.04028945e+01 -1.04028024e+01 -1.04028274e+01 -1.04028267e+01
   -1.04028200e+01 -1.04028141e+01 -2.75193356e+00 -1.04028494e+01
   -2.75193356e+00 -2.76589733e+00]]

 [[ 8.91323498e-12  5.71308375e-13  7.73645591e-14  1.98237121e-12
    1.12705611e-12  1.93545916e-13  3.59461629e-12  3.23804489e-12
    4.13880301e-15  5.64248198e-12]
  [ 3.00000000e+00  3.00000000e+00  3.00000000e+00  3.00000000e+00
    3.00000000e+00  3.00000000e+00  3.00000000e+00  3.00000000e+00
    3.00000000e+00  3.00000000e+00]
  [-1.04028076e+01 -1.04028501e+01 -2.76589733e+00 -1.04028053e+01
   -2.76589733e+00 -1.04028589e+01 -1.04028277e+01 -1.04028196e+01
   -5.12882280e+00 -5.12882280e+00]]

 [[ 3.63775590e-12  1.12487299e-12  2.44398376e-13  4.44680189e-12
    2.43901561e-12  4.61686924e-15  5.86827274e-14  1.11671902e-12
    4.22159588e-12  2.40214870e-12]
  [ 3.00000000e+00  3.00000000e+00  3.00000000e+00  3.00000000e+00
    3.00000000e+00  3.00000000e+00  3.00000000e+00  3.00000000e+00
    3.00000000e+00  3.00000000e+00]
  [-1.04028468e+01 -2.76589733e+00 -2.75193356e+00 -5.08767183e+00
   -1.04028026e+01 -1.04028502e+01 -2.75193356e+00 -2.75193356e+00
   -2.75193356e+00 -1.04029123e+01]]

 [[ 4.20390163e-10  9.49786992e-10  1.27623676e-09  1.46272805e-10
    2.33552552e-10  9.52904088e-11  3.09735249e-09  1.73768117e-10
    4.90024279e-11  3.97188824e-10]
  [ 3.00000000e+00  3.00000000e+00  3.00000000e+00  3.00000000e+00
    3.00000001e+00  3.00000000e+00  3.00000000e+00  3.00000000e+00
    3.00000000e+00  3.00000001e+00]
  [-3.72430035e+00 -1.04028591e+01 -2.76589733e+00 -1.04028711e+01
   -5.08767182e+00 -1.04028296e+01 -1.04028542e+01 -1.04028213e+01
   -1.04029237e+01 -1.04028264e+01]]

 [[ 1.29937674e-10  9.27719520e-10  3.18110149e-12  1.10297464e-09
    2.80339992e-09  9.43275111e-11  1.44760880e-10  2.64360004e-10
    5.23093003e-11  4.07082016e-10]
  [ 3.00000000e+00  3.00000000e+00  3.00000000e+00  3.00000000e+00
    3.00000000e+00  3.00000000e+00  3.00000000e+00  3.00000000e+00
    3.00000000e+00  3.00000000e+00]
  [-3.72430035e+00 -2.76589733e+00 -1.04028378e+01 -1.04028142e+01
   -2.75193356e+00 -1.04028054e+01 -5.12882280e+00 -2.76589733e+00
   -5.08767182e+00 -1.04028015e+01]]

 [[ 1.04415695e-10  4.22943054e-10  1.21418480e-10  6.09381972e-11
    6.92814102e-10  2.09014595e-09  1.53939521e-11  1.86965580e-10
    1.72625555e-10  1.12528063e-09]
  [ 3.00000000e+00  3.00000002e+00  3.00000000e+00  3.00000000e+00
    3.00000000e+00  3.00000000e+00  3.00000000e+00  3.00000000e+00
    3.00000000e+00  3.00000000e+00]
  [-1.04029091e+01 -1.04028771e+01 -1.04028866e+01 -2.76589733e+00
   -2.76589733e+00 -5.08767182e+00 -2.76589733e+00 -1.04028545e+01
   -2.75193356e+00 -2.76589733e+00]]

 [[ 2.03240176e-08  1.47890030e-09  1.39146197e-08  1.41897453e-09
    2.33153356e-09  4.95123113e-09  1.10058147e-08  4.70080576e-09
    2.74624587e-09  2.17307732e-09]
  [ 3.00000000e+00  3.00000004e+00  3.00000000e+00  3.00000000e+00
    3.00000003e+00  3.00000000e+00  3.00000000e+00  3.00000000e+00
    3.00000000e+00  3.00000000e+00]
  [-1.04029139e+01 -5.08767182e+00 -2.75193356e+00 -1.04028020e+01
   -1.04029044e+01 -1.04028843e+01 -1.04028337e+01 -1.04028175e+01
   -1.04028136e+01 -2.76589732e+00]]

 [[ 1.98205535e-09  1.17528545e-10  2.51428719e-09  4.20174826e-09
    7.24858077e-10  2.38586101e-09  2.10852745e-08  3.14485522e-11
    1.09768648e-09  1.65115188e-09]
  [ 3.00000000e+00  3.00000006e+00  3.00000003e+00  3.00000000e+00
    3.00000002e+00  3.00000000e+00  3.00000000e+00  3.00000003e+00
    3.00000000e+00  3.00000014e+00]
  [-1.04029263e+01 -1.83759297e+00 -2.75193356e+00 -1.04029109e+01
   -3.72430035e+00 -1.04028839e+01 -2.75193356e+00 -1.04028676e+01
   -2.76589733e+00 -1.04028276e+01]]

 [[ 3.99459128e-10  6.22832069e-09  3.81682850e-13  3.90739367e-10
    1.74204134e-08  9.01480368e-11  3.74223508e-09  2.54195230e-09
    1.94283808e-10  7.14082150e-09]
  [ 3.00000000e+00  3.00000000e+00  3.00000000e+00  3.00000002e+00
    3.00000000e+00  3.00000000e+00  3.00000000e+00  3.00000001e+00
    3.00000000e+00  3.00000002e+00]
  [-1.04029324e+01 -3.72430033e+00 -2.75193356e+00 -1.04028043e+01
   -5.08767179e+00 -1.04028990e+01 -2.76589733e+00 -2.75193356e+00
   -2.75193356e+00 -1.04028406e+01]]

 [[ 3.62756829e-09  2.02410977e-09  3.01295291e-10  4.02418738e-09
    2.73884726e-09  6.12017311e-09  3.56813907e-09  5.18217318e-09
    6.60134533e-09  5.15725085e-08]
  [ 3.00000018e+00  3.00000000e+00  3.00000000e+00  3.00000000e+00
    3.00000000e+00  3.00000003e+00  3.00000000e+00  3.00000000e+00
    3.00000000e+00  3.00000001e+00]
  [-2.76589731e+00 -1.04029115e+01 -1.04028055e+01 -1.04028394e+01
   -3.72430032e+00 -3.72430035e+00 -5.12882278e+00 -2.75193356e+00
   -1.04029404e+01 -5.12882280e+00]]]