[[[ 2.57445700e-13  7.70008115e-13  1.61856813e-13  2.17995955e-13
    4.18359475e-13  2.38789478e-12  2.32567636e-12  3.44891423e-13
    3.43570343e-12  1.55609788e-13]
  [ 3.00000000e+00  3.00000002e+00  3.00000005e+00  3.00000003e+00
    3.00000005e+00  3.00000002e+00  3.00000003e+00  3.00000005e+00
    3.00000003e+00  3.00000007e+00]
  [-1.04028617e+01 -2.76589733e+00 -2.75193356e+00 -2.76589733e+00
   -1.04028275e+01 -5.08767183e+00 -2.76589733e+00 -2.76589733e+00
   -1.04028481e+01 -1.04028403e+01]]

 [[ 3.42020489e-10  5.69178326e-10  6.54940725e-11  3.18971952e-10
    1.09820840e-11  7.75994088e-11  7.36257596e-10  8.42621293e-11
    1.42858536e-11  7.78387062e-12]
  [ 3.00000601e+00  3.00001243e+00  3.00000866e+00  3.00000773e+00
    3.00008395e+00  3.00007438e+00  3.00001362e+00  3.00002259e+00
    3.00001996e+00  3.00001247e+00]
  [-5.08767182e+00 -1.04028000e+01 -2.75193356e+00 -1.04028515e+01
   -1.04028894e+01 -2.75193356e+00 -1.04028036e+01 -1.04028276e+01
   -1.04028171e+01 -2.76589733e+00]]

 [[ 4.26320934e-10  3.17121834e-10  1.62967981e-11  4.45501336e-10
    1.40093431e-10  2.45667761e-11  1.67337446e-09  1.46196280e-09
    1.10501857e-10  2.25755839e-09]
  [ 3.00000144e+00  3.00001105e+00  3.00000385e+00  3.00003985e+00
    3.00000379e+00  3.00003812e+00  3.00001713e+00  3.00002671e+00
    3.00001627e+00  3.00000837e+00]
  [-1.04028512e+01 -1.04028783e+01 -1.04028110e+01 -2.76589733e+00
   -2.76589733e+00 -1.04028718e+01 -1.04028356e+01 -2.75193356e+00
   -5.08767183e+00 -2.76589733e+00]]

 [[ 7.79601524e-10  7.10690689e-10  2.90651839e-10  2.22478421e-10
    1.86763189e-12  2.38571585e-10  1.84579578e-10  3.87185009e-11
    1.82122267e-10  2.26271825e-10]
  [ 3.00001511e+00  3.00003677e+00  3.00001535e+00  3.00000761e+00
    3.00001435e+00  3.00001233e+00  3.00001199e+00  3.00000230e+00
    3.00006556e+00  3.00000291e+00]
  [-5.08767182e+00 -2.76589733e+00 -1.04028501e+01 -3.72430035e+00
   -3.72430035e+00 -5.08767182e+00 -1.04028758e+01 -2.76589733e+00
   -5.08767183e+00 -2.76589733e+00]]

 [[ 3.48606215e-09  2.90747919e-09  1.36913207e-10  1.84678374e-09
    1.40584455e-08  5.76579435e-09  2.04424485e-09  1.32434713e-09
    1.77367963e-10  8.38049932e-09]
  [ 3.00002198e+00  3.00022228e+00  3.00040353e+00  3.00002252e+00
    3.00010155e+00  3.00010611e+00  3.00000297e+00  3.00001302e+00
    3.00001395e+00  3.00003644e+00]
  [-5.08767178e+00 -1.04028444e+01 -1.04028065e+01 -2.75193356e+00
   -1.04028258e+01 -1.04028877e+01 -3.72430035e+00 -2.76589733e+00
   -1.04028151e+01 -5.12882279e+00]]

 [[ 1.45821395e-09  3.54921848e-09  1.23204292e-09  2.55287959e-08
    1.27211603e-08  2.43498097e-09  1.85287339e-09  2.69181826e-11
    2.00246861e-09  1.05824996e-09]
  [ 3.00019929e+00  3.00001070e+00  3.00000524e+00  3.00002567e+00
    3.00006262e+00  3.00015648e+00  3.00000453e+00  3.00000317e+00
    3.00003999e+00  3.00001697e+00]
  [-1.04028094e+01 -2.76589733e+00 -1.04028949e+01 -1.04028166e+01
   -1.04028460e+01 -5.12882278e+00 -1.04029015e+01 -2.75193356e+00
   -1.04028201e+01 -1.04028366e+01]]

 [[ 4.68361550e-09  1.39695462e-10  1.36005083e-09  3.12001929e-11
    9.14390112e-10  1.41968737e-09  8.02294438e-09  3.12937727e-10
    1.18042132e-08  5.58276515e-10]
  [ 3.00003539e+00  3.00015738e+00  3.00006250e+00  3.00016768e+00
    3.00013065e+00  3.00016601e+00  3.00015881e+00  3.00003905e+00
    3.00015763e+00  3.00009384e+00]
  [-1.04028825e+01 -5.12882279e+00 -2.76589732e+00 -1.04028147e+01
   -1.04028074e+01 -1.04028115e+01 -2.75193356e+00 -1.04028334e+01
   -2.76589733e+00 -1.04028097e+01]]

 [[ 1.01184478e-09  4.79532953e-08  4.53391072e-10  6.80472670e-09
    2.05567569e-08  8.78376623e-09  1.53776433e-08  1.08963478e-08
    7.58775233e-09  6.26058099e-09]
  [ 3.00042957e+00  3.00125536e+00  3.00103721e+00  3.00007430e+00
    3.00003581e+00  3.00019757e+00  3.00007825e+00  3.00003546e+00
    3.00037816e+00  3.00198744e+00]
  [-1.04028080e+01 -1.04028609e+01 -5.12882280e+00 -1.04028237e+01
   -5.08767182e+00 -5.08767182e+00 -1.04029291e+01 -1.04028075e+01
   -2.76589733e+00 -1.04028228e+01]]

 [[ 3.83087262e-10  3.14240092e-09  3.72637078e-09  1.61785556e-08
    2.07723912e-08  1.59018597e-08  1.94764331e-09  2.98216690e-09
    1.47055491e-09  3.28402282e-09]
  [ 3.00026629e+00  3.00008256e+00  3.00036065e+00  3.00038746e+00
    3.00048354e+00  3.00018472e+00  3.00036561e+00  3.00039632e+00
    3.00034421e+00  3.00073909e+00]
  [-2.75193356e+00 -1.04028255e+01 -1.04029044e+01 -1.04028117e+01
   -1.04028111e+01 -1.04028010e+01 -1.04028091e+01 -1.04028234e+01
   -5.12882280e+00 -2.75193356e+00]]

 [[ 8.00417993e-09  7.95484113e-10  2.43791288e-09  4.50268789e-10
    1.27423044e-08  6.65142049e-10  1.98242481e-09  6.17945895e-11
    2.30193391e-09  4.26572729e-09]
  [ 3.00005754e+00  3.00001232e+00  3.00113093e+00  3.00044904e+00
    3.00007527e+00  3.00069299e+00  3.00006931e+00  3.00002934e+00
    3.00051452e+00  3.00176952e+00]
  [-1.04028141e+01 -2.75193356e+00 -5.12882280e+00 -1.04028216e+01
   -2.76589733e+00 -2.76589732e+00 -1.04028697e+01 -1.04028267e+01
   -5.12882279e+00 -1.04028116e+01]]

 [[ 1.88905398e-08  1.44746826e-07  1.08079190e-08  1.22773657e-07
    3.54208753e-08  5.50795200e-09  4.09625429e-08  4.22609405e-09
    1.90220816e-08  1.20672860e-08]
  [ 3.00251602e+00  3.00077958e+00  3.00380754e+00  3.00155078e+00
    3.00076302e+00  3.00049984e+00  3.00046724e+00  3.00070454e+00
    3.00012264e+00  3.00039044e+00]
  [-1.04029262e+01 -2.76589733e+00 -5.08767177e+00 -1.04028035e+01
   -1.04028713e+01 -1.04028603e+01 -2.76589732e+00 -2.76589730e+00
   -1.04028191e+01 -1.04028312e+01]]

 [[ 1.12019405e-07  6.60612797e-08  1.02371759e-07  1.88444569e-09
    1.84742463e-08  5.61452843e-09  1.01671605e-07  5.70150777e-09
    6.92628829e-09  4.51374745e-08]
  [ 3.00018290e+00  3.00239076e+00  3.00076272e+00  3.00201778e+00
    3.00064496e+00  3.00256963e+00  3.00167333e+00  3.00020828e+00
    3.00093087e+00  3.00069163e+00]
  [-1.04028801e+01 -5.12882280e+00 -2.76589732e+00 -2.76589730e+00
   -1.04028698e+01 -1.04028656e+01 -1.04028558e+01 -5.12882280e+00
   -1.04028311e+01 -5.12882275e+00]]

 [[ 1.81525479e-08  2.67443335e-08  3.70714155e-09  1.71623793e-08
    3.89954413e-08  7.40280110e-08  5.11886516e-08  4.64125130e-09
    2.79795053e-08  4.34916814e-08]
  [ 3.00155817e+00  3.00231644e+00  3.00299930e+00  3.00014948e+00
    3.00111857e+00  3.00117936e+00  3.00004679e+00  3.00077424e+00
    3.00148479e+00  3.00006606e+00]
  [-2.76589732e+00 -1.04028311e+01 -1.04028009e+01 -2.76589733e+00
   -1.04028876e+01 -1.04028672e+01 -1.04028292e+01 -2.76589733e+00
   -5.08767181e+00 -1.04029054e+01]]

 [[ 1.41694765e-07  6.47769410e-08  4.76385364e-07  3.36609547e-07
    6.61353864e-08  1.56646826e-07  3.32008462e-07  3.92777467e-07
    1.75073250e-07  4.02155241e-08]
  [ 3.02532226e+00  3.00575575e+00  3.01302622e+00  3.00165568e+00
    3.00656283e+00  3.02554220e+00  3.00149710e+00  3.01323402e+00
    3.01505025e+00  3.00076936e+00]
  [-1.04028671e+01 -1.04028123e+01 -1.04028407e+01 -1.04028332e+01
   -1.04028699e+01 -3.72430031e+00 -1.04028594e+01 -1.04028424e+01
   -1.04028052e+01 -1.04028807e+01]]

 [[ 6.96082054e-08  2.18377924e-08  4.66647953e-08  3.88805164e-07
    5.16877971e-07  4.44395899e-07  5.83124901e-08  1.85075027e-08
    3.48506147e-08  1.71313912e-08]
  [ 3.01626695e+00  3.02044736e+00  3.00851342e+00  3.00251375e+00
    3.02761125e+00  3.00508084e+00  3.01864764e+00  3.01576981e+00
    3.00834246e+00  3.00271021e+00]
  [-1.04028067e+01 -1.04028645e+01 -1.04028626e+01 -1.04028168e+01
   -1.04028825e+01 -1.04029133e+01 -1.04029223e+01 -1.04028910e+01
   -1.04029278e+01 -1.04028935e+01]]

 [[ 1.33655283e-07  4.59773916e-07  5.42696494e-08  3.40306099e-07
    1.45103752e-07  6.63085573e-08  1.46342289e-07  2.00677551e-08
    3.52254705e-09  9.14929936e-08]
  [ 3.00449689e+00  3.02671654e+00  3.01521309e+00  3.00475504e+00
    3.01018243e+00  3.01493159e+00  3.03970298e+00  3.00402643e+00
    3.01990773e+00  3.00992509e+00]
  [-1.04028649e+01 -1.04029052e+01 -1.04028777e+01 -1.04028815e+01
   -1.04029243e+01 -5.12882214e+00 -1.04028415e+01 -1.04028990e+01
   -1.04029205e+01 -1.04028482e+01]]

 [[ 2.15643215e-09  2.56506879e-09  3.26124316e-09  5.87770695e-09
    1.52662300e-09  5.65259346e-09  1.49776303e-09  1.15452655e-09
    2.25064409e-09  3.69297353e-09]
  [ 3.00000008e+00  3.00000001e+00  3.00000009e+00  3.00000003e+00
    3.00000001e+00  3.00000001e+00  3.00000002e+00  3.00000005e+00
    3.00000003e+00  3.00000004e+00]
  [-3.72429963e+00 -2.76589646e+00 -1.04028163e+01 -1.04028388e+01
   -1.04029204e+01 -1.04028465e+01 -5.12881837e+00 -1.04028428e+01
   -2.75193233e+00 -5.12882196e+00]]

 [[ 3.20178673e-09  2.42082335e-09  2.96659079e-09  3.05130703e-09
    6.25791736e-10  2.74010816e-09  1.31725786e-09  1.41533834e-09
    1.63071396e-09  2.70998779e-09]
  [ 3.00000000e+00  3.00000001e+00  3.00000003e+00  3.00000003e+00
    3.00000006e+00  3.00000006e+00  3.00000002e+00  3.00000001e+00
    3.00000001e+00  3.00000001e+01]
  [-1.04028233e+01 -1.04028057e+01 -5.12881833e+00 -2.76589669e+00
   -2.76589656e+00 -2.75193212e+00 -2.75193192e+00 -1.04028602e+01
   -2.75193260e+00 -2.76589690e+00]]

 [[ 9.87885478e-10  6.28716003e-10  2.62558937e-09  1.14610190e-09
    7.31854825e-10  7.44031985e-10  1.90652618e-09  5.19807404e-10
    4.45431928e-10  9.53580655e-10]
  [ 3.00000005e+00  3.00000003e+00  3.00000006e+00  3.00000001e+00
    3.00000003e+00  3.00000000e+00  3.00000005e+00  3.00000014e+00
    3.00000004e+00  3.00000018e+00]
  [-2.76589698e+00 -2.75193326e+00 -2.75193336e+00 -5.08766450e+00
   -1.04028264e+01 -2.75193219e+00 -2.76589506e+00 -2.75193340e+00
   -3.72429779e+00 -2.75193233e+00]]

 [[ 1.71889055e-06  2.48972734e-06  1.96054574e-06  2.05638713e-06
    7.46425973e-07  3.06851136e-06  4.35120310e-07  1.35101496e-06
    2.20143895e-06  2.80286151e-06]
  [ 3.00003842e+00  3.00000139e+00  3.00000638e+00  3.00001275e+00
    3.00006188e+00  3.00000038e+00  3.00000273e+00  3.00000699e+00
    3.00006507e+00  3.00002284e+00]
  [-1.03961809e+01 -3.72366004e+00 -2.75160528e+00 -1.03936447e+01
   -1.03888034e+01 -1.03950042e+01 -2.75124589e+00 -2.75141894e+00
   -1.03913270e+01 -1.03927699e+01]]

 [[ 3.44007215e-07  1.24477896e-06  1.80883873e-06  2.16325318e-06
    1.22278379e-06  1.50192265e-06  6.01309550e-07  7.16712468e-07
    1.17552145e-06  4.20244683e-07]
  [ 3.00001026e+00  3.00002910e+00  3.00000884e+00  3.00003627e+00
    3.00000149e+00  3.00000180e+00  3.00015903e+00  3.00000317e+00
    3.00000214e+00  3.00003634e+00]
  [-2.76550903e+00 -1.03913327e+01 -2.75162917e+00 -1.03987062e+01
   -1.03907752e+01 -1.03950590e+01 -1.03991438e+01 -2.75116145e+00
   -3.72381288e+00 -1.03888393e+01]]

 [[ 6.79241047e-07  2.40123839e-07  1.27366140e-06  4.03976418e-07
    1.65414544e-06  1.20839543e-06  9.78092478e-07  2.02901803e-06
    3.63382828e-07  3.67965776e-07]
  [ 3.00002273e+00  3.00003006e+00  3.00001264e+00  3.00001417e+00
    3.00001750e+00  3.00003755e+00  3.00017904e+00  3.00000464e+00
    3.00001633e+00  3.00002715e+00]
  [-5.12512381e+00 -3.72334868e+00 -1.03822030e+01 -2.76512476e+00
   -1.03932046e+01 -2.76488504e+00 -5.08658423e+00 -1.03935520e+01
   -1.03844365e+01 -2.75163385e+00]]

 [[ 6.21315022e-06  5.31428390e-06  7.84315038e-06  4.40864681e-06
    5.98250711e-06  1.74974187e-06  7.33591166e-06  1.18673824e-05
    5.82191284e-06  8.50304407e-06]
  [ 3.00049693e+00  3.00013813e+00  3.00061785e+00  3.00001896e+00
    3.00000352e+00  3.00016489e+00  3.00005407e+00  3.00010193e+00
    3.00050031e+00  3.00039147e+00]
  [-1.03652029e+01 -2.74869648e+00 -1.03859241e+01 -1.03592779e+01
   -3.71841276e+00 -3.71706744e+00 -2.75109647e+00 -1.03659368e+01
   -5.11616930e+00 -3.72055302e+00]]

 [[ 5.48120467e-06  2.87735723e-06  9.50434840e-06  4.66107329e-06
    4.69238013e-06  9.68095535e-06  1.38183229e-05  8.76075345e-06
    4.01680879e-06  6.52804307e-06]
  [ 3.00014121e+00  3.00020042e+00  3.00001490e+00  3.00015368e+00
    3.00010384e+00  3.00007666e+00  3.00003699e+00  3.00005440e+00
    3.00019693e+00  3.00017060e+00]
  [-1.03519207e+01 -1.02870303e+01 -1.03392692e+01 -1.03590360e+01
   -2.75100437e+00 -5.10016099e+00 -5.06751662e+00 -1.03190532e+01
   -5.12273129e+00 -2.76363071e+00]]

 [[ 3.53907338e-06  9.76786119e-06  6.21808136e-07  1.39811663e-06
    3.65687663e-06  2.65539511e-06  7.10312430e-06  1.93220753e-06
    1.04253606e-06  2.64921361e-06]
  [ 3.00007188e+00  3.00008441e+00  3.00013053e+00  3.00001558e+00
    3.00020473e+00  3.00002091e+00  3.00000475e+00  3.00003416e+00
    3.00032487e+00  3.00029392e+00]
  [-2.76215570e+00 -2.74946738e+00 -1.03274158e+01 -2.74850420e+00
   -2.75118372e+00 -2.76149333e+00 -3.72067930e+00 -1.03768071e+01
   -2.76075656e+00 -2.76522157e+00]]

 [[ 2.36331640e-05  1.26560102e-05  2.46798221e-05  3.01496842e-05
    9.22753468e-06  2.62797311e-05  3.43987302e-05  7.35488475e-06
    3.47913683e-05  9.06423138e-06]
  [ 3.00021356e+00  3.00002953e+00  3.00036685e+00  3.00006731e+00
    3.00038203e+00  3.00028177e+00  3.00012633e+00  3.00030416e+00
    3.00009497e+00  3.00148893e+00]
  [-1.03186810e+01 -1.02560842e+01 -1.01512456e+01 -2.74242569e+00
   -2.74228886e+00 -5.11417368e+00 -1.02882737e+01 -1.03106402e+01
   -1.03717719e+01 -1.03926567e+01]]

 [[ 1.12866908e-05  1.08150271e-05  2.09148495e-05  7.81164986e-06
    1.28564304e-05  1.60078610e-05  1.36923069e-05  1.19039245e-05
    3.73064643e-05  6.27486930e-06]
  [ 3.00054925e+00  3.00005788e+00  3.00017083e+00  3.00014775e+00
    3.00007475e+00  3.00038299e+00  3.00028389e+00  3.00003775e+00
    3.00018220e+00  3.00095147e+00]
  [-2.74116713e+00 -2.74532815e+00 -1.02721208e+01 -1.01949506e+01
   -2.74474897e+00 -1.03464688e+01 -5.04287157e+00 -2.74559434e+00
   -1.02692679e+01 -5.11287936e+00]]

 [[ 1.02491197e-06  1.17846192e-05  1.06338266e-05  4.92781489e-06
    6.63643075e-06  3.92347550e-06  2.67880695e-05  7.74331167e-06
    1.20839418e-05  5.09138775e-06]
  [ 3.00002061e+00  3.00060506e+00  3.00079627e+00  3.00017127e+00
    3.00014512e+00  3.00011555e+00  3.00071949e+00  3.00015251e+00
    3.00010494e+00  3.00006153e+00]
  [-2.73932785e+00 -1.02546421e+01 -5.06443846e+00 -1.03136275e+01
   -1.02794998e+01 -1.03672203e+01 -2.75013241e+00 -1.02993172e+01
   -2.73962430e+00 -2.74246392e+00]]

 [[ 8.63695636e-05  6.66552474e-05  7.22484702e-05  9.47988038e-05
    1.32359500e-04  1.60243505e-04  7.88815940e-05  6.41969863e-05
    6.93282176e-05  1.09799279e-04]
  [ 3.00040737e+00  3.00089451e+00  3.00015485e+00  3.00041482e+00
    3.00467170e+00  3.00300315e+00  3.00022707e+00  3.00101022e+00
    3.00196312e+00  3.00051361e+00]
  [-9.82750370e+00 -1.03127246e+01 -9.94914621e+00 -9.90793095e+00
   -9.65973099e+00 -9.98128180e+00 -1.02182811e+01 -9.69839702e+00
   -9.35829402e+00 -9.94269057e+00]]

 [[ 4.46780721e-05  6.67373586e-05  6.11006472e-05  2.67933861e-05
    3.22124605e-05  2.81293801e-05  3.76328065e-05  8.89980089e-05
    1.16913224e-04  2.20153803e-05]
  [ 3.00006738e+00  3.00510849e+00  3.00385159e+00  3.00099359e+00
    3.00167010e+00  3.00290023e+00  3.00094111e+00  3.00024191e+00
    3.00121900e+00  3.00374380e+00]
  [-1.00666520e+01 -9.71206157e+00 -9.99367856e+00 -1.00439306e+01
   -9.77641903e+00 -2.75280020e+00 -9.88628275e+00 -1.01531966e+01
   -9.97160455e+00 -9.84686270e+00]]

 [[ 3.81270280e-05  4.21910107e-05  3.27099971e-05  5.44074532e-05
    1.66704170e-05  2.38309313e-05  7.63720274e-05  9.59550198e-05
    9.35426878e-06  4.49442557e-05]
  [ 3.00125617e+00  3.00183093e+00  3.00055515e+00  3.00057237e+00
    3.00104758e+00  3.00014129e+00  3.00145010e+00  3.00092700e+00
    3.00127891e+00  3.00052913e+00]
  [-1.00723533e+01 -9.79935960e+00 -1.00535606e+01 -9.42834399e+00
   -9.44358434e+00 -9.42957166e+00 -1.01925512e+01 -2.74918539e+00
   -1.00609783e+01 -9.70144161e+00]]

 [[ 2.73654783e-04  3.92682729e-04  7.14929383e-04  7.15912447e-04
    1.00600997e-03  6.38438530e-04  4.72029904e-04  8.46500392e-04
    6.85263464e-04  8.67838695e-04]
  [ 3.02687208e+00  3.00126840e+00  3.00853593e+00  3.00002324e+00
    3.00396654e+00  3.00654196e+00  3.00311314e+00  3.01093956e+00
    3.02157253e+00  3.00656702e+00]
  [-7.03779546e+00 -8.56856209e+00 -9.21447814e+00 -7.66173642e+00
   -6.09237634e+00 -1.00644961e+01 -8.81571484e+00 -7.63345944e+00
   -8.36937528e+00 -8.79536979e+00]]

 [[ 1.70668345e-04  3.19161915e-04  4.10573350e-04  2.14958066e-04
    3.81025228e-04  2.39001065e-04  2.45975129e-04  3.45986752e-04
    1.18526324e-04  3.11886440e-04]
  [ 3.00388366e+00  3.00702323e+00  3.00104070e+00  3.00474412e+00
    3.01583805e+00  3.00011908e+00  3.01582125e+00  3.01314490e+00
    3.00124471e+00  3.02329557e+00]
  [-7.54039726e+00 -7.31841202e+00 -8.83124144e+00 -9.40396983e+00
   -8.48805143e+00 -6.02720083e+00 -7.13918751e+00 -8.11088042e+00
   -8.71541145e+00 -7.37434879e+00]]

 [[ 3.05520793e-04  2.06281532e-04  6.71299315e-04  1.50483872e-04
    2.01847692e-04  4.01199648e-04  2.83672012e-04  1.94743817e-04
    1.69573338e-04  8.21741932e-04]
  [ 3.00556373e+00  3.01533111e+00  3.03378487e+00  3.00506198e+00
    3.00988432e+00  3.01064109e+00  3.02185759e+00  3.00083599e+00
    3.00946262e+00  3.00383388e+00]
  [-7.10607207e+00 -8.62126657e+00 -6.82320205e+00 -8.51186788e+00
   -7.63348980e+00 -6.63122892e+00 -9.87527161e+00 -9.92131022e+00
   -6.61301689e+00 -7.45050917e+00]]

 [[ 2.75018621e-09  4.75361458e-09  1.34167965e-09  4.19531947e-09
    2.56697461e-09  4.34635518e-09  6.31805929e-09  4.89256221e-09
    3.16754647e-09  1.54174676e-09]
  [ 3.00000001e+00  3.00000008e+00  3.00000002e+00  3.00000004e+00
    3.00000004e+00  3.00000004e+00  3.00000011e+00  3.00000005e+00
    3.00000001e+00  3.00000002e+00]
  [-1.04028244e+01 -5.12881957e+00 -2.75193303e+00 -1.04028560e+01
   -1.04028070e+01 -2.75193311e+00 -1.04028452e+01 -1.04028702e+01
   -1.04028045e+01 -5.12881996e+00]]

 [[ 3.82117305e-09  1.35502839e-09  2.34323691e-09  2.27647126e-09
    3.21787934e-09  3.36922165e-09  5.65192310e-10  1.84351655e-09
    1.26439765e-09  7.52792550e-10]
  [ 3.00000001e+00  3.00000001e+00  3.00000001e+00  3.00000000e+00
    3.00000006e+00  3.00000000e+00  3.00000011e+00  3.00000003e+00
    3.00000005e+00  3.00000001e+00]
  [-3.72429939e+00 -1.04028153e+01 -5.12881934e+00 -1.04028753e+01
   -1.04028006e+01 -2.76589507e+00 -2.75193258e+00 -1.04028287e+01
   -2.76589589e+00 -1.04028222e+01]]

 [[ 1.81536491e-09  1.54837799e-09  1.06978041e-09  3.66249141e-09
    1.61842019e-09  1.80428270e-09  3.25130522e-09  5.68007406e-10
    1.27340240e-09  1.25187652e-09]
  [ 3.00000002e+00  3.00000005e+00  3.00000005e+00  3.00000001e+00
    3.00000010e+00  3.00000005e+00  3.00000003e+00  3.00000002e+00
    3.00000005e+00  3.00000005e+00]
  [-2.75193251e+00 -3.72429919e+00 -2.75193082e+00 -1.04028053e+01
   -2.75193293e+00 -3.72429765e+00 -1.04028553e+01 -1.04029082e+01
   -1.04028422e+01 -5.08766311e+00]]

 [[ 1.44925894e-06  1.86275552e-06  2.33636617e-06  1.61141958e-06
    2.62649869e-06  4.81430849e-06  1.72887154e-06  1.04152010e-06
    5.93331594e-06  5.32575115e-06]
  [ 3.00001732e+00  3.00001110e+00  3.00000178e+00  3.00010886e+00
    3.00001211e+00  3.00009049e+00  3.00000872e+00  3.00004983e+00
    3.00000918e+00  3.00000309e+00]
  [-1.03824112e+01 -2.75144826e+00 -2.75135318e+00 -2.75149476e+00
   -5.08694183e+00 -1.03969615e+01 -2.76584947e+00 -1.03798597e+01
   -1.03893635e+01 -5.12718689e+00]]

 [[ 1.03425721e-06  1.35436422e-06  9.14598035e-07  1.42340258e-06
    1.16189860e-06  1.95063101e-06  4.00069398e-06  3.39932876e-06
    8.87314727e-07  1.53506145e-06]
  [ 3.00003794e+00  3.00000548e+00  3.00000883e+00  3.00000527e+00
    3.00000663e+00  3.00000827e+00  3.00003066e+00  3.00000072e+00
    3.00000148e+00  3.00000200e+00]
  [-1.03946916e+01 -1.03942338e+01 -5.12591314e+00 -1.03903563e+01
   -1.03871239e+01 -2.75160028e+00 -2.75153343e+00 -2.76551846e+00
   -1.03964993e+01 -1.03905877e+01]]

 [[ 2.95553692e-07  5.46500880e-07  3.02062512e-07  1.00168151e-06
    1.52401405e-06  1.18448767e-06  2.60547765e-07  4.17175338e-07
    7.23710192e-07  5.80823338e-07]
  [ 3.00000921e+00  3.00001663e+00  3.00000282e+00  3.00007185e+00
    3.00002558e+00  3.00000240e+00  3.00001110e+00  3.00001005e+00
    3.00003019e+00  3.00001380e+00]
  [-2.75145116e+00 -2.75159166e+00 -3.72247769e+00 -1.03917920e+01
   -2.76560061e+00 -2.76547398e+00 -1.03939699e+01 -2.75122844e+00
   -1.03972705e+01 -1.03966101e+01]]

 [[ 1.54211810e-05  6.01332274e-06  4.75229135e-06  1.65622854e-05
    1.17925286e-05  8.12538495e-06  1.29541125e-05  8.64679581e-06
    1.86695831e-05  6.80990045e-06]
  [ 3.00000123e+00  3.00006127e+00  3.00022471e+00  3.00002434e+00
    3.00003304e+00  3.00031928e+00  3.00005701e+00  3.00009930e+00
    3.00031074e+00  3.00008845e+00]
  [-5.12428635e+00 -3.72090714e+00 -1.03414287e+01 -1.03911245e+01
   -1.03317802e+01 -1.03705377e+01 -1.03807512e+01 -1.03419176e+01
   -5.07423229e+00 -2.76136339e+00]]

 [[ 1.09218996e-05  7.35986560e-06  7.71898229e-06  7.62588128e-06
    7.10188616e-06  1.36032317e-05  7.27110608e-07  4.89183402e-06
    1.03251364e-05  7.65793189e-06]
  [ 3.00021884e+00  3.00008439e+00  3.00002270e+00  3.00007790e+00
    3.00004190e+00  3.00001438e+00  3.00010436e+00  3.00007224e+00
    3.00004587e+00  3.00023216e+00]
  [-1.03713316e+01 -5.10943910e+00 -3.72200360e+00 -2.76371715e+00
   -1.02751935e+01 -2.76442525e+00 -1.03623871e+01 -1.03376730e+01
   -1.03171510e+01 -1.03415916e+01]]

 [[ 6.12950558e-06  4.63477380e-07  3.69802197e-06  1.84666838e-06
    1.80153250e-06  5.46425211e-06  2.45074995e-06  3.05416549e-06
    1.08073530e-05  8.86354218e-06]
  [ 3.00007565e+00  3.00009925e+00  3.00010817e+00  3.00001639e+00
    3.00008428e+00  3.00027796e+00  3.00006718e+00  3.00003470e+00
    3.00009329e+00  3.00015775e+00]
  [-1.03683826e+01 -2.74785480e+00 -5.08060540e+00 -1.03250955e+01
   -2.75153062e+00 -5.10685096e+00 -3.71638135e+00 -2.74960719e+00
   -2.76102848e+00 -1.03646804e+01]]

 [[ 1.73599504e-05  2.67743727e-05  3.50754771e-05  3.09520119e-05
    6.65150694e-05  1.07609804e-05  2.92039668e-05  3.88273480e-05
    8.07141321e-06  2.92516505e-05]
  [ 3.00036625e+00  3.00036766e+00  3.00027831e+00  3.00038900e+00
    3.00039981e+00  3.00003294e+00  3.00100380e+00  3.00016077e+00
    3.00019286e+00  3.00014358e+00]
  [-1.01721031e+01 -5.07500920e+00 -1.02983315e+01 -2.74554437e+00
   -5.09583473e+00 -1.02493613e+01 -1.02937695e+01 -5.09998255e+00
   -1.02298641e+01 -1.03457736e+01]]

 [[ 3.22756987e-05  1.03584159e-05  1.36455549e-05  1.68232503e-05
    1.04914462e-05  3.55226879e-06  1.51449175e-05  1.26205060e-05
    1.69548361e-05  1.06308607e-05]
  [ 3.00000317e+00  3.00002399e+00  3.00012120e+00  3.00045759e+00
    3.00020575e+00  3.00002301e+00  3.00008511e+00  3.00002990e+00
    3.00018078e+00  3.00082230e+00]
  [-1.03343555e+01 -1.03137386e+01 -1.03257132e+01 -2.74875656e+00
   -1.02818861e+01 -1.03106804e+01 -5.07824983e+00 -1.01872996e+01
   -1.03334103e+01 -2.74424203e+00]]

 [[ 1.57717522e-05  4.93470525e-06  1.65214271e-05  9.52709112e-06
    6.24333589e-06  1.08169102e-05  1.03988408e-05  6.88550412e-06
    4.66128586e-06  3.06347936e-05]
  [ 3.00007791e+00  3.00009782e+00  3.00023046e+00  3.00007037e+00
    3.00003126e+00  3.00037584e+00  3.00011537e+00  3.00092010e+00
    3.00016117e+00  3.00004843e+00]
  [-5.07328394e+00 -1.03760193e+01 -1.03057714e+01 -2.74630410e+00
   -1.03351189e+01 -2.74581525e+00 -1.03543907e+01 -2.75779175e+00
   -1.02232658e+01 -5.10809561e+00]]

 [[ 9.29944562e-05  1.50092324e-04  7.73067402e-05  1.03113143e-04
    1.44043743e-04  1.55957922e-04  1.85649717e-04  5.73640275e-05
    1.00160569e-04  8.84132237e-05]
  [ 3.00128459e+00  3.00104256e+00  3.00374392e+00  3.00256448e+00
    3.00026040e+00  3.00140265e+00  3.00085790e+00  3.00499878e+00
    3.00082629e+00  3.00177527e+00]
  [-9.93755389e+00 -9.81042438e+00 -9.50842344e+00 -5.05396803e+00
   -9.73580924e+00 -4.85654622e+00 -9.85647445e+00 -9.72933949e+00
   -1.01448038e+01 -9.69958765e+00]]

 [[ 3.01630944e-05  1.07227363e-04  7.67770376e-05  4.79488484e-05
    7.62332125e-05  1.46387790e-04  2.41959886e-05  1.03518320e-04
    1.37825984e-04  2.35639511e-04]
  [ 3.00092398e+00  3.00014317e+00  3.00238643e+00  3.00243239e+00
    3.00173815e+00  3.00050880e+00  3.00323368e+00  3.00596287e+00
    3.00219408e+00  3.00027114e+00]
  [-9.61535646e+00 -1.02390951e+01 -9.75962957e+00 -9.76535184e+00
   -1.00846791e+01 -1.01193421e+01 -4.86976874e+00 -9.16232485e+00
   -9.59827343e+00 -9.41452244e+00]]

 [[ 7.53367609e-05  3.74613919e-05  4.45452284e-05  1.17723529e-04
    4.77220163e-05  7.21832272e-05  3.50563609e-05  6.73094773e-05
    3.11709891e-05  7.05735560e-05]
  [ 3.00094681e+00  3.00067987e+00  3.00076812e+00  3.00254658e+00
    3.00189098e+00  3.00026840e+00  3.00030645e+00  3.00094796e+00
    3.00249747e+00  3.00272528e+00]
  [-9.95160830e+00 -9.39094579e+00 -1.01118603e+01 -5.02946475e+00
   -1.01739786e+01 -1.01495550e+01 -1.02351022e+01 -9.56069846e+00
   -9.85558060e+00 -9.61217167e+00]]

 [[ 5.18766417e-04  2.81806816e-03  5.95484007e-04  1.40785060e-03
    2.29930441e-04  6.60139496e-04  1.02122928e-03  3.41052479e-04
    4.97425059e-04  3.01690197e-04]
  [ 3.01066894e+00  3.01882981e+00  3.00683438e+00  3.03496818e+00
    3.00010132e+00  3.00343079e+00  3.00640254e+00  3.01020585e+00
    3.00166689e+00  3.00919442e+00]
  [-9.76009194e+00 -9.05142620e+00 -5.56703887e+00 -5.16931923e+00
   -7.76158340e+00 -8.70513874e+00 -6.34511823e+00 -9.33096557e+00
   -8.74733518e+00 -6.83051402e+00]]

 [[ 7.29363171e-04  2.31579959e-04  4.36007113e-04  1.02385362e-03
    9.11178402e-05  5.34409330e-04  3.36609626e-04  4.81058189e-04
    4.34020561e-04  5.37979247e-04]
  [ 3.00209715e+00  3.00636429e+00  3.00148669e+00  3.00244927e+00
    3.00447208e+00  3.00475978e+00  3.04901887e+00  3.00124408e+00
    3.00000413e+00  3.00234581e+00]
  [-6.21804402e+00 -7.78357540e+00 -8.73455357e+00 -6.68640356e+00
   -7.88026378e+00 -9.24550221e+00 -6.85880377e+00 -6.83091601e+00
   -8.82404817e+00 -8.50896261e+00]]

 [[ 3.53208118e-04  4.46254718e-04  2.62979475e-04  3.02121932e-04
    1.50541539e-04  1.24275480e-03  1.62040582e-04  1.23745924e-03
    4.39858104e-04  4.18637482e-04]
  [ 3.00204467e+00  3.00067041e+00  3.00482243e+00  3.00893596e+00
    3.00374036e+00  3.00173183e+00  3.00370797e+00  3.00803052e+00
    3.00258410e+00  3.00766732e+00]
  [-7.73928566e+00 -7.90603391e+00 -5.70916209e+00 -7.68937504e+00
   -8.06751285e+00 -6.05820935e+00 -6.70692974e+00 -6.37038412e+00
   -8.41850633e+00 -8.11103310e+00]]

 [[ 2.14243675e-05  1.52117282e-05  1.89678253e-05  1.85674125e-05
    1.99902050e-05  1.47843592e-05  2.21448620e-05  2.49664051e-05
    2.31825160e-05  2.08627887e-05]
  [ 3.00000002e+00  3.00000004e+00  3.00000002e+00  3.00000002e+00
    3.00000004e+00  3.00000002e+00  3.00000001e+00  3.00000017e+00
    3.00000000e+00  3.00000005e+00]
  [-3.72429870e+00 -2.75193316e+00 -2.76589631e+00 -1.04028500e+01
   -2.76589578e+00 -2.76589695e+00 -2.75193277e+00 -1.04028272e+01
   -1.04028028e+01 -5.12881826e+00]]

 [[ 2.57844228e-05  8.10785704e-06  2.04913326e-05  2.62040919e-05
    1.32576348e-05  2.57588169e-05  2.12548182e-05  2.74543946e-05
    1.90667759e-05  1.65596707e-05]
  [ 3.00000001e+00  3.00000007e+00  3.00000001e+00  3.00000002e+00
    3.00000003e+00  3.00000008e+00  3.00000000e+00  3.00000015e+00
    3.00000004e+00  3.00000008e+00]
  [-3.72429698e+00 -2.76589678e+00 -1.04028001e+01 -2.75193164e+00
   -2.76589665e+00 -3.72429864e+00 -1.04028657e+01 -1.04028691e+01
   -1.04028858e+01 -1.04028985e+01]]

 [[ 1.83429701e-05  1.58386199e-05  1.34856281e-05  1.73352988e-05
    1.39630337e-05  1.95682411e-05  1.94192474e-05  2.30977526e-05
    1.34002173e-05  1.84250287e-05]
  [ 3.00000001e+00  3.00000004e+00  3.00000003e+00  3.00000003e+00
    3.00000001e+00  3.00000004e+00  3.00000002e+00  3.00000004e+00
    3.00000008e+00  3.00000000e+00]
  [-2.76589569e+00 -3.72429921e+00 -2.76589633e+00 -2.75193257e+00
   -5.08766839e+00 -1.04028959e+01 -3.72429861e+00 -2.76589690e+00
   -2.76589624e+00 -2.76589638e+00]]

 [[ 1.25640249e-02  9.48608058e-03  1.53363133e-02  1.24038293e-02
    1.12798247e-02  1.14204070e-02  9.43414987e-03  9.84222885e-03
    8.90509605e-03  1.31125914e-02]
  [ 3.00000871e+00  3.00003648e+00  3.00001316e+00  3.00001763e+00
    3.00001055e+00  3.00001288e+00  3.00008815e+00  3.00000384e+00
    3.00007287e+00  3.00000240e+00]
  [-1.03951390e+01 -2.76472128e+00 -2.76532178e+00 -2.76540625e+00
   -1.03955261e+01 -1.03935782e+01 -1.03949439e+01 -1.03920671e+01
   -2.75161055e+00 -2.75074974e+00]]

 [[ 7.65160921e-03  9.88187655e-03  1.71213718e-02  8.46726424e-03
    1.95790067e-02  1.33100043e-02  1.09743531e-02  1.11331954e-02
    1.32809069e-02  1.04194042e-02]
  [ 3.00003717e+00  3.00004056e+00  3.00000708e+00  3.00000605e+00
    3.00000135e+00  3.00000777e+00  3.00000699e+00  3.00000282e+00
    3.00002687e+00  3.00002758e+00]
  [-2.75064433e+00 -5.12785039e+00 -1.03849771e+01 -1.03923109e+01
   -2.76552001e+00 -1.03824568e+01 -3.72347757e+00 -1.03745279e+01
   -1.83743363e+00 -1.03856201e+01]]

 [[ 1.49002793e-02  9.32998348e-03  1.70051313e-02  1.11976702e-02
    1.48196894e-02  1.32513432e-02  1.41480427e-02  1.23541087e-02
    9.46620541e-03  1.13105646e-02]
  [ 3.00003331e+00  3.00003100e+00  3.00000634e+00  3.00001684e+00
    3.00001723e+00  3.00001401e+00  3.00009688e+00  3.00007065e+00
    3.00000561e+00  3.00000561e+00]
  [-5.12584016e+00 -2.76557953e+00 -2.75166720e+00 -1.03959813e+01
   -1.03933261e+01 -2.76487370e+00 -2.76566000e+00 -2.75174209e+00
   -2.76546767e+00 -5.08610896e+00]]

 [[ 6.32681993e-02  1.75674854e-02  5.74875851e-02  4.78403040e-02
    1.90766259e-02  5.02441448e-02  7.06371671e-02  7.21910274e-02
    5.81137944e-02  5.22275663e-02]
  [ 3.00011497e+00  3.00007261e+00  3.00017807e+00  3.00018574e+00
    3.00001103e+00  3.00007868e+00  3.00001933e+00  3.00024827e+00
    3.00004965e+00  3.00033225e+00]
  [-1.03365169e+01 -1.03400734e+01 -1.03550544e+01 -1.03809977e+01
   -1.03789030e+01 -1.03852106e+01 -1.03523607e+01 -1.03864345e+01
   -2.74924095e+00 -1.03676207e+01]]

 [[ 2.65525904e-02  6.03085549e-02  6.16767376e-02  6.02043667e-02
    7.30420051e-02  4.19216935e-02  2.25301696e-02  6.40465182e-02
    6.76698913e-02  5.27898962e-02]
  [ 3.00000961e+00  3.00000859e+00  3.00013137e+00  3.00013469e+00
    3.00001182e+00  3.00001036e+00  3.00007831e+00  3.00017848e+00
    3.00005107e+00  3.00003138e+00]
  [-1.03618840e+01 -3.72303861e+00 -1.03517532e+01 -1.03016627e+01
   -1.03515814e+01 -5.12045660e+00 -2.76451177e+00 -2.74934708e+00
   -3.71928107e+00 -1.03556265e+01]]

 [[ 4.91329621e-02  6.20969194e-02  7.98440230e-02  5.08889787e-02
    6.04139146e-02  2.85380215e-02  4.71546344e-02  6.15681703e-02
    2.84974403e-02  6.55317790e-02]
  [ 3.00032000e+00  3.00008109e+00  3.00003225e+00  3.00041811e+00
    3.00015153e+00  3.00002409e+00  3.00001955e+00  3.00000948e+00
    3.00006896e+00  3.00002785e+00]
  [-1.03563329e+01 -1.03858956e+01 -1.03609380e+01 -1.03457840e+01
   -1.03782348e+01 -2.74987426e+00 -1.03246486e+01 -2.76193802e+00
   -2.76378490e+00 -1.03013385e+01]]

 [[ 1.83622401e-01  1.41614922e-01  1.65620458e-01  1.19669636e-01
    1.70952118e-01  1.72895138e-01  1.17107980e-01  1.35491717e-01
    1.21006524e-01  1.56116291e-01]
  [ 3.00016076e+00  3.00055227e+00  3.00013930e+00  3.00001103e+00
    3.00031434e+00  3.00001424e+00  3.00021372e+00  3.00000201e+00
    3.00013684e+00  3.00008637e+00]
  [-5.06972889e+00 -2.75786908e+00 -1.02758766e+01 -1.01004499e+01
   -2.76425875e+00 -1.02276935e+01 -1.01382214e+01 -2.74182016e+00
   -1.02367240e+01 -5.07545549e+00]]

 [[ 5.73774439e-02  1.41840147e-01  8.62000389e-02  1.50989407e-01
    1.63920897e-01  1.67734154e-01  1.84941728e-01  1.73080689e-01
    1.22217651e-01  1.79469200e-01]
  [ 3.00029630e+00  3.00039653e+00  3.00009478e+00  3.00014445e+00
    3.00018570e+00  3.00034520e+00  3.00072960e+00  3.00011586e+00
    3.00055564e+00  3.00034742e+00]
  [-2.74515153e+00 -1.02953683e+01 -2.74370262e+00 -2.74712748e+00
   -1.02808240e+01 -1.02346080e+01 -1.03573462e+01 -1.01706346e+01
   -2.76101125e+00 -1.01960117e+01]]

 [[ 2.00491826e-01  1.74885245e-01  1.87345610e-01  1.64034421e-01
    1.18883968e-01  1.24141125e-01  1.02681158e-01  1.95176365e-01
    1.10253601e-01  1.91608463e-01]
  [ 3.00001530e+00  3.00024533e+00  3.00004146e+00  3.00046144e+00
    3.00013893e+00  3.00008408e+00  3.00043926e+00  3.00206355e+00
    3.00004985e+00  3.00002847e+00]
  [-2.73561921e+00 -1.02811039e+01 -2.75443954e+00 -1.03096799e+01
   -1.03385209e+01 -1.01352471e+01 -1.02790500e+01 -1.02999347e+01
   -2.76384724e+00 -2.75776882e+00]]

 [[ 7.81563389e-01  7.26070955e-01  8.65460730e-01  2.76243275e-01
    7.81520010e-01  6.27318339e-01  7.88941292e-01  7.09703430e-01
    5.43161929e-01  8.28637409e-01]
  [ 3.00509163e+00  3.00121412e+00  3.00044870e+00  3.00022679e+00
    3.00085538e+00  3.00007700e+00  3.00350582e+00  3.00007276e+00
    3.00094573e+00  3.00021047e+00]
  [-9.51131676e+00 -9.67661944e+00 -1.03084046e+01 -9.91019926e+00
   -4.94026206e+00 -9.76868987e+00 -9.62294924e+00 -9.69870948e+00
   -9.89668918e+00 -9.60063234e+00]]

 [[ 8.06098953e-01  7.73354621e-01  6.39652125e-01  6.68692527e-01
    5.31489754e-01  4.01329762e-01  1.00414532e+00  6.92603262e-01
    8.51204241e-01  9.36202713e-01]
  [ 3.00087808e+00  3.00108056e+00  3.00029110e+00  3.00203080e+00
    3.00176705e+00  3.00087082e+00  3.00068135e+00  3.00058616e+00
    3.00094224e+00  3.00496039e+00]
  [-9.85389994e+00 -9.94080553e+00 -1.01608622e+01 -1.00048493e+01
   -4.91476876e+00 -2.72725535e+00 -1.01174513e+01 -4.96246308e+00
   -9.86315970e+00 -9.82457710e+00]]

 [[ 7.86328708e-01  8.54132056e-01  1.07178993e+00  6.52430952e-01
    6.36603964e-01  6.72750240e-01  7.60815531e-01  5.94692141e-01
    8.94133960e-01  8.96566115e-01]
  [ 3.00058926e+00  3.00015069e+00  3.00127083e+00  3.00111391e+00
    3.00116657e+00  3.00461853e+00  3.00151384e+00  3.00057654e+00
    3.00038970e+00  3.00195461e+00]
  [-9.86079009e+00 -9.73058818e+00 -9.90405360e+00 -1.00271636e+01
   -1.02277289e+01 -9.46326467e+00 -5.05912945e+00 -5.05333314e+00
   -4.95249160e+00 -1.02148424e+01]]

 [[ 4.59525172e+00  2.68701214e+00  5.37793606e+00  5.09053396e+00
    7.85532247e+00  3.46400753e+00  5.48150726e+00  6.31277429e+00
    6.05505789e+00  5.63853998e+00]
  [ 3.00307457e+00  3.02401511e+00  3.01285440e+00  3.00184618e+00
    3.00118966e+00  3.00256653e+00  3.00604709e+00  3.01166801e+00
    3.00878668e+00  3.00197313e+00]
  [-7.83415460e+00 -7.54450450e+00 -7.44437015e+00 -7.71337848e+00
   -7.07272628e+00 -8.43701275e+00 -8.47585451e+00 -7.23609360e+00
   -8.61403327e+00 -6.13032253e+00]]

 [[ 4.47221769e+00  4.07173709e+00  5.68212063e+00  5.42995959e+00
    5.00404017e+00  9.18365175e-01  3.99979402e+00  6.09406101e+00
    4.19939782e+00  3.60221752e+00]
  [ 3.00286331e+00  3.00428083e+00  3.05005533e+00  3.00928272e+00
    3.02755571e+00  3.00139938e+00  3.01989625e+00  3.01197940e+00
    3.02352764e+00  3.01531279e+00]
  [-7.90117887e+00 -8.85591794e+00 -6.23978487e+00 -7.61428831e+00
   -6.74587064e+00 -8.63350945e+00 -8.15585029e+00 -7.95887856e+00
   -7.99265668e+00 -6.55681063e+00]]

 [[ 5.72916680e+00  4.23490591e+00  6.18310081e+00  3.46264017e+00
    5.34275468e+00  5.20817064e+00  6.45817490e+00  5.00333843e+00
    4.71507218e+00  2.30809507e+00]
  [ 3.00151818e+00  3.00068213e+00  3.01000935e+00  3.01553027e+00
    3.00818081e+00  3.00123836e+00  3.00625140e+00  3.00050778e+00
    3.00610205e+00  3.00666220e+00]
  [-9.87127105e+00 -6.96361671e+00 -5.44623511e+00 -6.64344107e+00
   -7.48938504e+00 -6.57829467e+00 -7.66405315e+00 -8.59366575e+00
   -6.88432927e+00 -7.48177163e+00]]

 [[ 2.12514349e-05  1.73959215e-05  2.58882870e-05  2.63314788e-05
    2.46368005e-05  1.43862353e-05  2.18248821e-05  1.66312971e-05
    2.27080833e-05  2.18801825e-05]
  [ 3.00000010e+00  3.00000002e+00  3.00000004e+00  3.00000001e+00
    3.00000005e+00  3.00000001e+00  3.00000002e+00  3.00000005e+00
    3.00000019e+00  3.00000007e+00]
  [-1.04028714e+01 -1.04028835e+01 -1.04028127e+01 -1.04028027e+01
   -1.04028320e+01 -1.04028305e+01 -2.75193322e+00 -2.76589686e+00
   -1.04028416e+01 -2.75193159e+00]]

 [[ 1.70802594e-05  1.80836714e-05  1.94230196e-05  1.13901792e-05
    2.04941018e-05  1.62081861e-05  1.81405980e-05  2.36467700e-05
    1.69907303e-05  1.81799828e-05]
  [ 3.00000006e+00  3.00000006e+00  3.00000012e+00  3.00000004e+00
    3.00000002e+00  3.00000001e+00  3.00000004e+00  3.00000007e+00
    3.00000001e+00  3.00000008e+00]
  [-3.72429876e+00 -1.04028271e+01 -1.04028024e+01 -1.04028505e+01
   -2.76589606e+00 -1.04028189e+01 -5.12881687e+00 -2.76589567e+00
   -3.72429801e+00 -1.04028008e+01]]

 [[ 1.67766022e-05  2.33400128e-05  2.04609109e-05  1.87547274e-05
    2.18264330e-05  1.27448882e-05  2.16832089e-05  1.62166780e-05
    2.19022917e-05  1.70224985e-05]
  [ 3.00000006e+00  3.00000008e+00  3.00000002e+00  3.00000005e+00
    3.00000011e+00  3.00000006e+00  3.00000011e+00  3.00000004e+00
    3.00000006e+00  3.00000000e+00]
  [-2.76589697e+00 -2.75193254e+00 -2.76589661e+00 -2.76589650e+00
   -1.04028132e+01 -2.75193325e+00 -2.76589651e+00 -1.04028216e+01
   -1.04028803e+01 -3.72429839e+00]]

 [[ 1.13870060e-02  1.43464594e-02  7.69533921e-03  1.60932301e-02
    1.37545174e-02  1.40922535e-02  1.74684777e-02  1.33388892e-02
    1.08631887e-02  5.26225460e-03]
  [ 3.00000879e+00  3.00001859e+00  3.00000830e+00  3.00002063e+00
    3.00000668e+00  3.00008418e+00  3.00000942e+00  3.00001502e+00
    3.00000638e+00  3.00002150e+00]
  [-5.12689485e+00 -1.03913861e+01 -2.75120786e+00 -2.75161508e+00
   -1.83749641e+00 -1.03921194e+01 -1.03968877e+01 -2.76547179e+00
   -1.83744353e+00 -1.03922119e+01]]

 [[ 1.54939569e-02  1.41782621e-02  1.39818624e-02  1.35852302e-02
    1.16365005e-02  1.35864232e-02  1.15787892e-02  1.33779356e-02
    1.60117733e-02  1.47293541e-02]
  [ 3.00000746e+00  3.00004364e+00  3.00001274e+00  3.00000020e+00
    3.00002094e+00  3.00002476e+00  3.00000131e+00  3.00004702e+00
    3.00001163e+00  3.00001351e+00]
  [-2.75154201e+00 -1.03957682e+01 -1.83748853e+00 -1.03953113e+01
   -1.03873787e+01 -1.03974119e+01 -1.03873156e+01 -2.75040506e+00
   -2.75156107e+00 -2.75145442e+00]]

 [[ 8.71623316e-03  1.29415048e-02  1.39617982e-02  1.44015582e-02
    1.27279277e-02  9.14752456e-03  1.24132168e-02  1.07318993e-02
    1.21176811e-02  1.34441623e-02]
  [ 3.00003589e+00  3.00001635e+00  3.00014296e+00  3.00003186e+00
    3.00000874e+00  3.00001661e+00  3.00000515e+00  3.00004475e+00
    3.00006930e+00  3.00001869e+00]
  [-5.12680410e+00 -2.76500013e+00 -5.08344326e+00 -1.03911464e+01
   -2.75141016e+00 -1.03873059e+01 -5.12656210e+00 -1.03820077e+01
   -1.03892467e+01 -1.03954848e+01]]

 [[ 6.89254557e-02  7.07718755e-02  7.09100173e-02  5.20422071e-02
    5.41798598e-02  4.62582363e-02  4.73897770e-02  6.96155930e-02
    4.57324564e-02  7.03770081e-02]
  [ 3.00012431e+00  3.00038451e+00  3.00010345e+00  3.00005422e+00
    3.00010044e+00  3.00010394e+00  3.00012516e+00  3.00021440e+00
    3.00006574e+00  3.00001639e+00]
  [-1.03775557e+01 -2.76512249e+00 -5.12510471e+00 -1.03077584e+01
   -1.03380756e+01 -2.76235952e+00 -1.03830391e+01 -2.74936129e+00
   -1.03699476e+01 -1.03501101e+01]]

 [[ 8.48490448e-02  4.00549046e-02  4.17548563e-02  6.20381086e-02
    7.35553158e-02  5.05666937e-02  5.51597339e-02  6.41475037e-02
    6.28815896e-02  5.14569655e-02]
  [ 3.00018881e+00  3.00059969e+00  3.00000956e+00  3.00009597e+00
    3.00023562e+00  3.00003287e+00  3.00012376e+00  3.00001140e+00
    3.00010580e+00  3.00001803e+00]
  [-1.02983306e+01 -2.74751584e+00 -1.03999327e+01 -2.76342630e+00
   -1.03455318e+01 -1.03578564e+01 -1.03815305e+01 -2.74782902e+00
   -1.03837482e+01 -1.03737362e+01]]

 [[ 7.38744877e-02  3.72231031e-02  6.23797222e-02  2.80954803e-02
    6.11731132e-02  4.89966257e-02  4.80165553e-02  5.97506851e-02
    4.71788488e-02  5.29896901e-02]
  [ 3.00021789e+00  3.00002405e+00  3.00004100e+00  3.00008714e+00
    3.00039915e+00  3.00037373e+00  3.00008915e+00  3.00005574e+00
    3.00000617e+00  3.00018400e+00]
  [-5.07512295e+00 -1.03722010e+01 -1.03457593e+01 -3.71340308e+00
   -1.03298534e+01 -1.03546549e+01 -1.03667208e+01 -2.76406588e+00
   -5.12665408e+00 -1.03743405e+01]]

 [[ 1.48745100e-01  1.93957921e-01  1.41674336e-01  1.86575601e-01
    1.87833776e-01  1.48566272e-01  8.90981634e-02  1.57411041e-01
    1.67137206e-01  1.66559731e-01]
  [ 3.00066665e+00  3.00007917e+00  3.00000573e+00  3.00018457e+00
    3.00014308e+00  3.00015198e+00  3.00143775e+00  3.00062409e+00
    3.00002682e+00  3.00012726e+00]
  [-1.02093961e+01 -1.03320009e+01 -1.02308551e+01 -5.10398429e+00
   -1.03021222e+01 -1.02977515e+01 -1.02891477e+01 -1.02998092e+01
   -1.01888122e+01 -5.06068903e+00]]

 [[ 1.52989580e-01  2.01994771e-01  2.13664429e-01  9.02526119e-02
    1.42770143e-01  1.37596753e-01  1.87197299e-01  6.78209395e-02
    5.06474382e-02  1.34274370e-01]
  [ 3.00089495e+00  3.00009096e+00  3.00032894e+00  3.00011139e+00
    3.00046770e+00  3.00004048e+00  3.00016121e+00  3.00004879e+00
    3.00012452e+00  3.00065187e+00]
  [-1.03110188e+01 -2.76164801e+00 -1.02897255e+01 -1.03009647e+01
   -1.02725704e+01 -1.02370930e+01 -2.75980792e+00 -2.75142882e+00
   -1.02885301e+01 -1.03113211e+01]]

 [[ 1.17486038e-01  1.45373033e-01  2.47776712e-01  1.61592808e-01
    1.72928693e-01  1.57833632e-01  1.87411775e-01  1.78439105e-01
    1.47323594e-01  1.48316814e-01]
  [ 3.00004111e+00  3.00059602e+00  3.00041178e+00  3.00047943e+00
    3.00035961e+00  3.00032911e+00  3.00112754e+00  3.00033689e+00
    3.00008113e+00  3.00052160e+00]
  [-1.03767059e+01 -5.05866520e+00 -2.74136305e+00 -1.02324818e+01
   -1.02500780e+01 -1.03525537e+01 -1.03754474e+01 -2.76417350e+00
   -1.03198356e+01 -1.01801462e+01]]

 [[ 7.32507432e-01  8.21728706e-01  8.35143950e-01  6.56400795e-01
    6.80402444e-01  9.51554311e-01  7.31712492e-01  1.01857212e+00
    6.38217127e-01  9.88615496e-01]
  [ 3.00116729e+00  3.00261082e+00  3.00396934e+00  3.00029406e+00
    3.00310194e+00  3.01411021e+00  3.00410350e+00  3.00026575e+00
    3.00019136e+00  3.00212445e+00]
  [-9.85724499e+00 -9.54344479e+00 -9.94330152e+00 -9.81094763e+00
   -1.01140574e+01 -9.94303020e+00 -1.01408753e+01 -4.95373514e+00
   -9.49329375e+00 -9.68338193e+00]]

 [[ 8.30469568e-01  9.28438297e-01  5.86938647e-01  5.63572493e-01
    7.96835724e-01  7.93752567e-01  6.15606438e-01  6.39118294e-01
    9.88192616e-01  3.81062875e-01]
  [ 3.00139489e+00  3.00376862e+00  3.00185736e+00  3.00106477e+00
    3.00008490e+00  3.00048792e+00  3.00015723e+00  3.00058019e+00
    3.00190005e+00  3.00012809e+00]
  [-5.07941951e+00 -9.47629706e+00 -9.61149665e+00 -4.96027287e+00
   -4.97538788e+00 -9.85911759e+00 -1.02363687e+01 -1.00608892e+01
   -8.94113141e+00 -9.99638474e+00]]

 [[ 9.05029183e-01  9.92402605e-01  4.99854820e-01  7.70691934e-01
    9.31607771e-01  9.54756302e-01  8.50000560e-01  9.51330725e-01
    8.79453325e-01  4.47712035e-01]
  [ 3.00240885e+00  3.00256456e+00  3.00016287e+00  3.00066096e+00
    3.00086133e+00  3.00128447e+00  3.00031990e+00  3.00272946e+00
    3.00338197e+00  3.00015663e+00]
  [-2.72220960e+00 -9.76842233e+00 -9.46088462e+00 -9.68723306e+00
   -5.01880718e+00 -1.01974680e+01 -2.73402089e+00 -2.73396096e+00
   -2.74200461e+00 -2.72615804e+00]]

 [[ 4.10430960e+00  5.91419612e+00  4.26645682e+00  5.98926838e+00
    4.76017698e+00  4.93019587e+00  5.91971207e+00  6.54474150e+00
    6.34225135e+00  3.74343970e+00]
  [ 3.01523862e+00  3.00774587e+00  3.00529151e+00  3.00917782e+00
    3.00320293e+00  3.02147171e+00  3.00993396e+00  3.06328669e+00
    3.02442792e+00  3.01434625e+00]
  [-8.90742784e+00 -8.27396917e+00 -6.23600855e+00 -9.61788084e+00
   -7.35889250e+00 -7.26238279e+00 -8.53498607e+00 -7.08355414e+00
   -6.50757357e+00 -9.08873004e+00]]

 [[ 5.79844167e+00  5.99621669e+00  5.33840624e+00  3.39863401e+00
    6.67898867e+00  2.76884767e+00  4.97288084e+00  4.90816923e+00
    4.66259653e+00  4.37553756e+00]
  [ 3.00758523e+00  3.02275279e+00  3.00670993e+00  3.00212461e+00
    3.01635127e+00  3.00183027e+00  3.01654371e+00  3.00397614e+00
    3.00056358e+00  3.00384159e+00]
  [-6.39927921e+00 -7.39224833e+00 -7.61255452e+00 -7.91641472e+00
   -7.76705454e+00 -9.39345666e+00 -8.89554681e+00 -6.68925751e+00
   -7.99766804e+00 -9.21678816e+00]]

 [[ 6.60878880e+00  4.46295549e+00  4.10164421e+00  4.82854858e+00
    5.15969420e+00  3.38479007e+00  4.16740085e+00  5.06934118e+00
    3.53067266e+00  6.35633175e+00]
  [ 3.01477786e+00  3.00032274e+00  3.00550325e+00  3.00269100e+00
    3.00088702e+00  3.00121899e+00  3.01216016e+00  3.03283289e+00
    3.01851103e+00  3.00998355e+00]
  [-6.94323000e+00 -6.77120804e+00 -6.98628398e+00 -8.88097427e+00
   -9.35495012e+00 -5.62622373e+00 -6.69894622e+00 -7.30463033e+00
   -8.28690547e+00 -8.95244530e+00]]]